Z	A	FPS	Yield	Uncertainty	Z	A	FPS	Yield	Uncertainty
25	66	0	6.97001E-13	4.4608E-13	25	67	0	1.35E-13	8.64001E-14
25	68	0	1.01E-14	6.46401E-15	26	66	0	2.57E-10	1.6448E-10
26	67	0	1.13E-10	7.23201E-11	26	68	0	6.08001E-11	3.8912E-11
26	69	0	1.23E-11	7.87201E-12	26	70	0	1.74E-12	1.1136E-12
26	71	0	9.67001E-14	6.18881E-14	27	66	0	3.23E-10	2.0672E-10
27	67	0	8.12001E-10	5.1968E-10	27	68	0	8.95001E-10	5.728E-10
27	69	0	1.24E-9	7.93601E-10	27	70	0	4.09E-10	2.6176E-10
27	71	0	1.71E-10	1.0944E-10	27	72	0	2.9E-11	1.856E-11
27	73	0	2.19E-12	1.4016E-12	27	74	0	7.12001E-14	4.5568E-14
27	77	0	5.35121E-18	3.42477E-18	28	66	0	2.71E-10	1.7344E-10
28	67	0	1.21E-9	7.74401E-10	28	68	0	7.02001E-9	4.4928E-9
28	69	0	1.83E-8	1.1712E-8	28	70	0	3.57E-8	2.2848E-8
28	71	0	3.28E-8	2.0992E-8	28	72	0	3.94E-8	2.5216E-8
28	73	0	7.05001E-9	4.512E-9	28	74	0	1.74E-9	1.1136E-9
28	75	0	2.39E-10	1.5296E-10	28	76	0	2.67E-11	1.7088E-11
28	77	0	1.3E-12	8.31997E-13	28	78	0	3.69E-14	2.3616E-14
28	79	0	3.51154E-15	2.24738E-15	29	66	0	7.76001E-13	4.9664E-13
29	67	0	2.23E-11	1.4272E-11	29	68	0	7.68001E-11	4.9152E-11
29	68	1	1.79E-10	1.1456E-10	29	69	0	3.8E-9	2.432E-9
29	70	0	3.24E-9	2.0736E-9	29	70	1	9.71001E-9	6.21441E-9
29	71	0	6.54001E-8	4.1856E-8	29	72	0	1.53E-7	9.79201E-8
29	73	0	1.68E-7	1.0752E-7	29	74	0	9.47001E-8	6.06081E-8
29	75	0	9.42001E-8	6.02881E-8	29	76	0	2.53E-8	1.6192E-8
29	77	0	9.43001E-9	6.03521E-9	29	78	0	6.72001E-10	4.3008E-10
29	79	0	3.75997E-10	2.40638E-10	29	80	0	9.89001E-12	6.32961E-12
29	81	0	2.02E-13	1.2928E-13	30	67	0	5.02E-14	3.2128E-14
30	68	0	4.04E-12	2.5856E-12	30	69	0	2.61E-11	1.6704E-11
30	69	1	1.11E-10	7.10401E-11	30	70	0	2.91E-9	1.8624E-9
30	71	0	5.49E-9	3.5136E-9	30	71	1	2.34E-8	1.4976E-8
30	72	0	3.73E-7	2.3872E-7	30	73	0	7.18001E-7	4.5952E-7
30	74	0	2.28E-6	1.4592E-6	30	75	0	4.59E-6	2.9376E-6
30	76	0	7.86001E-6	5.0304E-6	30	77	0	6.87001E-6	4.3968E-6
30	78	0	3.48E-6	2.2272E-6	30	79	0	4.74E-6	3.0336E-6
30	80	0	9.31001E-7	5.95841E-7	30	81	0	4.78E-8	3.0592E-8
30	82	0	1.28E-9	8.19201E-10	30	83	0	8.55001E-12	5.472E-12
30	84	0	4.96E-14	3.1744E-14	30	85	0	8.79752E-16	5.63041E-16
31	69	0	3.65E-14	2.336E-14	31	70	0	1.84E-12	1.1776E-12
31	71	0	1.3E-10	8.32001E-11	31	72	1	1.855E-9	1.1872E-9
31	72	0	1.855E-9	1.1872E-9	31	73	0	4.27E-8	2.7328E-8
31	74	1	1.285E-7	8.22401E-8	31	74	0	1.285E-7	8.22401E-8
31	75	0	2.81E-6	1.7984E-6	31	76	0	8.51001E-6	5.4464E-6
31	77	0	4.343E-5	2.77952E-5	31	78	0	4.486E-5	2.87104E-5
31	79	0	4.0211E-4	2.57351E-4	31	80	0	1.8272E-4	1.16941E-4
31	81	0	6.76101E-5	4.32704E-5	31	82	0	4.44E-6	2.8416E-6
31	83	0	2.32E-7	1.4848E-7	31	84	0	3.4E-9	2.176E-9
31	85	0	9.41992E-11	6.02875E-11	31	86	0	5.76E-13	3.6864E-13
31	87	0	1.10317E-14	7.0603E-15	32	71	0	3.13E-14	2.0032E-14
32	71	1	3.13E-14	2.0032E-14	32	72	0	1.35E-11	8.64001E-12
32	73	0	2.94E-10	1.8816E-10	32	73	1	6.89001E-11	4.4096E-11
32	74	0	1.51E-8	9.66401E-9	32	75	0	4.58E-8	2.9312E-8
32	75	1	3.07E-7	1.9648E-7	32	76	0	6.15001E-6	3.936E-6
32	77	0	5.017E-5	3.21088E-5	32	77	1	7.50001E-6	4.8E-6
32	78	0	3.1345E-4	2.00608E-4	32	79	1	0.00254391	0.0016281
32	79	0	0.00254391	0.0016281	32	80	0	0.0135566	0.0043381
32	81	0	0.010572	0.00338305	32	82	0	0.00470041	0.00300826
32	83	0	5.99371E-4	3.83597E-4	32	84	0	6.42001E-5	4.1088E-5
32	85	0	4.24E-6	2.7136E-6	32	86	0	1.96E-7	1.2544E-7
32	87	0	2.67999E-9	1.71519E-9	32	88	0	2.64E-11	1.6896E-11
32	89	0	1.18608E-13	7.5909E-14	32	90	0	1.33145E-14	8.52129E-15
33	73	0	2.03E-14	1.2992E-14	33	74	0	6.43001E-13	4.1152E-13
33	74	1	1.5E-12	9.60001E-13	33	75	0	3.72E-10	2.3808E-10
33	76	0	1.48E-8	9.47201E-9	33	77	0	9.33001E-7	5.97121E-7
33	78	0	1.011E-5	6.47041E-6	33	79	0	9.11741E-4	5.83514E-4
33	80	0	0.00426691	0.00273082	33	81	0	0.0176672	0.00565351
33	82	0	0.00732244	0.00468636	33	82	1	0.00732238	0.00468632
33	83	0	0.0117246	0.00375186	33	84	1	0.00136608	8.74292E-4
33	84	0	0.00136608	8.74292E-4	33	85	0	0.00120457	7.70925E-4
33	86	0	1.3291E-4	8.50625E-5	33	87	0	1.344E-5	8.60161E-6
33	88	0	3.29E-7	2.1056E-7	33	89	0	1.26999E-8	8.12793E-9
33	90	0	1.04814E-9	6.70808E-10	33	91	0	8.9324E-13	5.71674E-13
33	92	0	1.06527E-14	6.8177E-15	34	75	0	3.89E-14	2.4896E-14
34	76	0	1.15E-11	7.36001E-12	34	77	0	2.36E-10	1.5104E-10
34	77	1	1.58E-9	1.0112E-9	34	78	0	1.39E-7	8.89601E-8
34	79	0	2.425E-5	1.552E-5	34	79	1	3.62E-6	2.3168E-6
34	80	0	8.18761E-4	5.24007E-4	34	81	0	8.48451E-4	5.43008E-4
34	81	1	0.00567807	0.00255513	34	82	0	0.0292578	0.013166
34	83	0	0.0341061	0.0109139	34	83	1	0.00800012	0.00512007
34	84	0	0.0529832	0.0121861	34	85	0	0.0219353	0.0070193
34	85	1	0.0219296	0.00701749	34	86	0	0.0304164	0.00973326
34	87	0	0.00686137	0.00439127	34	88	0	0.00118358	7.57492E-4
34	89	0	1.1071E-4	7.08545E-5	34	90	0	8.10896E-6	5.18973E-6
34	91	0	2.16999E-7	1.3888E-7	34	92	0	3.51999E-9	2.2528E-9
34	93	0	4.18396E-12	2.67773E-12	34	94	0	1.06E-13	6.78401E-14
34	95	0	6.41891E-15	4.1081E-15	35	77	1	1.68E-14	1.0752E-14
35	78	0	4.16E-12	2.6624E-12	35	79	0	1.42E-9	9.08801E-10
35	79	1	4.74E-9	3.0336E-9	35	80	0	1.08E-7	6.91201E-8
35	80	1	3.24E-7	2.0736E-7	35	81	0	2.378E-5	1.52192E-5
35	82	0	1.6189E-4	1.0361E-4	35	82	1	6.93801E-5	4.44032E-5
35	83	0	0.00208248	0.00133279	35	84	0	0.00176	0.0011264
35	84	1	0.00312913	0.00200264	35	85	0	0.0207869	0.00665182
35	86	0	0.0126622	0.00405189	35	86	1	0.0126558	0.00404986
35	87	0	0.0317716	0.0101669	35	88	0	0.0109423	0.00350154
35	89	0	0.00663706	0.00424772	35	90	0	0.00111	7.10401E-4
35	91	0	2.1298E-4	1.36307E-4	35	92	0	8.75001E-6	5.6E-6
35	93	0	4.47996E-7	2.86718E-7	35	94	0	5.15E-9	3.296E-9
35	95	0	6.87303E-10	4.39874E-10	35	96	0	5.31E-13	3.3984E-13
35	97	0	8.1503E-15	5.21619E-15	36	79	1	6.35001E-14	4.064E-14
36	79	0	6.35001E-14	4.064E-14	36	80	0	6.73001E-11	4.3072E-11
36	81	0	7.99001E-9	5.1136E-9	36	81	1	1.19E-9	7.61601E-10
36	82	0	6.52001E-7	4.1728E-7	36	83	0	1.157E-5	7.40481E-6
36	83	1	2.72E-6	1.7408E-6	36	84	0	2.2643E-4	1.44915E-4
36	85	0	0.00158588	0.00101496	36	85	1	3.72E-4	2.3808E-4
36	86	0	0.0139685	0.00446991	36	87	0	0.0315961	0.0101107
36	88	0	0.0571521	0.0182887	36	89	0	0.0615201	0.0141496
36	90	0	0.0598032	0.019137	36	91	0	0.0237196	0.00759028
36	92	0	0.00672691	0.00430522	36	93	0	8.03231E-4	5.14068E-4
36	94	0	6.95201E-5	4.44928E-5	36	95	0	3.90932E-6	2.50196E-6
36	96	0	1.39E-7	8.89601E-8	36	97	0	1.97999E-9	1.2672E-9
36	98	0	1.1E-11	7.04001E-12	37	81	0	2.09E-14	1.3376E-14
37	83	0	6.40001E-10	4.096E-10	37	84	0	2.49E-8	1.5936E-8
37	85	0	1.5E-6	9.60001E-7	37	86	1	1.232E-5	7.88481E-6
37	86	0	1.232E-5	7.88481E-6	37	87	0	3.6834E-4	2.35738E-4
37	88	0	0.00135854	8.69466E-4	37	89	0	0.00811373	0.00519279
37	90	0	0.00269288	0.00172344	37	90	1	0.0114799	0.00367358
37	91	0	0.0296481	0.0094874	37	92	0	0.0158743	0.00507976
37	93	0	0.0113029	0.00361694	37	94	0	0.00216527	0.00138577
37	95	0	8.33071E-4	5.33165E-4	37	96	0	7.27301E-5	4.65472E-5
37	97	0	7.65001E-6	4.896E-6	37	98	0	1.1E-7	7.04001E-8
37	99	0	6.13246E-14	3.92477E-14	37	101	0	3.81207E-16	2.43972E-16
37	102	0	2.09832E-17	1.34293E-17	37	103	0	5.29175E-17	3.38672E-17
37	104	0	2.19106E-14	1.40228E-14	37	105	0	1.76112E-15	1.12712E-15
38	84	0	7.66001E-13	4.9024E-13	38	85	1	5.55E-11	3.552E-11
38	85	0	5.55E-11	3.552E-11	38	86	0	1.37E-8	8.76801E-9
38	87	0	4.04E-7	2.5856E-7	38	87	1	9.47001E-8	6.06081E-8
38	88	0	1.307E-5	8.36481E-6	38	89	0	1.8106E-4	1.15878E-4
38	90	0	0.0019718	0.00126195	38	91	0	0.00809955	0.00518371
38	92	0	0.0244779	0.00783292	38	93	0	0.0304737	0.00975158
38	94	0	0.0322118	0.0103078	38	95	0	0.0235243	0.00752776
38	96	0	0.0131399	0.00420476	38	97	0	0.00304888	0.00195128
38	98	0	3.1807E-4	2.03565E-4	38	99	0	1.85E-6	1.184E-6
38	100	0	1.6E-7	1.024E-7	38	101	0	1.15E-8	7.36001E-9
38	102	0	8.61001E-10	5.5104E-10	38	103	0	1.59638E-9	1.02168E-9
38	104	0	7.23998E-9	4.63359E-9	38	105	0	4.27838E-10	2.73816E-10
38	106	0	1.57443E-14	1.00764E-14	38	107	0	7.37175E-16	4.71792E-16
39	87	0	4.11E-12	2.6304E-12	39	88	0	2.69E-10	1.7216E-10
39	89	0	5.0E-9	3.2E-9	39	89	1	2.13E-8	1.3632E-8
39	90	1	3.35E-7	2.144E-7	39	90	0	3.35E-7	2.144E-7
39	91	1	1.039E-5	6.64961E-6	39	91	0	1.039E-5	6.64961E-6
39	92	0	1.4354E-4	9.18657E-5	39	93	1	5.52195E-4	3.53405E-4
39	93	0	5.52195E-4	3.53405E-4	39	94	0	0.00227562	0.0014564
39	95	0	0.00887951	0.00568288	39	96	0	8.93501E-4	5.7184E-4
39	96	1	0.0080414	0.00514649	39	97	1	0.00569697	0.00364606
39	97	0	0.00569697	0.00364606	39	98	0	0.00120838	7.73364E-4
39	98	1	0.00120838	7.73364E-4	39	99	0	0.00166713	0.00106696
39	100	0	2.903E-4	1.85792E-4	39	101	0	1.4109E-4	9.02977E-5
39	102	0	2.235E-5	1.4304E-5	39	103	0	8.90841E-6	5.70138E-6
39	104	0	5.29E-6	3.3856E-6	39	105	0	1.07258E-6	6.86449E-7
39	106	0	1.23941E-9	7.93225E-10	39	107	0	7.89328E-11	5.0517E-11
39	108	0	9.44213E-15	6.04296E-15	39	109	0	1.05207E-16	6.73326E-17
40	89	0	3.72E-13	2.3808E-13	40	90	1	3.585E-11	2.2944E-11
40	90	0	3.585E-11	2.2944E-11	40	91	0	5.53E-9	3.5392E-9
40	92	0	2.91E-7	1.8624E-7	40	93	0	5.31E-6	3.3984E-6
40	94	0	7.74301E-5	4.95552E-5	40	95	0	6.45421E-4	4.13069E-4
40	96	0	0.00398521	0.00255054	40	97	0	0.00929596	0.00594941
40	98	0	0.0106919	0.00342141	40	99	0	0.0125203	0.00287967
40	100	0	0.00889268	0.0040017	40	101	0	0.0067262	0.00302679
40	102	0	0.00516504	0.00232427	40	103	0	0.00384075	0.00245808
40	104	0	0.00129572	8.29262E-4	40	105	0	1.67817E-4	1.07403E-4
40	106	0	9.58877E-6	6.13681E-6	40	107	0	4.48963E-7	2.87336E-7
40	108	0	3.11999E-9	1.9968E-9	40	109	0	2.55585E-11	1.63575E-11
40	110	0	4.57E-14	2.9248E-14	40	111	0	3.51316E-16	2.24842E-16
41	92	0	1.19E-12	7.61601E-13	41	93	0	1.32E-10	8.44801E-11
41	93	1	3.1E-11	1.984E-11	41	94	0	3.6E-9	2.304E-9
41	94	1	2.5E-9	1.6E-9	41	95	0	2.98E-7	1.9072E-7
41	95	1	7.00001E-8	4.48E-8	41	96	0	5.5E-6	3.52E-6
41	97	0	6.83501E-5	4.3744E-5	41	97	1	1.603E-5	1.02592E-5
41	98	0	1.5706E-4	1.00518E-4	41	98	1	5.235E-5	3.3504E-5
41	99	0	1.364E-5	8.72961E-6	41	99	1	1.5688E-4	1.00403E-4
41	100	0	9.28301E-5	5.94113E-5	41	100	1	9.28301E-5	5.94113E-5
41	101	0	6.25431E-4	4.00276E-4	41	102	1	3.1332E-4	2.00525E-4
41	102	0	3.1332E-4	2.00525E-4	41	103	0	0.00183528	0.00117458
41	104	1	5.7156E-4	3.65799E-4	41	104	0	5.7156E-4	3.65799E-4
41	105	0	0.00110132	7.04845E-4	41	106	0	1.6712E-4	1.06957E-4
41	107	0	3.0961E-5	1.9815E-5	41	108	0	1.58E-6	1.0112E-6
41	109	0	6.40745E-8	4.10077E-8	41	110	0	7.72001E-10	4.9408E-10
41	111	0	3.76171E-11	2.40749E-11	41	112	0	1.52829E-14	9.78107E-15
41	113	0	3.4139E-16	2.1849E-16	42	94	0	1.33E-13	8.51201E-14
42	95	0	2.03E-11	1.2992E-11	42	96	0	2.36E-9	1.5104E-9
42	97	0	8.83001E-8	5.6512E-8	42	98	0	1.63E-6	1.0432E-6
42	99	0	7.97001E-9	5.1008E-9	42	100	0	5.49E-8	3.5136E-8
42	101	0	4.07E-7	2.6048E-7	42	102	0	2.43E-6	1.5552E-6
42	103	0	1.436E-5	9.19041E-6	42	104	0	6.69791E-4	4.28666E-4
42	105	0	0.00150078	9.605E-4	42	106	0	0.00149077	9.54094E-4
42	107	0	6.90351E-4	4.41824E-4	42	108	0	2.7599E-4	1.76634E-4
42	109	0	3.274E-5	2.09536E-5	42	110	0	3.72E-6	2.3808E-6
42	111	0	2.13963E-7	1.36936E-7	42	112	0	5.04999E-9	3.23199E-9
42	113	0	8.29356E-11	5.30788E-11	42	114	0	3.61E-13	2.3104E-13
42	115	0	9.17691E-16	5.87322E-16	43	97	1	2.795E-13	1.7888E-13
43	97	0	2.795E-13	1.7888E-13	43	98	0	2.68E-11	1.7152E-11
43	101	0	3.01E-14	1.9264E-14	43	102	0	1.98E-13	1.2672E-13
43	102	1	1.98E-13	1.2672E-13	43	103	0	1.67E-11	1.0688E-11
43	104	0	1.27E-6	8.12801E-7	43	105	0	2.515E-5	1.6096E-5
43	106	0	6.42501E-5	4.112E-5	43	107	0	2.0755E-4	1.32832E-4
43	108	0	1.8233E-4	1.16691E-4	43	109	0	1.516E-4	9.70241E-5
43	110	0	4.479E-5	2.86656E-5	43	111	0	2.169E-5	1.38816E-5
43	112	0	1.59E-6	1.0176E-6	43	113	0	2.07917E-7	1.33067E-7
43	114	0	3.21E-9	2.0544E-9	43	115	0	9.82614E-11	6.28873E-11
43	116	0	5.88001E-13	3.7632E-13	43	117	0	4.61027E-15	2.95057E-15
43	118	0	8.50397E-17	5.44254E-17	44	104	0	7.59001E-10	4.8576E-10
44	105	0	5.08E-8	3.2512E-8	44	106	0	1.21E-6	7.74401E-7
44	107	0	1.159E-5	7.41761E-6	44	108	0	7.88801E-5	5.04832E-5
44	109	1	7.56401E-5	4.84096E-5	44	109	0	7.56401E-5	4.84096E-5
44	110	0	2.9555E-4	1.89152E-4	44	111	0	3.1944E-4	2.04442E-4
44	112	0	1.799E-4	1.15136E-4	44	113	0	6.27401E-5	4.01536E-5
44	114	0	8.32001E-6	5.3248E-6	44	115	0	5.58902E-7	3.57697E-7
44	116	0	3.66E-8	2.3424E-8	44	117	0	1.12E-9	7.16798E-10
44	118	0	2.80999E-11	1.7984E-11	44	119	0	2.09E-13	1.3376E-13
44	121	0	1.47559E-17	9.44379E-18	45	105	0	5.42E-13	3.4688E-13
45	105	1	8.10001E-14	5.184E-14	45	106	0	2.32E-11	1.4848E-11
45	106	1	2.32E-11	1.4848E-11	45	107	0	4.96E-9	3.1744E-9
45	108	0	5.25E-8	3.36E-8	45	108	1	5.25E-8	3.36E-8
45	109	0	8.79001E-7	5.6256E-7	45	109	1	8.79001E-7	5.6256E-7
45	110	0	4.48E-6	2.8672E-6	45	110	1	4.48E-6	2.8672E-6
45	111	0	6.61501E-5	4.2336E-5	45	112	0	8.19101E-5	5.24224E-5
45	113	0	1.8407E-4	1.17805E-4	45	114	0	5.736E-5	3.67104E-5
45	115	0	2.917E-5	1.86688E-5	45	116	0	4.83E-6	3.0912E-6
45	117	0	1.18E-6	7.55201E-7	45	118	0	7.53001E-8	4.8192E-8
45	119	0	4.53E-9	2.8992E-9	45	120	0	7.05001E-11	4.512E-11
45	121	0	1.57999E-12	1.01119E-12	46	107	0	7.07001E-14	4.5248E-14
46	107	1	1.31E-13	8.38401E-14	46	108	0	4.34E-11	2.7776E-11
46	109	0	8.32001E-10	5.3248E-10	46	109	1	1.55E-9	9.92001E-10
46	110	0	1.15E-7	7.36001E-8	46	111	0	8.38001E-7	5.3632E-7
46	111	1	1.56E-6	9.98401E-7	46	112	0	2.371E-5	1.51744E-5
46	113	0	1.1911E-4	7.62305E-5	46	114	0	2.3317E-4	1.49229E-4
46	115	0	2.4297E-4	1.55501E-4	46	116	0	2.5241E-4	1.61543E-4
46	117	0	1.408E-4	9.01121E-5	46	118	0	6.21401E-5	3.97696E-5
46	119	0	9.39001E-6	6.00961E-6	46	120	0	1.15E-6	7.36001E-7
46	121	0	7.10001E-8	4.544E-8	46	122	0	2.1E-9	1.344E-9
46	123	0	2.96E-11	1.8944E-11	47	109	1	1.025E-14	6.56001E-15
47	109	0	1.025E-14	6.56001E-15	47	110	0	9.56001E-13	6.11841E-13
47	110	1	2.23E-12	1.4272E-12	47	111	0	8.27001E-11	5.2928E-11
47	111	1	5.53E-10	3.5392E-10	47	112	0	1.99E-8	1.2736E-8
47	113	0	1.09E-7	6.97601E-8	47	113	1	7.26001E-7	4.6464E-7
47	114	0	4.15E-6	2.656E-6	47	115	0	1.445E-5	9.24801E-6
47	115	1	1.445E-5	9.24801E-6	47	116	0	2.907E-5	1.86048E-5
47	116	1	2.907E-5	1.86048E-5	47	117	0	9.32301E-5	5.96673E-5
47	117	1	9.32301E-5	5.96673E-5	47	118	0	7.79801E-5	4.99072E-5
47	118	1	7.79801E-5	4.99072E-5	47	119	0	1.506E-4	9.63841E-5
47	120	1	2.1205E-5	1.35712E-5	47	120	0	2.1205E-5	1.35712E-5
47	121	0	2.017E-5	1.29088E-5	47	122	1	8.25001E-7	5.28E-7
47	122	0	8.25001E-7	5.28E-7	47	123	0	2.08E-7	1.3312E-7
47	124	0	1.5E-12	9.60001E-13	47	125	0	1.44E-13	9.21601E-14
47	129	0	2.89377E-12	1.85201E-12	47	130	0	1.03E-13	6.59201E-14
47	131	0	2.91023E-15	1.86255E-15	48	111	1	1.22E-14	7.80801E-15
48	112	0	5.06E-12	3.2384E-12	48	113	0	1.5E-10	9.60001E-11
48	113	1	5.01E-10	3.2064E-10	48	114	0	2.89E-8	1.8496E-8
48	115	0	1.26E-7	8.06401E-8	48	115	1	4.21E-7	2.6944E-7
48	116	0	7.82001E-6	5.0048E-6	48	117	0	1.245E-5	7.96801E-6
48	117	1	4.168E-5	2.66752E-5	48	118	0	2.5498E-4	1.63187E-4
48	119	0	2.2786E-4	1.45831E-4	48	119	1	2.2786E-4	1.45831E-4
48	120	0	7.32511E-4	4.68807E-4	48	121	1	3.67375E-4	2.3512E-4
48	121	0	3.67375E-4	2.3512E-4	48	122	0	4.3273E-4	2.76947E-4
48	123	0	1.4598E-4	9.34273E-5	48	124	0	4.08E-6	2.6112E-6
48	125	0	7.98001E-7	5.1072E-7	48	126	0	1.61E-7	1.0304E-7
48	127	0	2.34E-8	1.4976E-8	48	128	0	2.81E-9	1.7984E-9
48	129	0	7.02998E-7	4.49919E-7	48	130	0	3.94E-8	2.5216E-8
48	131	0	7.06998E-10	4.52479E-10	48	132	0	7.44001E-12	4.7616E-12
48	133	0	4.00651E-14	2.56417E-14	49	114	0	1.06E-13	6.78401E-14
49	114	1	3.19E-13	2.0416E-13	49	115	0	5.84001E-11	3.7376E-11
49	115	1	1.37E-11	8.76801E-12	49	116	2	9.26667E-10	5.93067E-10
49	116	0	9.26667E-10	5.93067E-10	49	116	1	9.26667E-10	5.93067E-10
49	117	0	1.21E-7	7.74401E-8	49	117	1	2.83E-8	1.8112E-8
49	118	2	1.995E-7	1.2768E-7	49	118	0	1.2E-6	7.68001E-7
49	118	1	1.995E-7	1.2768E-7	49	119	0	1.514E-5	9.68961E-6
49	119	1	3.55E-6	2.272E-6	49	120	2	1.99667E-5	1.27787E-5
49	120	0	1.99667E-5	1.27787E-5	49	120	1	1.99667E-5	1.27787E-5
49	121	0	2.82E-4	1.8048E-4	49	121	1	6.61501E-5	4.2336E-5
49	122	2	1.34913E-4	8.63446E-5	49	122	0	1.34913E-4	8.63446E-5
49	122	1	1.34913E-4	8.63446E-5	49	123	0	7.24201E-4	4.63488E-4
49	123	1	1.6987E-4	1.08717E-4	49	124	1	2.5488E-4	1.63123E-4
49	124	0	2.5488E-4	1.63123E-4	49	125	0	2.6851E-4	1.71847E-4
49	125	1	2.6851E-4	1.71847E-4	49	126	1	1.0828E-4	6.92993E-5
49	126	0	1.0828E-4	6.92993E-5	49	127	0	9.06701E-5	5.80288E-5
49	127	1	9.06701E-5	5.80288E-5	49	128	1	2.4815E-5	1.58816E-5
49	128	0	2.4815E-5	1.58816E-5	49	129	0	1.1135E-4	7.12641E-5
49	129	1	1.1135E-4	7.12641E-5	49	130	2	9.96001E-6	6.37441E-6
49	130	1	9.96001E-6	6.37441E-6	49	130	0	9.96001E-6	6.37441E-6
49	131	1	1.98E-6	1.2672E-6	49	131	0	1.98E-6	1.2672E-6
49	132	0	1.08E-7	6.91201E-8	49	133	0	4.28996E-9	2.74558E-9
49	134	0	4.24E-11	2.7136E-11	49	135	0	4.65144E-13	2.97692E-13
50	116	0	2.86E-13	1.8304E-13	50	117	1	2.14E-11	1.3696E-11
50	117	0	2.14E-11	1.3696E-11	50	118	0	3.48E-9	2.2272E-9
50	119	0	2.38E-8	1.5232E-8	50	119	1	7.98001E-8	5.1072E-8
50	120	0	2.42E-6	1.5488E-6	50	121	0	9.51001E-6	6.08641E-6
50	121	1	2.328E-5	1.48992E-5	50	122	0	2.5179E-4	1.61146E-4
50	123	0	8.19201E-4	5.24288E-4	50	123	1	3.346E-4	2.14144E-4
50	124	0	0.00261752	0.00167521	50	125	0	0.00346129	0.00110761
50	125	1	9.65981E-4	6.18228E-4	50	126	0	0.00538406	0.0017229
50	127	0	0.00434791	0.00278266	50	127	1	0.00178092	0.00113979
50	128	1	0.00420219	0.0026894	50	128	0	0.00420219	0.0026894
50	129	0	0.00634045	0.00405789	50	129	1	0.0025896	0.00165735
50	130	1	0.00378579	0.00242291	50	130	0	0.00378579	0.00242291
50	131	1	0.00112444	7.19639E-4	50	131	0	0.00112444	7.19639E-4
50	132	0	4.4943E-4	2.87635E-4	50	133	0	4.657E-5	2.98048E-5
50	134	0	3.56E-6	2.2784E-6	50	135	0	1.13E-7	7.23198E-8
50	136	0	1.96E-9	1.2544E-9	50	137	0	1.07E-11	6.84801E-12
50	138	0	5.12E-14	3.2768E-14	51	119	0	3.71E-12	2.3744E-12
51	120	0	9.41001E-11	6.02241E-11	51	120	1	1.35E-10	8.64001E-11
51	121	0	2.51E-8	1.6064E-8	51	122	0	2.4E-7	1.536E-7
51	122	1	2.71E-7	1.7344E-7	51	123	0	1.806E-5	1.15584E-5
51	124	2	1.94667E-6	1.24587E-6	51	124	0	1.94667E-6	1.24587E-6
51	124	1	1.94667E-6	1.24587E-6	51	125	0	3.558E-5	2.27712E-5
51	126	2	2.838E-5	1.81632E-5	51	126	0	3.333E-5	2.13312E-5
51	126	1	2.838E-5	1.81632E-5	51	127	0	4.2127E-4	2.69613E-4
51	128	0	2.9846E-4	1.91015E-4	51	128	1	5.0818E-4	3.25235E-4
51	129	0	0.00465448	0.00297887	51	130	0	0.00254506	0.00162884
51	130	1	0.00433348	0.00277343	51	131	0	0.0114261	0.00365635
51	132	0	0.00275043	0.00176028	51	132	1	0.00199169	0.00127468
51	133	0	0.00343926	0.00220113	51	134	1	3.13835E-4	2.00855E-4
51	134	0	3.13835E-4	2.00855E-4	51	135	0	1.4799E-4	9.47137E-5
51	136	0	6.83001E-6	4.3712E-6	51	137	0	2.9E-7	1.856E-7
51	138	0	3.65E-9	2.336E-9	51	139	0	7.41001E-11	4.7424E-11
51	140	0	4.50922E-13	2.8859E-13	51	141	0	1.49522E-14	9.56943E-15
52	121	1	9.35001E-13	5.98401E-13	52	121	0	9.35001E-13	5.98401E-13
52	122	0	3.3E-10	2.112E-10	52	123	0	7.80001E-9	4.992E-9
52	123	1	2.61E-8	1.6704E-8	52	124	0	1.01E-10	6.46401E-11
52	125	0	2.81E-10	1.7984E-10	52	125	1	9.42001E-10	6.02881E-10
52	126	0	1.97E-8	1.2608E-8	52	127	0	5.17E-8	3.3088E-8
52	127	1	1.26E-7	8.06401E-8	52	128	0	2.18E-6	1.3952E-6
52	129	0	1.3859E-4	8.86977E-5	52	129	1	3.393E-4	2.17152E-4
52	130	0	0.00415256	0.00265764	52	131	0	0.00360319	0.00230604
52	131	1	0.00882162	0.00564584	52	132	0	0.027907	0.00306977
52	133	0	0.0111896	0.00358067	52	133	1	0.0273953	0.00876648
52	134	0	0.0422826	0.0135304	52	135	0	0.0216131	0.00691621
52	136	0	0.00722062	0.00462119	52	137	0	7.48921E-4	4.79309E-4
52	138	0	7.13901E-5	4.56896E-5	52	139	0	3.73E-6	2.3872E-6
52	140	0	1.49E-7	9.53598E-8	52	141	0	3.63242E-9	2.32475E-9
52	142	0	9.64001E-12	6.16961E-12	52	143	0	8.44965E-14	5.40777E-14
53	123	0	3.93E-13	2.5152E-13	53	128	0	2.4E-13	1.536E-13
53	129	0	4.07E-7	2.6048E-7	53	130	0	5.69E-6	3.6416E-6
53	130	1	2.44E-6	1.5616E-6	53	131	0	1.5948E-4	1.02067E-4
53	132	1	3.8961E-4	2.49351E-4	53	132	0	3.8961E-4	2.49351E-4
53	133	1	0.00307721	0.00196941	53	133	0	0.00307721	0.00196941
53	134	0	0.00708924	0.00453711	53	134	1	0.00513365	0.00328554
53	135	0	0.0340547	0.0108975	53	136	0	0.0112484	0.00359949
53	136	1	0.0112385	0.00359631	53	137	0	0.0146498	0.00468795
53	138	0	0.00314609	0.0020135	53	139	0	0.00118226	7.56647E-4
53	140	0	1.1716E-4	7.49825E-5	53	141	0	9.10638E-6	5.82808E-6
53	142	0	1.63E-7	1.0432E-7	53	143	0	9.04744E-9	5.79036E-9
53	144	0	7.6566E-12	4.90022E-12	53	145	0	1.30487E-13	8.35118E-14
53	146	0	4.50922E-16	2.8859E-16	54	129	1	1.695E-11	1.0848E-11
54	129	0	1.695E-11	1.0848E-11	54	130	0	5.06E-9	3.2384E-9
54	131	0	7.01001E-8	4.4864E-8	54	131	1	1.72E-7	1.1008E-7
54	132	0	8.65001E-6	5.536E-6	54	133	0	4.785E-5	3.0624E-5
54	133	1	1.1715E-4	7.49761E-5	54	134	0	6.39121E-4	4.09037E-4
54	134	1	0.00149127	9.54414E-4	54	135	0	0.00343753	0.00220002
54	135	1	0.00841522	0.00538574	54	136	0	0.0449445	0.0143823
54	137	0	0.0525661	0.0168212	54	138	0	0.0630704	0.0201825
54	139	0	0.0474038	0.0151692	54	140	0	0.0307214	0.00983084
54	141	0	0.00575436	0.00368279	54	142	0	7.83771E-4	5.01613E-4
54	143	1	2.57305E-5	1.64675E-5	54	143	0	2.57305E-5	1.64675E-5
54	144	0	2.52999E-6	1.6192E-6	54	145	0	3.16999E-8	2.02879E-8
54	146	0	1.49E-10	9.53598E-11	54	147	0	2.39683E-14	1.53397E-14
55	131	0	2.23E-12	1.4272E-12	55	132	0	2.07E-10	1.3248E-10
55	133	0	3.15E-8	2.016E-8	55	134	1	5.05E-7	3.232E-7
55	134	0	5.05E-7	3.232E-7	55	135	1	2.0145E-5	1.28928E-5
55	135	0	2.0145E-5	1.28928E-5	55	136	1	4.969E-4	3.18016E-4
55	136	0	4.969E-4	3.18016E-4	55	137	0	0.00260087	0.00166456
55	138	0	0.00298637	0.00191128	55	138	1	0.00298643	0.00191132
55	139	0	0.0244584	0.00782668	55	140	0	0.0287355	0.00919535
55	141	0	0.0320912	0.0102692	55	142	0	0.00944347	0.00604382
55	143	0	0.00437119	0.00279756	55	144	0	5.3313E-4	3.41203E-4
55	145	0	5.021E-5	3.21344E-5	55	146	0	6.26001E-7	4.0064E-7
55	147	0	2.5664E-9	1.6425E-9	55	148	0	1.04E-11	6.65601E-12
55	149	0	1.61771E-14	1.03534E-14	55	151	0	9.88062E-19	6.3236E-19
56	133	0	5.58E-13	3.5712E-13	56	134	0	1.4E-10	8.96001E-11
56	135	1	7.20001E-9	4.608E-9	56	135	0	7.20001E-9	4.608E-9
56	136	1	5.0E-7	3.2E-7	56	136	0	5.0E-7	3.2E-7
56	137	0	5.2E-6	3.328E-6	56	137	1	1.273E-5	8.14721E-6
56	138	0	2.8619E-4	1.83162E-4	56	139	0	0.00253694	0.00162364
56	140	0	0.0178747	0.00571991	56	141	0	0.0380204	0.0121665
56	142	0	0.0622889	0.0199325	56	143	0	0.0553085	0.0176987
56	144	0	0.0422027	0.0135049	56	145	0	0.00870013	0.00556808
56	146	0	7.91151E-4	5.06336E-4	56	147	0	1.45974E-5	9.34237E-6
56	148	0	2.36E-7	1.5104E-7	56	149	0	3.92999E-9	2.51519E-9
56	150	0	3.21E-11	2.0544E-11	56	151	0	2.40035E-13	1.53622E-13
56	153	0	9.26448E-19	5.92927E-19	57	135	0	3.04E-14	1.9456E-14
57	137	0	8.03001E-10	5.1392E-10	57	138	0	3.26E-8	2.0864E-8
57	139	0	2.16E-6	1.3824E-6	57	140	0	3.643E-5	2.33152E-5
57	141	0	5.39E-4	3.4496E-4	57	142	0	0.0018894	0.00120922
57	143	0	0.0099126	0.00634406	57	144	0	0.0140577	0.00449845
57	145	0	0.0158735	0.00507951	57	146	1	0.0014407	9.22049E-4
57	146	0	0.0014407	9.22049E-4	57	147	0	3.373E-4	2.15872E-4
57	148	0	1.196E-5	7.65441E-6	57	149	0	1.39E-6	8.89601E-7
57	150	0	2.72E-8	1.7408E-8	57	151	0	6.0176E-10	3.85127E-10
57	152	0	5.86001E-12	3.7504E-12	57	153	0	9.91992E-14	6.34875E-14
57	155	0	1.10729E-18	7.08665E-19	58	138	0	1.04E-12	6.65601E-13
58	139	0	5.22E-11	3.3408E-11	58	139	1	1.28E-10	8.19201E-11
58	140	0	2.35E-8	1.504E-8	58	141	0	9.08001E-7	5.81121E-7
58	142	0	2.415E-5	1.5456E-5	58	143	0	3.0305E-4	1.93952E-4
58	144	0	0.00287468	0.0018398	58	145	0	0.00641331	0.00410452
58	146	0	0.00663851	0.00424864	58	147	0	0.00140071	8.96455E-4
58	148	0	2.7059E-4	1.73178E-4	58	149	0	6.12801E-5	3.92192E-5
58	150	0	7.62001E-6	4.8768E-6	58	151	0	3.8E-7	2.432E-7
58	152	0	2.53E-8	1.6192E-8	58	153	0	1.04E-9	6.65601E-10
58	154	0	3.16E-11	2.0224E-11	58	155	0	2.68999E-13	1.72159E-13
59	140	0	2.96E-14	1.8944E-14	59	141	0	9.41001E-12	6.02241E-12
59	142	1	3.36E-10	2.1504E-10	59	142	0	3.36E-10	2.1504E-10
59	143	0	6.71001E-8	4.2944E-8	59	144	0	1.63E-7	1.0432E-7
59	144	1	1.47E-6	9.40801E-7	59	145	0	2.593E-5	1.65952E-5
59	146	0	6.18801E-5	3.96032E-5	59	147	0	8.06701E-5	5.16288E-5
59	148	1	1.438E-5	9.20321E-6	59	148	0	1.438E-5	9.20321E-6
59	149	0	3.442E-5	2.20288E-5	59	150	0	7.56001E-6	4.8384E-6
59	151	0	2.12E-6	1.3568E-6	59	152	0	2.76E-7	1.7664E-7
59	153	0	7.41001E-8	4.7424E-8	59	154	0	4.99E-9	3.1936E-9
59	155	0	2.95E-10	1.888E-10	59	156	0	8.01001E-12	5.1264E-12
59	157	0	1.42E-13	9.08801E-14	60	143	0	1.38E-12	8.83201E-13
60	144	0	2.74E-10	1.7536E-10	60	145	0	1.12E-8	7.16801E-9
60	146	0	2.09E-7	1.3376E-7	60	147	0	6.61001E-7	4.2304E-7
60	148	0	1.58E-6	1.0112E-6	60	149	0	3.93E-6	2.5152E-6
60	150	0	4.99E-6	3.1936E-6	60	151	0	2.51E-6	1.6064E-6
60	152	0	1.67E-6	1.0688E-6	60	153	0	8.07001E-7	5.1648E-7
60	154	0	3.05E-7	1.952E-7	60	155	0	3.63E-8	2.3232E-8
60	156	0	6.61001E-9	4.2304E-9	60	157	0	2.64E-10	1.6896E-10
60	158	0	1.16E-11	7.42401E-12	60	159	0	2.51E-13	1.6064E-13
61	145	0	2.85E-14	1.824E-14	61	146	0	1.45E-12	9.28001E-13
61	147	0	3.62E-11	2.3168E-11	61	148	0	6.26001E-11	4.0064E-11
61	148	1	1.46E-10	9.34401E-11	61	149	0	3.73E-9	2.3872E-9
61	150	0	1.09E-8	6.97601E-9	61	151	0	3.56E-8	2.2784E-8
61	152	2	1.54E-8	9.85601E-9	61	152	0	1.54E-8	9.85601E-9
61	152	1	1.54E-8	9.85601E-9	61	153	0	1.25E-7	8.00001E-8
61	154	0	4.05E-8	2.592E-8	61	154	1	4.05E-8	2.592E-8
61	155	0	4.95E-8	3.168E-8	61	156	0	1.66E-8	1.0624E-8
61	157	0	3.83E-9	2.4512E-9	61	158	0	3.49E-10	2.2336E-10
61	159	0	5.16E-11	3.3024E-11	61	160	0	3.28E-13	2.0992E-13
61	161	0	2.42E-14	1.5488E-14	62	149	0	3.48E-13	2.2272E-13
62	150	0	7.55001E-12	4.832E-12	62	151	0	6.00001E-11	3.84E-11
62	152	0	5.31E-10	3.3984E-10	62	153	0	3.22E-9	2.0608E-9
62	154	0	1.28E-8	8.19201E-9	62	155	0	1.48E-8	9.47201E-9
62	156	0	2.71E-8	1.7344E-8	62	157	0	1.07E-8	6.84801E-9
62	158	0	5.04E-9	3.2256E-9	62	159	0	1.41E-9	9.02401E-10
62	160	0	5.36E-11	3.4304E-11	62	161	0	8.67001E-12	5.5488E-12
62	162	0	9.27001E-13	5.93281E-13	62	163	0	3.09E-14	1.9776E-14
63	153	0	5.93001E-13	3.7952E-13	63	154	1	2.72E-12	1.7408E-12
63	154	0	2.72E-12	1.7408E-12	63	155	0	4.23E-11	2.7072E-11
63	156	0	1.7E-10	1.088E-10	63	157	0	3.98E-10	2.5472E-10
63	158	0	3.45E-10	2.208E-10	63	159	0	5.19E-10	3.3216E-10
63	160	0	3.34E-11	2.1376E-11	63	161	0	2.96E-11	1.8944E-11
63	162	0	5.99001E-12	3.8336E-12	63	163	0	1.23E-12	7.87201E-13
63	164	0	1.35E-13	8.64001E-14	63	165	0	2.06E-14	1.3184E-14
64	155	0	1.26E-14	8.06401E-15	64	156	0	3.71E-13	2.3744E-13
64	157	0	1.98E-12	1.2672E-12	64	158	0	1.14E-11	7.29601E-12
64	159	0	3.65E-11	2.336E-11	64	160	0	1.36E-11	8.70401E-12
64	161	0	2.21E-11	1.4144E-11	64	162	0	2.3E-11	1.472E-11
64	163	0	8.08001E-12	5.1712E-12	64	164	0	5.0E-12	3.2E-12
64	165	0	1.49E-12	9.53601E-13	64	166	0	2.52E-13	1.6128E-13
64	167	0	2.39E-14	1.5296E-14	65	159	0	2.01E-14	1.2864E-14
65	160	0	1.69E-14	1.0816E-14	65	161	0	1.84E-13	1.1776E-13
65	162	0	1.92E-13	1.2288E-13	65	162	1	1.92E-13	1.2288E-13
65	163	0	7.57001E-13	4.8448E-13	65	164	0	8.42001E-13	5.3888E-13
65	165	0	1.28E-12	8.19201E-13	65	166	0	3.78E-13	2.4192E-13
65	167	0	2.08E-13	1.3312E-13	65	168	0	2.88E-14	1.8432E-14
66	163	0	1.09E-14	6.97601E-15	66	164	0	7.90001E-14	5.056E-14
66	165	0	2.04E-13	1.3056E-13	66	165	1	3.05E-14	1.952E-14
66	166	0	3.78E-13	2.4192E-13	66	167	0	3.66E-13	2.3424E-13
66	168	0	2.61E-13	1.6704E-13	66	169	0	7.78001E-14	4.9792E-14
66	170	0	4.03E-14	2.5792E-14	67	168	0	1.11E-14	7.10401E-15
67	169	0	1.76E-14	1.1264E-14	67	171	0	1.55E-14	9.92001E-15