Z	A	FPS	Yield	Uncertainty	Z	A	FPS	Yield	Uncertainty
24	69	0	7.25255E-19	4.64163E-19	25	66	0	1.20001E-12	7.68004E-13
25	67	0	5.00003E-13	3.20002E-13	25	68	0	8.37004E-14	5.35683E-14
25	69	0	2.14994E-14	1.37596E-14	25	72	0	1.56155E-17	9.99395E-18
25	73	0	1.07998E-18	6.91185E-19	26	66	0	1.79001E-10	1.14561E-10
26	67	0	1.46001E-10	9.34405E-11	26	68	0	1.30001E-10	8.32004E-11
26	69	0	7.06004E-11	4.51842E-11	26	70	0	2.41001E-11	1.54241E-11
26	71	0	6.60003E-12	4.22402E-12	26	72	0	1.34999E-12	8.63995E-13
26	73	0	6.90993E-14	4.42235E-14	26	75	0	7.18509E-17	4.59846E-17
27	66	0	7.39004E-11	4.72962E-11	27	67	0	2.68001E-10	1.71521E-10
27	68	0	4.31002E-10	2.75841E-10	27	69	0	1.16001E-9	7.42404E-10
27	70	0	8.12004E-10	5.19683E-10	27	71	0	1.24001E-9	7.93604E-10
27	72	0	5.62003E-10	3.59682E-10	27	73	0	1.74001E-10	1.11361E-10
27	74	0	1.68001E-11	1.07521E-11	27	75	0	2.12994E-12	1.36316E-12
27	76	0	1.02001E-13	6.52803E-14	27	77	0	1.15812E-14	7.41199E-15
27	78	0	1.07342E-15	6.86991E-16	28	66	0	4.80003E-11	3.07202E-11
28	67	0	3.02002E-10	1.93281E-10	28	68	0	2.11001E-9	1.35041E-9
28	69	0	9.54005E-9	6.10563E-9	28	70	0	3.12002E-8	1.99681E-8
28	71	0	9.03005E-8	5.77923E-8	28	72	0	2.13001E-7	1.36321E-7
28	73	0	1.43001E-7	9.15205E-8	28	74	0	8.07004E-8	5.16483E-8
28	75	0	2.35001E-8	1.50401E-8	28	76	0	6.67003E-9	4.26882E-9
28	77	0	7.40992E-10	4.74235E-10	28	78	0	9.27994E-11	5.93916E-11
28	79	0	6.71283E-13	4.29621E-13	28	80	0	3.89002E-14	2.48961E-14
29	66	0	7.27004E-14	4.65282E-14	29	67	0	2.37001E-12	1.51681E-12
29	68	0	9.42005E-12	6.02883E-12	29	68	1	2.20001E-11	1.40801E-11
29	69	0	6.60003E-10	4.22402E-10	29	70	0	9.45005E-10	6.04803E-10
29	70	1	2.83001E-9	1.81121E-9	29	71	0	4.88003E-8	3.12322E-8
29	72	0	2.01001E-7	1.28641E-7	29	73	0	6.60003E-7	4.22402E-7
29	74	0	7.49004E-7	4.79363E-7	29	75	0	1.20001E-6	7.68004E-7
29	76	0	7.30004E-7	4.67202E-7	29	77	0	4.81003E-7	3.07842E-7
29	78	0	1.35001E-7	8.64005E-8	29	79	0	1.98994E-8	1.27356E-8
29	80	0	7.74004E-10	4.95363E-10	29	81	0	5.02003E-11	3.21282E-11
29	82	0	8.80005E-13	5.63203E-13	29	83	0	1.96928E-14	1.26034E-14
30	68	0	4.96003E-13	3.17442E-13	30	69	0	4.05002E-12	2.59201E-12
30	69	1	1.72001E-11	1.10081E-11	30	70	0	6.39003E-10	4.08962E-10
30	71	0	2.99002E-9	1.91361E-9	30	71	1	1.27001E-8	8.12804E-9
30	72	0	3.03002E-7	1.93921E-7	30	73	0	1.76001E-6	1.12641E-6
30	74	0	9.20005E-6	5.88803E-6	30	75	0	2.70801E-5	1.73313E-5
30	76	0	8.06904E-5	5.16419E-5	30	77	0	1.09441E-4	7.0042E-5
30	78	0	1.68241E-4	1.07674E-4	30	79	0	5.38503E-5	3.44642E-5
30	80	0	1.21001E-5	7.74404E-6	30	81	0	1.78001E-6	1.13921E-6
30	82	0	1.79001E-7	1.14561E-7	30	83	0	1.25999E-9	8.06392E-10
30	84	0	6.08003E-11	3.89122E-11	30	85	0	3.67688E-13	2.3532E-13
31	70	0	2.17001E-13	1.38881E-13	31	71	0	2.99002E-11	1.91361E-11
31	72	1	5.95003E-10	3.80802E-10	31	72	0	5.95003E-10	3.80802E-10
31	73	0	3.66002E-8	2.34241E-8	31	74	1	1.82001E-7	1.16481E-7
31	74	0	1.82001E-7	1.16481E-7	31	75	0	5.03003E-6	3.21922E-6
31	76	0	2.56801E-5	1.64353E-5	31	77	0	1.62241E-4	1.03834E-4
31	78	0	6.80854E-4	4.35746E-4	31	79	0	7.36684E-4	4.71478E-4
31	80	0	3.38462E-4	2.16616E-4	31	81	0	2.75971E-4	1.76622E-4
31	82	0	5.92403E-5	3.79138E-5	31	83	0	2.42001E-6	1.54881E-6
31	84	0	2.76001E-7	1.76641E-7	31	85	0	1.08997E-8	6.9758E-9
31	86	0	2.07001E-10	1.32481E-10	31	87	0	2.07868E-12	1.33036E-12
31	88	0	2.04737E-14	1.31032E-14	32	72	0	4.41002E-12	2.82241E-12
32	73	0	2.47001E-10	1.58081E-10	32	73	1	5.80003E-11	3.71202E-11
32	74	0	1.72001E-8	1.10081E-8	32	75	0	6.45003E-8	4.12802E-8
32	75	1	4.32002E-7	2.76481E-7	32	76	0	1.26101E-5	8.07044E-6
32	77	0	1.28311E-4	8.21188E-5	32	77	1	1.91701E-5	1.22689E-5
32	78	0	0.00168511	7.58299E-4	32	79	1	0.00163783	0.00104821
32	79	0	0.00163783	0.00104821	32	80	0	0.015279	0.00488929
32	81	0	0.01642	0.00525441	32	82	0	0.0118925	0.00380559
32	83	0	0.00154352	9.87852E-4	32	84	0	0.00102106	6.53475E-4
32	85	0	9.54805E-5	6.11075E-5	32	86	0	1.10701E-5	7.08484E-6
32	87	0	1.32999E-7	8.51191E-8	32	88	0	1.76999E-9	1.13279E-9
32	89	0	1.27847E-11	8.18223E-12	32	90	0	8.99203E-13	5.7549E-13
33	73	0	1.13001E-14	7.23204E-15	33	74	0	4.47002E-13	2.86081E-13
33	74	1	1.04001E-12	6.65603E-13	33	75	0	2.55001E-10	1.63201E-10
33	76	0	1.40001E-8	8.96005E-9	33	77	0	9.09005E-7	5.81763E-7
33	78	0	2.26501E-5	1.44961E-5	33	79	0	1.54871E-4	9.91173E-5
33	80	0	4.99633E-4	3.19765E-4	33	81	0	0.00570332	0.00365012
33	82	0	0.00707886	0.00453047	33	82	1	0.00707886	0.00453047
33	83	0	0.0176583	0.0040614	33	84	1	0.00363287	0.00232504
33	84	0	0.00363287	0.00232504	33	85	0	0.00276737	0.00177112
33	86	0	9.99365E-4	6.39594E-4	33	87	0	7.32304E-5	4.68674E-5
33	88	0	2.33001E-6	1.49121E-6	33	89	0	3.78989E-7	2.42553E-7
33	90	0	1.97278E-8	1.26258E-8	33	91	0	1.27378E-10	8.15219E-11
33	92	0	1.48059E-12	9.47574E-13	33	93	0	4.72821E-14	3.02605E-14
34	75	0	4.14002E-14	2.64961E-14	34	76	0	1.34001E-11	8.57604E-12
34	77	0	1.83001E-10	1.17121E-10	34	77	1	1.23001E-9	7.87204E-10
34	78	0	2.04001E-7	1.30561E-7	34	79	0	4.64002E-6	2.96962E-6
34	79	1	6.94004E-7	4.44162E-7	34	80	0	2.05571E-4	1.31565E-4
34	81	0	7.77304E-5	4.97475E-5	34	81	1	5.20193E-4	3.32923E-4
34	82	0	0.00842384	9.26623E-4	34	83	0	0.0260881	0.00208705
34	83	1	0.00611955	4.89564E-4	34	84	0	0.077845	0.0031138
34	85	0	0.036391	0.00218346	34	85	1	0.036391	0.0116451
34	86	0	0.0500287	0.0160092	34	87	0	0.0143043	0.00457739
34	88	0	0.00263835	0.00168855	34	89	0	9.90225E-4	6.33744E-4
34	90	0	6.15606E-5	3.93988E-5	34	91	0	8.14992E-6	5.21595E-6
34	92	0	1.27999E-7	8.19195E-8	34	93	0	3.02521E-9	1.93613E-9
34	94	0	1.77001E-11	1.13281E-11	34	95	0	1.88785E-13	1.20822E-13
35	77	1	1.02001E-14	6.52803E-15	35	78	0	4.38002E-12	2.80321E-12
35	79	0	1.55001E-10	9.92005E-11	35	79	1	5.19003E-10	3.32162E-10
35	80	0	1.44001E-8	9.21605E-9	35	80	1	4.32002E-8	2.76481E-8
35	81	0	2.82001E-6	1.80481E-6	35	82	0	2.95802E-5	1.89313E-5
35	82	1	1.26801E-5	8.11524E-6	35	83	0	5.27863E-4	3.37832E-4
35	84	0	0.00281135	8.99634E-4	35	84	1	0.0030999	2.47992E-4
35	85	0	0.0167888	0.0053724	35	86	0	0.00907838	5.44703E-4
35	86	1	0.0161393	0.00516459	35	87	0	0.0334014	0.00768233
35	88	0	0.0245559	0.00196447	35	89	0	0.0120891	0.0038685
35	90	0	0.00177712	0.00113736	35	91	0	0.00139444	8.9244E-4
35	92	0	4.97703E-5	3.1853E-5	35	93	0	3.23699E-6	2.07167E-6
35	94	0	1.02001E-7	6.52803E-8	35	95	0	5.59632E-9	3.58165E-9
35	96	0	1.94001E-11	1.24161E-11	35	97	0	2.20372E-13	1.41038E-13
35	98	0	9.27679E-16	5.93715E-16	36	79	1	1.29001E-14	8.25604E-15
36	79	0	1.29001E-14	8.25604E-15	36	80	0	1.32001E-11	8.44804E-12
36	81	0	1.28001E-9	8.19204E-10	36	81	1	1.91001E-10	1.22241E-10
36	82	0	1.24001E-7	7.93604E-8	36	83	0	2.76001E-6	1.76641E-6
36	83	1	6.48003E-7	4.14722E-7	36	84	0	9.45405E-5	6.05059E-5
36	85	0	8.18604E-4	5.23907E-4	36	85	1	1.92021E-4	1.22893E-4
36	86	0	0.00561298	0.00129099	36	87	0	0.0240097	0.00192078
36	88	0	0.0508981	0.00305389	36	89	0	0.0734833	0.00293933
36	90	0	0.0618507	0.00371104	36	91	0	0.0339611	0.00781106
36	92	0	0.0142884	0.00457229	36	93	0	0.00257328	0.0016469
36	94	0	4.72442E-4	3.02363E-4	36	95	0	1.29245E-5	8.27166E-6
36	96	0	1.31001E-6	8.38404E-7	36	97	0	1.40999E-8	9.02391E-9
36	98	0	8.01995E-11	5.13277E-11	37	83	0	9.68005E-11	6.19523E-11
37	84	0	6.27003E-9	4.01282E-9	37	85	0	4.14002E-7	2.64961E-7
37	86	1	3.03502E-6	1.94241E-6	37	86	0	3.03502E-6	1.94241E-6
37	87	0	1.23401E-4	7.89764E-5	37	88	0	0.00362774	0.00232175
37	89	0	0.00531122	0.00122158	37	90	0	0.00340609	0.0021799
37	90	1	0.0145207	0.00232331	37	91	0	0.0246473	0.00566888
37	92	0	0.0197571	0.00632226	37	93	0	0.012365	0.0039568
37	94	0	0.00319008	0.00204165	37	95	0	6.61523E-4	4.23375E-4
37	96	0	1.47991E-4	9.47141E-5	37	97	0	9.48005E-6	6.06723E-6
37	98	0	1.25001E-7	8.00004E-8	37	99	0	1.28808E-14	8.24372E-15
37	101	0	8.42861E-18	5.39431E-18	37	102	0	2.2688E-19	1.45203E-19
37	104	0	2.42908E-14	1.55461E-14	37	105	0	1.62237E-15	1.03831E-15
38	84	0	3.27002E-13	2.09281E-13	38	85	1	2.66001E-11	1.70241E-11
38	85	0	2.66001E-11	1.70241E-11	38	86	0	4.77002E-9	3.05282E-9
38	87	0	1.91001E-7	1.22241E-7	38	87	1	4.48002E-8	2.86722E-8
38	88	0	7.82004E-6	5.00483E-6	38	89	0	1.11711E-4	7.14948E-5
38	90	0	0.00231642	0.00148251	38	91	0	0.00613841	9.82146E-4
38	92	0	0.0252422	0.00201937	38	93	0	0.0326421	0.00195853
38	94	0	0.0361576	0.00831626	38	95	0	0.0160009	0.00368021
38	96	0	0.00617738	0.00395352	38	97	0	0.00125913	8.05841E-4
38	98	0	1.65451E-4	1.05889E-4	38	99	0	3.79002E-7	2.42561E-7
38	100	0	9.45005E-9	6.04803E-9	38	101	0	2.48001E-10	1.58721E-10
38	102	0	9.02005E-12	5.77283E-12	38	103	0	4.54066E-15	2.90602E-15
38	104	0	2.09999E-9	1.34399E-9	38	105	0	1.03802E-10	6.64336E-11
38	106	0	2.90583E-14	1.85973E-14	38	107	0	1.57498E-15	1.00798E-15
39	87	0	1.87001E-12	1.19681E-12	39	88	0	1.52001E-10	9.72805E-11
39	89	0	2.59001E-9	1.65761E-9	39	89	1	1.11001E-8	7.10404E-9
39	90	1	1.65501E-7	1.05921E-7	39	90	0	1.65501E-7	1.05921E-7
39	91	1	5.11503E-6	3.27362E-6	39	91	0	5.11503E-6	3.27362E-6
39	92	0	8.84505E-5	5.66083E-5	39	93	1	3.56672E-4	2.2827E-4
39	93	0	3.56672E-4	2.2827E-4	39	94	0	0.00157089	0.00100537
39	95	0	0.00969285	0.00106621	39	96	0	5.50023E-4	3.52015E-4
39	96	1	0.00495021	0.00316813	39	97	1	0.00169588	0.00108537
39	97	0	0.00169588	0.00108537	39	98	0	2.37351E-4	1.51905E-4
39	98	1	2.37351E-4	1.51905E-4	39	99	0	1.58011E-4	1.01127E-4
39	100	0	9.80005E-6	6.27203E-6	39	101	0	1.87001E-6	1.19681E-6
39	102	0	1.81001E-7	1.15841E-7	39	103	0	6.19003E-8	3.96162E-8
39	104	0	3.49002E-7	2.23361E-7	39	105	0	1.11069E-7	7.10843E-8
39	106	0	6.37516E-10	4.0801E-10	39	107	0	4.66884E-11	2.98806E-11
39	108	0	8.13165E-14	5.20426E-14	39	109	0	1.57607E-15	1.00868E-15
40	89	0	5.05003E-13	3.23202E-13	40	90	1	3.91502E-11	2.50561E-11
40	90	0	3.91502E-11	2.50561E-11	40	91	0	5.58003E-9	3.57122E-9
40	92	0	3.04002E-7	1.94561E-7	40	93	0	5.40003E-6	3.45602E-6
40	94	0	5.58103E-5	3.57186E-5	40	95	0	4.23462E-4	2.71016E-4
40	96	0	0.00199003	3.18405E-4	40	97	0	0.00263701	2.10961E-4
40	98	0	0.0020443	9.19935E-4	40	99	0	0.00135635	8.68062E-4
40	100	0	3.46132E-4	2.21524E-4	40	101	0	1.21731E-4	7.79076E-5
40	102	0	5.98203E-5	3.8285E-5	40	103	0	4.41002E-5	2.82241E-5
40	104	0	5.66803E-5	3.62754E-5	40	105	0	1.06989E-5	6.84729E-6
40	106	0	1.98937E-6	1.2732E-6	40	107	0	1.07825E-7	6.90079E-8
40	108	0	7.02996E-9	4.49917E-9	40	109	0	1.0084E-10	6.45378E-11
40	110	0	1.61001E-12	1.03041E-12	40	111	0	9.34435E-15	5.98038E-15
40	112	0	5.91388E-16	3.78489E-16	41	91	0	1.32001E-14	8.44804E-15
41	92	0	1.71001E-12	1.09441E-12	41	93	0	1.64001E-10	1.04961E-10
41	93	1	3.84002E-11	2.45761E-11	41	94	0	2.75001E-9	1.76001E-9
41	94	1	1.91001E-9	1.22241E-9	41	95	0	1.75001E-7	1.12001E-7
41	95	1	4.11002E-8	2.63041E-8	41	96	0	1.70001E-6	1.08801E-6
41	97	0	1.38701E-5	8.87685E-6	41	97	1	3.25002E-6	2.08001E-6
41	98	0	1.97401E-5	1.26337E-5	41	98	1	6.58003E-6	4.21122E-6
41	99	0	7.28004E-7	4.65922E-7	41	99	1	8.37004E-6	5.35683E-6
41	100	0	2.20001E-6	1.40801E-6	41	100	1	2.20001E-6	1.40801E-6
41	101	0	7.21004E-6	4.61442E-6	41	102	1	2.74001E-6	1.75361E-6
41	102	0	2.74001E-6	1.75361E-6	41	103	0	1.54801E-5	9.90725E-6
41	104	1	1.26801E-5	8.11524E-6	41	104	0	1.26801E-5	8.11524E-6
41	105	0	2.77001E-5	1.77281E-5	41	106	0	1.21501E-5	7.77604E-6
41	107	0	4.81215E-6	3.07978E-6	41	108	0	7.45004E-7	4.76802E-7
41	109	0	1.079E-7	6.90558E-8	41	110	0	3.49002E-9	2.23361E-9
41	111	0	2.77003E-10	1.77282E-10	41	112	0	1.29746E-11	8.30373E-12
41	113	0	5.93944E-15	3.80124E-15	41	114	0	1.78133E-16	1.14005E-16
42	94	0	3.08002E-13	1.97121E-13	42	95	0	3.51002E-11	2.24641E-11
42	96	0	1.69001E-9	1.08161E-9	42	97	0	4.27002E-8	2.73281E-8
42	98	0	3.55002E-7	2.27201E-7	42	99	0	4.17002E-10	2.66881E-10
42	100	0	1.39001E-9	8.89605E-10	42	101	0	6.29003E-9	4.02562E-9
42	102	0	3.06002E-8	1.95841E-8	42	103	0	2.00001E-7	1.28001E-7
42	104	0	1.78801E-5	1.14433E-5	42	105	0	4.27502E-5	2.73601E-5
42	106	0	1.03181E-4	6.60355E-5	42	107	0	8.88105E-5	5.68387E-5
42	108	0	7.99404E-5	5.11619E-5	42	109	0	2.87902E-5	1.84257E-5
42	110	0	6.36003E-6	4.07042E-6	42	111	0	6.39726E-7	4.09425E-7
42	112	0	4.04872E-8	2.59118E-8	42	113	0	3.80018E-10	2.43212E-10
42	114	0	1.53999E-11	9.85594E-12	42	115	0	2.6135E-14	1.67264E-14
43	97	1	2.07501E-13	1.32801E-13	43	97	0	2.07501E-13	1.32801E-13
43	98	0	8.14004E-12	5.20963E-12	43	103	0	1.80001E-13	1.15201E-13
43	104	0	2.98002E-8	1.90721E-8	43	105	0	4.80003E-7	3.07202E-7
43	106	0	2.77001E-6	1.77281E-6	43	107	0	1.33501E-5	8.54404E-6
43	108	0	2.47801E-5	1.58593E-5	43	109	0	4.88803E-5	3.12834E-5
43	110	0	2.43301E-5	1.55713E-5	43	111	0	1.55601E-5	9.95845E-6
43	112	0	2.49001E-6	1.59361E-6	43	113	0	4.06622E-7	2.60238E-7
43	114	0	1.84001E-8	1.17761E-8	43	115	0	7.74742E-10	4.95835E-10
43	116	0	8.22004E-12	5.26083E-12	43	117	0	1.10967E-13	7.1019E-14
43	118	0	1.897E-15	1.21408E-15	44	104	0	4.39002E-11	2.80961E-11
44	105	0	2.04001E-9	1.30561E-9	44	106	0	8.50004E-8	5.44003E-8
44	107	0	1.04001E-6	6.65603E-7	44	108	0	1.18301E-5	7.57124E-6
44	109	1	2.53801E-5	1.62433E-5	44	109	0	2.53801E-5	1.62433E-5
44	110	0	1.36071E-4	8.70853E-5	44	111	0	1.81591E-4	1.16218E-4
44	112	0	1.63661E-4	1.04743E-4	44	113	0	6.23803E-5	3.99234E-5
44	114	0	1.89001E-5	1.20961E-5	44	115	0	1.78923E-6	1.14511E-6
44	116	0	1.47001E-7	9.40805E-8	44	117	0	7.09993E-9	4.54395E-9
44	118	0	1.63999E-10	1.04959E-10	44	119	0	1.08001E-12	6.91204E-13
44	121	0	4.82379E-17	3.08723E-17	45	105	0	3.28002E-14	2.09921E-14
45	106	0	2.34001E-12	1.49761E-12	45	106	1	2.34001E-12	1.49761E-12
45	107	0	4.12002E-10	2.63681E-10	45	108	0	6.35003E-9	4.06402E-9
45	108	1	6.35003E-9	4.06402E-9	45	109	0	1.82001E-7	1.16481E-7
45	109	1	1.82001E-7	1.16481E-7	45	110	0	1.17001E-6	7.48804E-7
45	110	1	1.17001E-6	7.48804E-7	45	111	0	1.78501E-5	1.14241E-5
45	112	0	3.25702E-5	2.08449E-5	45	113	0	6.52503E-5	4.17602E-5
45	114	0	4.32102E-5	2.76545E-5	45	115	0	2.38201E-5	1.52449E-5
45	116	0	4.65002E-6	2.97602E-6	45	117	0	1.52001E-6	9.72805E-7
45	118	0	9.16005E-8	5.86243E-8	45	119	0	4.06002E-9	2.59841E-9
45	120	0	6.23003E-11	3.98722E-11	45	121	0	1.42996E-12	9.15174E-13
45	122	0	1.14001E-14	7.29604E-15	46	107	0	1.79001E-14	1.14561E-14
46	107	1	3.33002E-14	2.13121E-14	46	108	0	1.18001E-11	7.55204E-12
46	109	0	3.33002E-10	2.13121E-10	46	109	1	6.18003E-10	3.95522E-10
46	110	0	4.32002E-8	2.76481E-8	46	111	0	3.00002E-7	1.92001E-7
46	111	1	5.57003E-7	3.56482E-7	46	112	0	9.59005E-6	6.13763E-6
46	113	0	4.18202E-5	2.67649E-5	46	114	0	1.51171E-4	9.67493E-5
46	115	0	1.63141E-4	1.0441E-4	46	116	0	1.68871E-4	1.08077E-4
46	117	0	1.24321E-4	7.95652E-5	46	118	0	4.58302E-5	2.93314E-5
46	119	0	4.89003E-6	3.12962E-6	46	120	0	4.88003E-7	3.12322E-7
46	121	0	2.88002E-8	1.84321E-8	46	122	0	1.50001E-9	9.60005E-10
46	123	0	2.36001E-11	1.51041E-11	47	109	1	5.25003E-15	3.36002E-15
47	109	0	5.25003E-15	3.36002E-15	47	110	0	4.15002E-13	2.65601E-13
47	110	1	9.68005E-13	6.19523E-13	47	111	0	2.63001E-11	1.68321E-11
47	111	1	1.76001E-10	1.12641E-10	47	112	0	5.91003E-9	3.78242E-9
47	113	0	2.25001E-8	1.44001E-8	47	113	1	1.51001E-7	9.66405E-8
47	114	0	1.54001E-6	9.85605E-7	47	115	0	4.66002E-6	2.98242E-6
47	115	1	4.66002E-6	2.98242E-6	47	116	0	9.71005E-6	6.21443E-6
47	116	1	9.71005E-6	6.21443E-6	47	117	0	3.73402E-5	2.38977E-5
47	117	1	3.73402E-5	2.38977E-5	47	118	0	2.11301E-5	1.35233E-5
47	118	1	2.11301E-5	1.35233E-5	47	119	0	3.19902E-5	2.04737E-5
47	120	1	3.57002E-6	2.28481E-6	47	120	0	3.57002E-6	2.28481E-6
47	121	0	2.60001E-6	1.66401E-6	47	122	1	1.62001E-7	1.03681E-7
47	122	0	1.62001E-7	1.03681E-7	47	123	0	3.26002E-8	2.08641E-8
47	124	0	3.25002E-13	2.08001E-13	47	125	0	1.28001E-14	8.19204E-15
47	129	0	7.06916E-18	4.52426E-18	47	130	0	7.83004E-12	5.01123E-12
47	131	0	3.36028E-13	2.15058E-13	47	132	0	9.27679E-15	5.93715E-15
48	111	1	1.13001E-14	7.23204E-15	48	112	0	3.12002E-12	1.99681E-12
48	113	0	5.77003E-11	3.69282E-11	48	113	1	1.93001E-10	1.23521E-10
48	114	0	1.61001E-8	1.03041E-8	48	115	0	5.57003E-8	3.56482E-8
48	115	1	1.86001E-7	1.19041E-7	48	116	0	3.10002E-6	1.98401E-6
48	117	0	6.18003E-6	3.95522E-6	48	117	1	2.07001E-5	1.32481E-5
48	118	0	8.08304E-5	5.17315E-5	48	119	0	5.83903E-5	3.73698E-5
48	119	1	5.83903E-5	3.73698E-5	48	120	0	1.30811E-4	8.37188E-5
48	121	1	4.84353E-5	3.09986E-5	48	121	0	4.84353E-5	3.09986E-5
48	122	0	6.68904E-5	4.28098E-5	48	123	0	1.51701E-5	9.70885E-6
48	124	0	5.01003E-7	3.20642E-7	48	125	0	4.29002E-8	2.74561E-8
48	126	0	2.44001E-8	1.56161E-8	48	127	0	6.83004E-9	4.37122E-9
48	128	0	1.16001E-9	7.42404E-10	48	129	0	2.08001E-10	1.33121E-10
48	130	0	4.18002E-7	2.67521E-7	48	131	0	2.14998E-8	1.37599E-8
48	132	0	8.01995E-10	5.13277E-10	48	133	0	7.18509E-12	4.59846E-12
48	134	0	1.31001E-13	8.38404E-14	49	114	0	7.07004E-14	4.52482E-14
49	114	1	2.12001E-13	1.35681E-13	49	115	0	2.40001E-11	1.53601E-11
49	115	1	5.62003E-12	3.59682E-12	49	116	2	3.28668E-10	2.10348E-10
49	116	0	3.28668E-10	2.10348E-10	49	116	1	3.28668E-10	2.10348E-10
49	117	0	4.70002E-8	3.00802E-8	49	117	1	1.10001E-8	7.04004E-9
49	118	2	3.68002E-8	2.35521E-8	49	118	0	2.21001E-7	1.41441E-7
49	118	1	3.68002E-8	2.35521E-8	49	119	0	2.77001E-6	1.77281E-6
49	119	1	6.49003E-7	4.15362E-7	49	120	2	2.58668E-6	1.65548E-6
49	120	0	2.58668E-6	1.65548E-6	49	120	1	2.58668E-6	1.65548E-6
49	121	0	2.33101E-5	1.49185E-5	49	121	1	5.47003E-6	3.50082E-6
49	122	2	1.23201E-5	7.88484E-6	49	122	0	1.23201E-5	7.88484E-6
49	122	1	1.23201E-5	7.88484E-6	49	123	0	3.42502E-5	2.19201E-5
49	123	1	8.03004E-6	5.13923E-6	49	124	1	1.05801E-5	6.77124E-6
49	124	0	1.05801E-5	6.77124E-6	49	125	0	4.39002E-6	2.80961E-6
49	125	1	4.39002E-6	2.80961E-6	49	126	1	4.86003E-6	3.11042E-6
49	126	0	4.86003E-6	3.11042E-6	49	127	0	7.15004E-6	4.57602E-6
49	127	1	7.15004E-6	4.57602E-6	49	128	1	2.50501E-6	1.60321E-6
49	128	0	2.50501E-6	1.60321E-6	49	129	0	2.88002E-6	1.84321E-6
49	129	1	2.88002E-6	1.84321E-6	49	130	2	1.25834E-5	8.05338E-6
49	130	1	1.25834E-5	8.05338E-6	49	130	0	1.25834E-5	8.05338E-6
49	131	1	5.55503E-6	3.55522E-6	49	131	0	5.55503E-6	3.55522E-6
49	132	0	9.91005E-7	6.34243E-7	49	133	0	2.12994E-7	1.36316E-7
49	134	0	2.78001E-9	1.77921E-9	49	135	0	4.03233E-11	2.58069E-11
49	136	0	2.73001E-13	1.74721E-13	50	116	0	2.58001E-13	1.65121E-13
50	117	1	2.10501E-11	1.34721E-11	50	117	0	2.10501E-11	1.34721E-11
50	118	0	1.46001E-9	9.34405E-10	50	119	0	9.61005E-9	6.15043E-9
50	119	1	3.22002E-8	2.06081E-8	50	120	0	5.83003E-7	3.73122E-7
50	121	0	1.40001E-6	8.96005E-7	50	121	1	3.42002E-6	2.18881E-6
50	122	0	3.24702E-5	2.07809E-5	50	123	0	5.01103E-5	3.20706E-5
50	123	1	2.04701E-5	1.31009E-5	50	124	0	8.93205E-5	5.71651E-5
50	125	0	3.36802E-5	2.15553E-5	50	125	1	1.37601E-5	8.80645E-6
50	126	0	1.79511E-4	1.14887E-4	50	127	0	2.59871E-4	1.66318E-4
50	127	1	1.06141E-4	6.793E-5	50	128	1	2.48481E-4	1.59028E-4
50	128	0	2.48481E-4	1.59028E-4	50	129	0	7.39554E-4	4.73314E-4
50	129	1	3.02072E-4	1.93326E-4	50	130	1	0.00145728	9.32658E-4
50	130	0	0.00145728	9.32658E-4	50	131	1	0.00102078	6.53299E-4
50	131	0	0.00102078	6.53299E-4	50	132	0	0.00105138	6.7288E-4
50	133	0	5.39483E-4	3.45269E-4	50	134	0	4.65002E-5	2.97602E-5
50	135	0	2.57997E-6	1.65118E-6	50	136	0	7.78004E-8	4.97923E-8
50	137	0	1.25001E-9	8.00004E-10	50	138	0	1.27001E-11	8.12804E-12
50	139	0	1.33919E-13	8.57083E-14	51	119	0	2.31001E-12	1.47841E-12
51	120	0	3.38002E-11	2.16321E-11	51	120	1	4.86003E-11	3.11042E-11
51	121	0	4.29002E-9	2.74561E-9	51	122	0	3.26002E-8	2.08641E-8
51	122	1	3.67002E-8	2.34881E-8	51	123	0	8.67005E-7	5.54883E-7
51	124	2	2.28001E-8	1.45921E-8	51	124	0	2.28001E-8	1.45921E-8
51	124	1	2.28001E-8	1.45921E-8	51	125	0	1.69001E-7	1.08161E-7
51	126	2	3.61002E-7	2.31041E-7	51	126	0	4.24002E-7	2.71361E-7
51	126	1	3.61002E-7	2.31041E-7	51	127	0	8.87005E-6	5.67683E-6
51	128	0	6.42003E-6	4.10882E-6	51	128	1	1.09301E-5	6.99524E-6
51	129	0	1.40321E-4	8.98053E-5	51	130	0	3.52432E-4	2.25556E-4
51	130	1	6.00083E-4	3.84053E-4	51	131	0	0.00250679	0.00112806
51	132	0	0.00586184	9.37895E-4	51	132	1	0.00103834	6.64535E-4
51	133	0	0.0069469	7.64159E-4	51	134	1	6.92494E-4	4.43196E-4
51	134	0	6.92494E-4	4.43196E-4	51	135	0	4.71422E-4	3.0171E-4
51	136	0	3.56502E-5	2.28161E-5	51	137	0	3.58002E-6	2.29121E-6
51	138	0	8.59004E-8	5.49763E-8	51	139	0	3.96989E-9	2.54073E-9
51	140	0	3.21565E-11	2.05801E-11	51	141	0	1.09566E-12	7.01222E-13
51	142	0	2.49849E-14	1.59903E-14	52	121	1	6.35003E-13	4.06402E-13
52	121	0	6.35003E-13	4.06402E-13	52	122	0	1.33001E-10	8.51204E-11
52	123	0	9.33005E-10	5.97123E-10	52	123	1	3.12002E-9	1.99681E-9
52	124	0	6.72004E-13	4.30082E-13	52	125	0	8.25004E-13	5.28003E-13
52	125	1	2.76001E-12	1.76641E-12	52	126	0	1.34001E-10	8.57604E-11
52	127	0	6.09003E-10	3.89762E-10	52	127	1	1.49001E-9	9.53605E-10
52	128	0	2.27001E-8	1.45281E-8	52	129	0	1.22001E-7	7.80804E-8
52	129	1	2.98002E-7	1.90721E-7	52	130	0	2.67171E-4	1.7099E-4
52	131	0	4.35282E-4	2.78581E-4	52	131	1	0.0010413	6.66429E-4
52	132	0	0.00399139	0.00179613	52	133	0	0.00872172	9.59389E-4
52	133	1	0.00815344	0.00187529	52	134	0	0.0475044	0.00190018
52	135	0	0.0332395	0.0106366	52	136	0	0.0148116	0.00473973
52	137	0	0.00333574	0.00213487	52	138	0	4.69952E-4	3.0077E-4
52	139	0	4.84603E-5	3.10146E-5	52	140	0	2.77998E-6	1.77919E-6
52	141	0	7.01027E-8	4.48657E-8	52	142	0	2.15999E-9	1.38239E-9
52	143	0	9.53547E-12	6.1027E-12	52	144	0	1.15401E-12	7.38567E-13
53	123	0	8.24004E-14	5.27363E-14	53	129	0	7.29004E-14	4.66562E-14
53	130	0	1.71001E-7	1.09441E-7	53	130	1	7.34004E-8	4.69762E-8
53	131	0	7.48004E-6	4.78723E-6	53	132	1	4.76202E-5	3.0477E-5
53	132	0	4.76202E-5	3.0477E-5	53	133	1	0.00263069	0.00168364
53	133	0	0.00263069	0.00168364	53	134	0	0.00266582	0.00170613
53	134	1	0.00718939	0.00165356	53	135	0	0.017457	0.00558625
53	136	0	0.00719802	0.00460673	53	136	1	0.0101506	0.00111657
53	137	0	0.0173089	0.00553885	53	138	0	0.00491747	0.00314718
53	139	0	0.00272398	0.00174335	53	140	0	3.35822E-4	2.14926E-4
53	141	0	7.50103E-5	4.80066E-5	53	142	0	3.36002E-6	2.15041E-6
53	143	0	2.82668E-7	1.80908E-7	53	144	0	2.5318E-8	1.62035E-8
53	145	0	3.84478E-11	2.46066E-11	53	146	0	8.08538E-13	5.17464E-13
53	147	0	1.65514E-13	1.05929E-13	54	130	0	1.92001E-10	1.22881E-10
54	131	0	2.93002E-9	1.87521E-9	54	131	1	7.17004E-9	4.58882E-9
54	132	0	1.02001E-6	6.52803E-7	54	133	0	9.83005E-6	6.29123E-6
54	133	1	2.40701E-5	1.54049E-5	54	134	0	2.44251E-4	1.56321E-4
54	134	1	5.69923E-4	3.64751E-4	54	135	0	0.00293682	0.00187956
54	135	1	0.00385702	0.00246849	54	136	0	0.0257965	0.00825489
54	137	0	0.0511307	0.00562438	54	138	0	0.0669982	0.00535986
54	139	0	0.0665935	0.00399561	54	140	0	0.0411237	0.0131596
54	141	0	0.0181782	0.00581703	54	142	0	0.00445158	0.00284901
54	143	1	3.26405E-4	2.08899E-4	54	143	0	3.26405E-4	2.08899E-4
54	144	0	7.90051E-5	5.05633E-5	54	145	0	2.45997E-6	1.57438E-6
54	146	0	6.98996E-8	4.47357E-8	54	147	0	1.059E-8	6.77758E-9
54	148	0	2.46001E-12	1.57441E-12	54	149	0	5.82562E-14	3.72839E-14
55	131	0	7.51004E-14	4.80643E-14	55	132	0	1.85001E-11	1.18401E-11
55	133	0	3.99002E-9	2.55361E-9	55	134	1	1.21501E-7	7.77604E-8
55	134	0	1.21501E-7	7.77604E-8	55	135	1	5.22003E-6	3.34082E-6
55	135	0	5.22003E-6	3.34082E-6	55	136	1	2.03346E-4	1.30141E-4
55	136	0	2.03346E-4	1.30141E-4	55	137	0	0.0011089	7.09693E-4
55	138	0	0.0014692	9.40287E-4	55	138	1	0.00490991	0.00112928
55	139	0	0.0143005	0.00457617	55	140	0	0.0182586	0.00584276
55	141	0	0.0284454	0.00910254	55	142	0	0.0127677	0.00408567
55	143	0	0.00948584	0.00607094	55	144	0	0.00242897	0.00155454
55	145	0	4.35232E-4	2.78549E-4	55	146	0	2.80901E-5	1.79777E-5
55	147	0	1.13313E-5	7.25205E-6	55	148	0	1.46001E-8	9.34405E-9
55	149	0	1.72694E-9	1.10524E-9	55	150	0	1.23001E-12	7.87204E-13
55	151	0	5.61839E-15	3.59577E-15	55	152	0	2.9843E-17	1.90995E-17
56	133	0	1.43001E-13	9.15205E-14	56	134	0	5.95003E-11	3.80802E-11
56	135	1	3.21002E-9	2.05441E-9	56	135	0	3.21002E-9	2.05441E-9
56	136	1	2.27001E-7	1.45281E-7	56	136	0	2.27001E-7	1.45281E-7
56	137	0	3.38002E-6	2.16321E-6	56	137	1	8.28004E-6	5.29923E-6
56	138	0	1.68391E-4	1.0777E-4	56	139	0	0.00145629	9.32024E-4
56	140	0	0.0196629	0.00452247	56	141	0	0.0277349	0.00637902
56	142	0	0.0549155	0.00439324	56	143	0	0.0686345	0.0109815
56	144	0	0.0834954	0.019204	56	145	0	0.029803	0.00953695
56	146	0	0.01032	0.00330241	56	147	0	0.0010915	6.98562E-4
56	148	0	7.00904E-5	4.48578E-5	56	149	0	3.98829E-6	2.55251E-6
56	150	0	8.59004E-8	5.49763E-8	56	151	0	3.59477E-10	2.30065E-10
56	152	0	2.57998E-12	1.65119E-12	56	153	0	1.69676E-15	1.08593E-15
57	135	0	1.62001E-14	1.03681E-14	57	137	0	4.94003E-10	3.16162E-10
57	138	0	1.66001E-8	1.06241E-8	57	139	0	8.15004E-7	5.21603E-7
57	140	0	1.25101E-5	8.00644E-6	57	141	0	1.91801E-4	1.22753E-4
57	142	0	7.09164E-4	4.53865E-4	57	143	0	0.00427681	0.00273716
57	144	0	0.0102167	0.00653868	57	145	0	0.0153032	0.00489702
57	146	1	0.0047408	0.00303412	57	146	0	0.0047408	0.00303412
57	147	0	0.00510571	0.00326765	57	148	0	6.50233E-4	4.16149E-4
57	149	0	2.10471E-4	1.34702E-4	57	150	0	1.00301E-5	6.41923E-6
57	151	0	3.84643E-7	2.46171E-7	57	152	0	4.15002E-9	2.65601E-9
57	153	0	5.02986E-11	3.21911E-11	57	154	0	2.23001E-13	1.42721E-13
57	155	0	8.12718E-16	5.2014E-16	57	156	0	7.47233E-18	4.78229E-18
58	138	0	1.30001E-12	8.32004E-13	58	139	0	4.24002E-11	2.71361E-11
58	139	1	1.04001E-10	6.65603E-11	58	140	0	1.34001E-8	8.57604E-9
58	141	0	4.37002E-7	2.79681E-7	58	142	0	9.43005E-6	6.03523E-6
58	143	0	1.24371E-4	7.95972E-5	58	144	0	0.00138274	8.84952E-4
58	145	0	0.00467036	0.00298903	58	146	0	0.0139138	0.00445241
58	147	0	0.0146492	0.00336931	58	148	0	0.00900405	0.00207093
58	149	0	0.00464823	0.00209171	58	150	0	0.00117544	7.52279E-4
58	151	0	9.31405E-5	5.96099E-5	58	152	0	5.68003E-6	3.63522E-6
58	153	0	1.50001E-7	9.60005E-8	58	154	0	3.84002E-9	2.45761E-9
58	155	0	5.19995E-11	3.32797E-11	58	156	0	6.45996E-13	4.13437E-13
59	140	0	2.24001E-14	1.43361E-14	59	141	0	4.52002E-12	2.89282E-12
59	142	1	1.08001E-10	6.91204E-11	59	142	0	1.08001E-10	6.91204E-11
59	143	0	1.59001E-8	1.01761E-8	59	144	0	4.17002E-8	2.66881E-8
59	144	1	3.75002E-7	2.40001E-7	59	145	0	8.46004E-6	5.41443E-6
59	146	0	5.39803E-5	3.45474E-5	59	147	0	2.83151E-4	1.81217E-4
59	148	1	2.35396E-4	1.50654E-4	59	148	0	2.35396E-4	1.50654E-4
59	149	0	9.27455E-4	5.93571E-4	59	150	0	3.94102E-4	2.52225E-4
59	151	0	1.45771E-4	9.32933E-5	59	152	0	1.67601E-5	1.07265E-5
59	153	0	2.24001E-6	1.43361E-6	59	154	0	1.18001E-7	7.55204E-8
59	155	0	8.90005E-9	5.69603E-9	59	156	0	2.43001E-10	1.55521E-10
59	157	0	6.49003E-12	4.15362E-12	59	158	0	4.88003E-14	3.12322E-14
60	143	0	6.50003E-13	4.16002E-13	60	144	0	1.06001E-10	6.78404E-11
60	145	0	5.02003E-9	3.21282E-9	60	146	0	1.90001E-7	1.21601E-7
60	147	0	2.60001E-6	1.66401E-6	60	148	0	1.74401E-5	1.11617E-5
60	149	0	9.43705E-5	6.03971E-5	60	150	0	2.04721E-4	1.31021E-4
60	151	0	1.39771E-4	8.94533E-5	60	152	0	7.41204E-5	4.7437E-5
60	153	0	1.70701E-5	1.09249E-5	60	154	0	4.17002E-6	2.66881E-6
60	155	0	5.92003E-7	3.78882E-7	60	156	0	8.40004E-8	5.37603E-8
60	157	0	4.69002E-9	3.00162E-9	60	158	0	1.93001E-10	1.23521E-10
60	159	0	6.03003E-12	3.85922E-12	60	160	0	1.42001E-13	9.08805E-14
61	145	0	1.23001E-14	7.87204E-15	61	146	0	1.11001E-12	7.10404E-13
61	147	0	9.45005E-11	6.04803E-11	61	148	0	4.52002E-10	2.89282E-10
61	148	1	1.05001E-9	6.72004E-10	61	149	0	5.27003E-8	3.37282E-8
61	150	0	2.41001E-7	1.54241E-7	61	151	0	9.16005E-7	5.86243E-7
61	152	2	3.27335E-7	2.09494E-7	61	152	0	3.27335E-7	2.09494E-7
61	152	1	3.27335E-7	2.09494E-7	61	153	0	1.09001E-6	6.97604E-7
61	154	0	2.34001E-7	1.49761E-7	61	154	1	2.34001E-7	1.49761E-7
61	155	0	2.96002E-7	1.89441E-7	61	156	0	7.32004E-8	4.68482E-8
61	157	0	1.94001E-8	1.24161E-8	61	158	0	1.49001E-9	9.53605E-10
61	159	0	2.40001E-10	1.53601E-10	61	160	0	1.16001E-11	7.42404E-12
61	161	0	7.28004E-13	4.65922E-13	61	162	0	1.10001E-14	7.04004E-15
62	148	0	1.03001E-13	6.59203E-14	62	149	0	7.79004E-12	4.98563E-12
62	150	0	2.47001E-10	1.58081E-10	62	151	0	1.97001E-9	1.26081E-9
62	152	0	1.36001E-8	8.70405E-9	62	153	0	3.20002E-8	2.04801E-8
62	154	0	7.23004E-8	4.62722E-8	62	155	0	8.76005E-8	5.60643E-8
62	156	0	1.02001E-7	6.52803E-8	62	157	0	4.66002E-8	2.98242E-8
62	158	0	1.57001E-8	1.00481E-8	62	159	0	4.33002E-9	2.77121E-9
62	160	0	9.88005E-10	6.32323E-10	62	161	0	1.22001E-10	7.80804E-11
62	162	0	9.70005E-12	6.20803E-12	62	163	0	4.58002E-13	2.93122E-13
62	164	0	1.87001E-14	1.19681E-14	63	151	0	1.99001E-14	1.27361E-14
63	152	2	1.08001E-13	6.91204E-14	63	152	0	1.08001E-13	6.91204E-14
63	152	1	1.08001E-13	6.91204E-14	63	153	0	4.46002E-12	2.85441E-12
63	154	1	1.11501E-11	7.13604E-12	63	154	0	1.11501E-11	7.13604E-12
63	155	0	1.52001E-10	9.72805E-11	63	156	0	3.66002E-10	2.34241E-10
63	157	0	8.63005E-10	5.52323E-10	63	158	0	5.25003E-10	3.36002E-10
63	159	0	6.51003E-10	4.16642E-10	63	160	0	2.48001E-10	1.58721E-10
63	161	0	1.38001E-10	8.83205E-11	63	162	0	1.93001E-11	1.23521E-11
63	163	0	4.25002E-12	2.72001E-12	63	164	0	3.49002E-13	2.23361E-13
63	165	0	4.70002E-14	3.00802E-14	64	155	0	8.72005E-14	5.58083E-14
64	156	0	1.23001E-12	7.87204E-13	64	157	0	6.34003E-12	4.05762E-12
64	158	0	2.07001E-11	1.32481E-11	64	159	0	5.07003E-11	3.24482E-11
64	160	0	9.46005E-11	6.05443E-11	64	161	0	9.62005E-11	6.15683E-11
64	162	0	5.91003E-11	3.78242E-11	64	163	0	2.13001E-11	1.36321E-11
64	164	0	7.94004E-12	5.08163E-12	64	165	0	1.91001E-12	1.22241E-12
64	166	0	3.57002E-13	2.28481E-13	64	167	0	2.55001E-14	1.63201E-14
65	159	0	2.01001E-14	1.28641E-14	65	160	0	7.88004E-14	5.04323E-14
65	161	0	4.37002E-13	2.79681E-13	65	162	0	2.61001E-13	1.67041E-13
65	162	1	2.61001E-13	1.67041E-13	65	163	0	8.72005E-13	5.58083E-13
65	164	0	5.83003E-13	3.73122E-13	65	165	0	6.14003E-13	3.92962E-13
65	166	0	1.92001E-13	1.22881E-13	65	167	0	6.19003E-14	3.96162E-14
66	163	0	1.56001E-14	9.98405E-15	66	164	0	5.59003E-14	3.57762E-14
66	165	0	9.74005E-14	6.23363E-14	66	165	1	1.46001E-14	9.34405E-15
66	166	0	1.64001E-13	1.04961E-13	66	167	0	9.06005E-14	5.79843E-14
66	168	0	5.16003E-14	3.30242E-14	66	169	0	1.50001E-14	9.60005E-15
66	170	0	1.33001E-14	8.51204E-15