Z	A	FPS	Yield	Uncertainty	Z	A	FPS	Yield	Uncertainty
22	66	0	1.81562E-20	1.162E-20	23	66	0	9.64206E-16	6.17092E-16
23	67	0	5.95247E-18	3.80958E-18	23	68	0	7.11979E-19	4.55667E-19
23	69	0	1.604E-19	1.02656E-19	24	66	0	3.17896E-12	2.03454E-12
24	67	0	5.55982E-13	3.55828E-13	24	68	0	7.82975E-14	5.01104E-14
24	69	0	1.49819E-14	9.58843E-15	24	71	0	2.78272E-18	1.78094E-18
25	66	0	5.14988E-10	3.29593E-10	25	67	0	3.81991E-10	2.44474E-10
25	68	0	1.62996E-10	1.04318E-10	25	69	0	2.80844E-11	1.7974E-11
25	70	0	2.28995E-12	1.46557E-12	25	71	0	1.73993E-13	1.11356E-13
25	72	0	1.66401E-15	1.06497E-15	25	73	0	1.03847E-16	6.64622E-17
25	74	0	4.37372E-18	2.79918E-18	26	66	0	7.42983E-9	4.75509E-9
26	67	0	1.46997E-8	9.40779E-9	26	68	0	2.40995E-8	1.54237E-8
26	69	0	1.23997E-8	7.93582E-9	26	70	0	4.16991E-9	2.66874E-9
26	71	0	9.99977E-10	6.39986E-10	26	72	0	1.82994E-10	1.17116E-10
26	73	0	9.69968E-12	6.20779E-12	26	74	0	4.80985E-13	3.0783E-13
26	75	0	5.08567E-15	3.25483E-15	26	77	0	6.45139E-17	4.12889E-17
27	66	0	3.21993E-9	2.06075E-9	27	67	0	2.10995E-8	1.35037E-8
27	68	0	8.13982E-8	5.20948E-8	27	69	0	1.48997E-7	9.53578E-8
27	70	0	1.32997E-7	8.51181E-8	27	71	0	1.28997E-7	8.25581E-8
27	72	0	6.86984E-8	4.3967E-8	27	73	0	1.56996E-8	1.00478E-8
27	74	0	2.38995E-9	1.52957E-9	27	75	0	3.17988E-10	2.03512E-10
27	76	0	2.07995E-11	1.33117E-11	27	77	0	4.03381E-12	2.58164E-12
27	78	0	1.49125E-14	9.54397E-15	27	79	0	1.84945E-15	1.18365E-15
28	66	0	1.61996E-10	1.03678E-10	28	67	0	2.81994E-9	1.80476E-9
28	68	0	3.67992E-8	2.35515E-8	28	69	0	1.61996E-7	1.03678E-7
28	70	0	4.65989E-7	2.98233E-7	28	71	0	1.10997E-6	7.10384E-7
28	72	0	2.08995E-6	1.33757E-6	28	73	0	1.33997E-6	8.57581E-7
28	74	0	8.02982E-7	5.13908E-7	28	75	0	3.25993E-7	2.08635E-7
28	76	0	9.26979E-8	5.93267E-8	28	77	0	1.12957E-8	7.22926E-9
28	78	0	1.63995E-9	1.04957E-9	28	79	0	1.72745E-10	1.10557E-10
28	80	0	2.33995E-12	1.49757E-12	28	81	0	4.78181E-14	3.06036E-14
29	66	0	1.48997E-13	9.53578E-14	29	67	0	1.09998E-11	7.03984E-12
29	68	0	1.09998E-10	7.03984E-11	29	68	1	2.96993E-10	1.90076E-10
29	69	0	6.87984E-9	4.4031E-9	29	70	0	1.09998E-8	7.03984E-9
29	70	1	3.91991E-8	2.50874E-8	29	71	0	4.08991E-7	2.61754E-7
29	72	0	1.78996E-6	1.14557E-6	29	73	0	3.79991E-6	2.43195E-6
29	74	0	5.58987E-6	3.57752E-6	29	75	0	8.41981E-6	5.38868E-6
29	76	0	6.81985E-6	4.3647E-6	29	77	0	3.42992E-6	2.19515E-6
29	78	0	1.54997E-6	9.91978E-7	29	79	0	3.2382E-7	2.07245E-7
29	80	0	3.44992E-8	2.20795E-8	29	81	0	2.98988E-9	1.91353E-9
29	82	0	9.09979E-11	5.82387E-11	29	83	0	1.06631E-12	6.82436E-13
29	84	0	3.25528E-14	2.08338E-14	30	68	0	3.29993E-13	2.11195E-13
30	69	0	2.94993E-12	1.88796E-12	30	69	1	1.43997E-11	9.21579E-12
30	70	0	5.11988E-10	3.27673E-10	30	71	0	2.03995E-9	1.30557E-9
30	71	1	9.96978E-9	6.38066E-9	30	72	0	1.91996E-7	1.22877E-7
30	73	0	1.03998E-6	6.65585E-7	30	74	0	5.01989E-6	3.21273E-6
30	75	0	1.79896E-5	1.15133E-5	30	76	0	4.91789E-5	3.14745E-5
30	77	0	6.36286E-5	4.07223E-5	30	78	0	1.09188E-4	6.988E-5
30	79	0	6.86085E-5	4.39094E-5	30	80	0	3.28193E-5	2.10043E-5
30	81	0	9.21979E-6	5.90067E-6	30	82	0	1.37997E-6	8.8318E-7
30	83	0	9.95967E-8	6.37419E-8	30	84	0	3.57989E-9	2.29113E-9
30	85	0	1.47932E-11	9.46766E-12	30	86	0	5.23988E-13	3.35352E-13
30	87	0	4.7786E-14	3.0583E-14	31	70	0	8.43981E-14	5.40148E-14
31	71	0	8.6598E-12	5.54227E-12	31	72	1	2.29495E-10	1.46877E-10
31	72	0	2.29495E-10	1.46877E-10	31	73	0	9.22979E-9	5.90707E-9
31	74	1	6.09986E-8	3.90391E-8	31	74	0	6.09986E-8	3.90391E-8
31	75	0	1.60996E-6	1.03038E-6	31	76	0	1.10398E-5	7.06544E-6
31	77	0	4.74689E-5	3.03801E-5	31	78	0	1.94576E-4	1.24528E-4
31	79	0	4.324E-4	2.76736E-4	31	80	0	5.80267E-4	3.71371E-4
31	81	0	6.57445E-4	4.20765E-4	31	82	0	3.22263E-4	2.06248E-4
31	83	0	1.06668E-4	6.82673E-5	31	84	0	1.30097E-5	8.32621E-6
31	85	0	9.24964E-7	5.91977E-7	31	86	0	3.17993E-8	2.03515E-8
31	87	0	2.98788E-9	1.91224E-9	31	88	0	3.228E-12	2.06592E-12
31	89	0	1.85516E-13	1.1873E-13	32	72	0	6.53985E-14	4.18551E-14
32	73	0	4.11991E-12	2.63674E-12	32	73	1	8.42981E-13	5.39508E-13
32	74	0	2.32995E-10	1.49117E-10	32	75	0	1.12997E-9	7.23184E-10
32	75	1	8.26981E-9	5.29268E-9	32	76	0	2.60994E-7	1.67036E-7
32	77	0	2.73994E-6	1.75356E-6	32	77	1	3.72992E-7	2.38715E-7
32	78	0	4.5999E-5	2.94393E-5	32	79	1	1.28977E-4	8.25453E-5
32	79	0	1.28977E-4	8.25453E-5	32	80	0	0.00117951	7.54889E-4
32	81	0	0.00326986	0.00209271	32	82	0	0.00641465	0.00410537
32	83	0	0.00619135	0.00396246	32	84	0	0.00323928	0.00207314
32	85	0	7.73033E-4	4.94741E-4	32	86	0	1.19507E-4	7.64847E-5
32	87	0	8.36682E-6	5.35477E-6	32	88	0	3.54989E-7	2.27193E-7
32	89	0	1.73278E-8	1.10898E-8	32	90	0	8.46148E-12	5.41535E-12
32	91	0	7.71084E-13	4.93494E-13	32	92	0	4.80169E-14	3.07308E-14
33	75	0	1.19997E-12	7.67983E-13	33	76	0	1.05998E-10	6.78385E-11
33	77	0	5.43988E-9	3.48152E-9	33	78	0	2.41995E-7	1.54877E-7
33	79	0	5.56987E-6	3.56472E-6	33	80	0	7.47983E-5	4.78709E-5
33	81	0	7.60163E-4	4.86504E-4	33	82	0	0.00187787	0.00120184
33	82	1	0.00187883	0.00120245	33	83	0	0.0126662	0.0040532
33	84	1	0.00865663	0.00554025	33	84	0	0.00865663	0.00554025
33	85	0	0.0165978	0.00531129	33	86	0	0.0074772	0.00478541
33	87	0	0.00230478	0.00147506	33	88	0	3.23283E-4	2.06901E-4
33	89	0	3.24819E-5	2.07884E-5	33	90	0	4.49357E-7	2.87588E-7
33	91	0	4.8213E-8	3.08563E-8	33	92	0	2.54999E-9	1.632E-9
33	93	0	1.86601E-12	1.19424E-12	33	94	0	6.41963E-14	4.10856E-14
34	77	0	5.70987E-14	3.65432E-14	34	77	1	4.18991E-13	2.68154E-13
34	78	0	8.53981E-11	5.46548E-11	34	79	0	6.10986E-9	3.91031E-9
34	79	1	8.32981E-10	5.33108E-10	34	80	0	4.06991E-7	2.60474E-7
34	81	0	1.50997E-6	9.66378E-7	34	81	1	1.10797E-5	7.09104E-6
34	82	0	2.64834E-4	1.69494E-4	34	83	0	0.0021685	0.00138784
34	83	1	4.19221E-4	2.68301E-4	34	84	0	0.0108995	0.00348785
34	85	0	0.0150604	0.00481934	34	85	1	0.0150604	0.00481934
34	86	0	0.0468245	0.0149838	34	87	0	0.0390855	0.0125073
34	88	0	0.0220921	0.00706947	34	89	0	0.00687398	0.00439935
34	90	0	0.00148152	9.48171E-4	34	91	0	1.35009E-4	8.64056E-5
34	92	0	8.40726E-6	5.38065E-6	34	93	0	1.74291E-7	1.11547E-7
34	94	0	7.05978E-9	4.51826E-9	34	95	0	5.66255E-12	3.62403E-12
34	96	0	5.87987E-13	3.76312E-13	34	97	0	4.162E-14	2.66368E-14
35	79	0	3.56992E-14	2.28475E-14	35	79	1	1.33997E-13	8.57581E-14
35	80	0	7.59983E-12	4.86389E-12	35	80	1	2.68994E-11	1.72156E-11
35	81	0	4.4599E-9	2.85434E-9	35	82	0	8.38981E-7	5.36948E-7
35	82	1	1.48997E-7	9.53578E-8	35	83	0	1.47597E-5	9.44619E-6
35	84	0	7.14884E-5	4.57526E-5	35	84	1	1.51917E-4	9.72266E-5
35	85	0	0.00226435	0.00144918	35	86	0	0.00457201	0.00292608
35	86	1	0.00457201	0.00292608	35	87	0	0.0265675	0.00611052
35	88	0	0.0381986	0.0122236	35	89	0	0.0432875	0.013852
35	90	0	0.0261963	0.00838281	35	91	0	0.00994884	0.00636725
35	92	0	0.00196719	0.001259	35	93	0	3.26718E-4	2.091E-4
35	94	0	2.47694E-5	1.58524E-5	35	95	0	3.54058E-7	2.26597E-7
35	96	0	3.20993E-8	2.05435E-8	35	97	0	2.60235E-9	1.6655E-9
35	98	0	2.85519E-12	1.82732E-12	35	99	0	2.04571E-13	1.30926E-13
36	81	0	6.81985E-14	4.3647E-14	36	82	0	3.09993E-11	1.98396E-11
36	83	0	3.74992E-9	2.39995E-9	36	83	1	7.68983E-10	4.92149E-10
36	84	0	3.13993E-7	2.00955E-7	36	85	0	9.94978E-6	6.36786E-6
36	85	1	2.03995E-6	1.30557E-6	36	86	0	1.65916E-4	1.06186E-4
36	87	0	0.00154161	9.86627E-4	36	88	0	0.00846922	0.0054203
36	89	0	0.0245087	0.0078428	36	90	0	0.0533862	0.00587248
36	91	0	0.0523627	0.00314176	36	92	0	0.0392251	0.00313801
36	93	0	0.0183833	0.00147067	36	94	0	0.0059695	0.00382048
36	95	0	9.91454E-4	6.3453E-4	36	96	0	1.08668E-4	6.95472E-5
36	97	0	7.28723E-6	4.66383E-6	36	98	0	3.1399E-7	2.00954E-7
36	99	0	1.91076E-8	1.22289E-8	37	83	0	2.67994E-14	1.71516E-14
37	84	0	6.52985E-12	4.17911E-12	37	85	0	1.29997E-9	8.31981E-10
37	86	1	2.83494E-8	1.81436E-8	37	86	0	2.83494E-8	1.81436E-8
37	87	0	2.42995E-6	1.55516E-6	37	88	0	4.5349E-5	2.90233E-5
37	89	0	5.58177E-4	3.57234E-4	37	90	0	5.50988E-4	3.52632E-4
37	90	1	0.00267283	0.00171061	37	91	0	0.0119714	0.00275343
37	92	0	0.0256298	0.00589486	37	93	0	0.0382276	0.0122328
37	94	0	0.0310245	0.00992784	37	95	0	0.0200241	0.00640771
37	96	0	0.00617122	0.00394958	37	97	0	0.00175505	0.00112323
37	98	0	2.32475E-4	1.48784E-4	37	99	0	3.58183E-5	2.29237E-5
37	100	0	2.71994E-11	1.74076E-11	37	101	0	5.02469E-14	3.2158E-14
37	102	0	2.10261E-15	1.34567E-15	37	103	0	2.18086E-16	1.39575E-16
37	104	0	1.41562E-18	9.05996E-19	37	106	0	4.8521E-15	3.10535E-15
38	86	0	1.19997E-12	7.67983E-13	38	87	0	1.49997E-10	9.59978E-11
38	87	1	3.05993E-11	1.95836E-11	38	88	0	1.59996E-8	1.02398E-8
38	89	0	6.85985E-7	4.3903E-7	38	90	0	1.76096E-5	1.12701E-5
38	91	0	2.08025E-4	1.33136E-4	38	92	0	0.00200978	6.43131E-4
38	93	0	0.00717213	0.00459016	38	94	0	0.0203915	0.0065253
38	95	0	0.0340647	0.00783488	38	96	0	0.0353758	0.0113203
38	97	0	0.0264104	0.00845132	38	98	0	0.013152	0.00420863
38	99	0	0.00349992	0.00223995	38	100	0	2.21695E-5	1.41885E-5
38	101	0	1.22997E-6	7.87182E-7	38	102	0	6.05986E-8	3.87831E-8
38	103	0	5.33844E-9	3.4166E-9	38	104	0	4.07991E-11	2.61114E-11
38	105	0	1.40765E-15	9.00897E-16	38	106	0	5.33594E-10	3.415E-10
38	107	0	1.93752E-14	1.24001E-14	38	108	0	9.42068E-15	6.02924E-15
38	109	0	1.79562E-15	1.1492E-15	39	88	0	8.06982E-14	5.16468E-14
39	89	0	2.83994E-12	1.81756E-12	39	89	1	1.38997E-11	8.8958E-12
39	90	1	7.14984E-10	4.5759E-10	39	90	0	7.14984E-10	4.5759E-10
39	91	1	4.2249E-8	2.70394E-8	39	91	0	4.2249E-8	2.70394E-8
39	92	0	2.34995E-6	1.50397E-6	39	93	1	2.23845E-5	1.43261E-5
39	93	0	2.23845E-5	1.43261E-5	39	94	0	3.78571E-4	2.42286E-4
39	95	0	0.00243444	0.00155804	39	96	0	5.74087E-4	3.67416E-4
39	96	1	0.00580395	0.00371453	39	97	1	0.00781331	0.00500052
39	97	0	0.00781331	0.00500052	39	98	0	0.00966979	0.00618867
39	98	1	0.00966754	0.00618723	39	99	0	0.0176994	0.00566379
39	100	0	0.00494263	0.00316328	39	101	0	0.00141849	9.07832E-4
39	102	0	2.58034E-4	1.65142E-4	39	103	0	3.67138E-5	2.34969E-5
39	104	0	4.2699E-6	2.73274E-6	39	105	0	2.30665E-8	1.47625E-8
39	106	0	8.49552E-7	5.43714E-7	39	107	0	1.21146E-9	7.75334E-10
39	108	0	5.00296E-10	3.20189E-10	39	109	0	1.12274E-10	7.18552E-11
39	110	0	1.61855E-14	1.03587E-14	39	111	0	2.17309E-15	1.39078E-15
40	91	0	1.50997E-12	9.66378E-13	40	92	0	2.01995E-10	1.29277E-10
40	93	0	1.31997E-8	8.44781E-9	40	94	0	5.23988E-7	3.35352E-7
40	95	0	1.08898E-5	6.96944E-6	40	96	0	1.16677E-4	7.46735E-5
40	97	0	8.63551E-4	5.52672E-4	40	98	0	0.00371189	0.00237561
40	99	0	0.008454	0.00541056	40	100	0	0.00874783	0.00559861
40	101	0	0.00561358	0.00359269	40	102	0	0.003259	0.00208576
40	103	0	0.00129743	5.83844E-4	40	104	0	6.34206E-4	4.05892E-4
40	105	0	2.36972E-4	1.51662E-4	40	106	0	9.77377E-5	6.25521E-5
40	107	0	3.39239E-6	2.17113E-6	40	108	0	1.64946E-6	1.05566E-6
40	109	0	3.14395E-7	2.01213E-7	40	110	0	1.77994E-9	1.13916E-9
40	111	0	2.02974E-10	1.29903E-10	40	112	0	2.69489E-14	1.72473E-14
40	113	0	4.07885E-15	2.61047E-15	41	93	0	6.25986E-14	4.00631E-14
41	93	1	1.27997E-14	8.19182E-15	41	94	0	6.62985E-12	4.2431E-12
41	94	1	3.88991E-12	2.48954E-12	41	95	0	8.7898E-10	5.62547E-10
41	95	1	1.79996E-10	1.15197E-10	41	96	0	1.77996E-6	1.13917E-6
41	97	0	9.52978E-7	6.09906E-7	41	97	1	1.94996E-7	1.24797E-7
41	98	0	1.21697E-5	7.78862E-6	41	98	1	3.42992E-6	2.19515E-6
41	99	0	1.13897E-5	7.28944E-6	41	99	1	1.30937E-4	8.37997E-5
41	100	0	1.76196E-5	1.12765E-5	41	100	1	1.76196E-5	1.12765E-5
41	101	0	1.01968E-4	6.52593E-5	41	102	1	8.03182E-5	5.14036E-5
41	102	0	8.03182E-5	5.14036E-5	41	103	0	2.19005E-4	1.40163E-4
41	104	1	1.25657E-4	8.04206E-5	41	104	0	1.25657E-4	8.04206E-5
41	105	0	2.85784E-4	1.82901E-4	41	106	0	2.81834E-4	1.80374E-4
41	107	0	2.21901E-4	1.42017E-4	41	108	0	8.50481E-5	5.44308E-5
41	109	0	2.0565E-5	1.31616E-5	41	110	0	2.12995E-6	1.36317E-6
41	111	0	3.80485E-7	2.4351E-7	41	112	0	1.43115E-9	9.15935E-10
41	113	0	2.55035E-10	1.63223E-10	41	114	0	9.54761E-14	6.11047E-14
41	115	0	5.82267E-15	3.72651E-15	42	96	0	6.84985E-13	4.3839E-13
42	97	0	7.53983E-11	4.82549E-11	42	98	0	4.4799E-9	2.86714E-9
42	99	0	1.28997E-7	8.25581E-8	42	100	0	1.82996E-10	1.17117E-10
42	101	0	2.28995E-9	1.46557E-9	42	102	0	1.94996E-8	1.24797E-8
42	103	0	1.06998E-7	6.84785E-8	42	104	0	6.54985E-7	4.19191E-7
42	105	0	2.63994E-6	1.68956E-6	42	106	0	1.07778E-4	6.89776E-5
42	107	0	2.72324E-4	1.74287E-4	42	108	0	4.5012E-4	2.88077E-4
42	109	0	3.64862E-4	2.33512E-4	42	110	0	1.87706E-4	1.20132E-4
42	111	0	3.71785E-5	2.37942E-5	42	112	0	4.71846E-6	3.01982E-6
42	113	0	7.14164E-7	4.57065E-7	42	114	0	1.04997E-8	6.71979E-9
42	115	0	5.43858E-10	3.48069E-10	42	116	0	4.14991E-12	2.65594E-12
42	117	0	1.93542E-14	1.23867E-14	42	118	0	1.53586E-15	9.82948E-16
43	98	0	1.81996E-14	1.16477E-14	43	99	0	1.94996E-12	1.24797E-12
43	99	1	3.99991E-13	2.55994E-13	43	103	0	1.64996E-14	1.05598E-14
43	104	0	4.3499E-13	2.78394E-13	43	105	0	1.05998E-11	6.78385E-12
43	106	0	9.82978E-7	6.29106E-7	43	107	0	1.30797E-5	8.37101E-6
43	108	0	7.43083E-5	4.75573E-5	43	109	0	2.57854E-4	1.65027E-4
43	110	0	4.05911E-4	2.59783E-4	43	111	0	3.56702E-4	2.28289E-4
43	112	0	1.55806E-4	9.97162E-5	43	113	0	4.67145E-5	2.98973E-5
43	114	0	6.32986E-6	4.05111E-6	43	115	0	1.01949E-6	6.52473E-7
43	116	0	3.87991E-8	2.48314E-8	43	117	0	1.21014E-9	7.74492E-10
43	118	0	8.15634E-11	5.22006E-11	43	119	0	1.43459E-13	9.18137E-14
43	120	0	4.40099E-15	2.81664E-15	43	121	0	2.98538E-16	1.91065E-16
44	106	0	6.48985E-10	4.15351E-10	44	107	0	3.77991E-8	2.41915E-8
44	108	0	1.22997E-6	7.87182E-7	44	109	1	7.95482E-6	5.09109E-6
44	109	0	7.95482E-6	5.09109E-6	44	110	0	1.17137E-4	7.49679E-5
44	111	0	3.11513E-4	1.99368E-4	44	112	0	5.59367E-4	3.57995E-4
44	113	0	5.01609E-4	3.2103E-4	44	114	0	2.96903E-4	1.90018E-4
44	115	0	9.96177E-5	6.37553E-5	44	116	0	2.37795E-5	1.52189E-5
44	117	0	3.38871E-6	2.16878E-6	44	118	0	2.68912E-7	1.72104E-7
44	119	0	1.33996E-8	8.57571E-9	44	120	0	4.83985E-10	3.0975E-10
44	121	0	2.78845E-11	1.78461E-11	44	122	0	4.4299E-14	2.83514E-14
44	123	0	4.01416E-16	2.56906E-16	45	107	0	2.30995E-12	1.47837E-12
45	108	0	1.70996E-10	1.09438E-10	45	108	1	1.70996E-10	1.09438E-10
45	109	0	1.29997E-8	8.31981E-9	45	109	1	1.29997E-8	8.31981E-9
45	110	0	3.86991E-7	2.47674E-7	45	110	1	3.86991E-7	2.47674E-7
45	111	0	1.03898E-5	6.64945E-6	45	112	0	6.20586E-5	3.97175E-5
45	113	0	2.23435E-4	1.42998E-4	45	114	0	3.70592E-4	2.37179E-4
45	115	0	4.6238E-4	2.95923E-4	45	116	0	2.82964E-4	1.81097E-4
45	117	0	1.49707E-4	9.58122E-5	45	118	0	3.56692E-5	2.28283E-5
45	119	0	7.48983E-6	4.79349E-6	45	120	0	8.46981E-7	5.42068E-7
45	121	0	5.22709E-8	3.34534E-8	45	122	0	1.27997E-9	8.19182E-10
45	123	0	2.5099E-11	1.60634E-11	45	124	0	2.37995E-13	1.52317E-13
45	125	0	2.13047E-15	1.3635E-15	46	109	0	6.17986E-13	3.95511E-13
46	109	1	1.36997E-12	8.7678E-13	46	110	0	3.60992E-10	2.31035E-10
46	111	0	6.19986E-9	3.96791E-9	46	111	1	1.37997E-8	8.8318E-9
46	112	0	6.52985E-7	4.17911E-7	46	113	0	8.16982E-6	5.22868E-6
46	114	0	6.01686E-5	3.85079E-5	46	115	0	2.03885E-4	1.30487E-4
46	116	0	4.13751E-4	2.648E-4	46	117	0	5.09698E-4	3.26207E-4
46	118	0	4.314E-4	2.76096E-4	46	119	0	2.40075E-4	1.53648E-4
46	120	0	1.06198E-4	6.79665E-5	46	121	0	2.07995E-5	1.33117E-5
46	122	0	2.32995E-6	1.49117E-6	46	123	0	1.54997E-7	9.91978E-8
46	124	0	7.27984E-9	4.65909E-9	46	125	0	1.98993E-10	1.27356E-10
46	131	0	3.1058E-14	1.98771E-14	47	111	0	9.61978E-14	6.15666E-14
47	111	1	7.05984E-13	4.5183E-13	47	112	0	1.25997E-10	8.06382E-11
47	113	0	8.9798E-10	5.74707E-10	47	113	1	6.58985E-9	4.2175E-9
47	114	0	2.05995E-7	1.31837E-7	47	115	0	1.55996E-6	9.98377E-7
47	115	1	1.55996E-6	9.98377E-7	47	116	0	8.6998E-6	5.56787E-6
47	116	1	8.6998E-6	5.56787E-6	47	117	0	3.73192E-5	2.38843E-5
47	117	1	3.73192E-5	2.38843E-5	47	118	0	7.94082E-5	5.08213E-5
47	118	1	7.94082E-5	5.08213E-5	47	119	0	2.91653E-4	1.86658E-4
47	120	1	1.56126E-4	9.99209E-5	47	120	0	1.56126E-4	9.99209E-5
47	121	0	2.29135E-4	1.46646E-4	47	122	1	3.72392E-5	2.38331E-5
47	122	0	3.72392E-5	2.38331E-5	47	123	0	2.12495E-5	1.35997E-5
47	124	0	3.34992E-6	2.14395E-6	47	125	0	4.5599E-7	2.91833E-7
47	126	0	3.73992E-11	2.39355E-11	47	127	0	4.4199E-12	2.82874E-12
47	128	0	2.35995E-13	1.51037E-13	47	129	0	3.69294E-15	2.36348E-15
47	131	0	1.94194E-9	1.24284E-9	47	132	0	5.62854E-12	3.60227E-12
47	133	0	2.5527E-13	1.63373E-13	48	113	0	6.61985E-14	4.2367E-14
48	113	1	2.48994E-13	1.59356E-13	48	114	0	4.78989E-11	3.06553E-11
48	115	0	5.34988E-10	3.42392E-10	48	115	1	2.00995E-9	1.28637E-9
48	116	0	6.11986E-8	3.91671E-8	48	117	0	1.59996E-7	1.02398E-7
48	117	1	6.00986E-7	3.84631E-7	48	118	0	6.62985E-6	4.2431E-6
48	119	0	1.63796E-5	1.0483E-5	48	119	1	1.63796E-5	1.0483E-5
48	120	0	1.22797E-4	7.85902E-5	48	121	1	1.14577E-4	7.33295E-5
48	121	0	1.14577E-4	7.33295E-5	48	122	0	2.60144E-4	1.66492E-4
48	123	0	1.94366E-4	1.24394E-4	48	124	0	1.22527E-4	7.84174E-5
48	125	0	5.34888E-5	3.42328E-5	48	126	0	5.50988E-6	3.52632E-6
48	127	0	2.23995E-6	1.43357E-6	48	128	0	6.25986E-7	4.00631E-7
48	129	0	9.0398E-8	5.78547E-8	48	130	0	2.95993E-8	1.89436E-8
48	131	0	5.43794E-6	3.48028E-6	48	132	0	6.1898E-7	3.96147E-7
48	133	0	2.38431E-8	1.52596E-8	48	134	0	1.97996E-10	1.26717E-10
48	135	0	9.2666E-13	5.93062E-13	49	115	0	3.44992E-14	2.20795E-14
49	116	2	1.09998E-12	7.03984E-13	49	116	0	1.09998E-12	7.03984E-13
49	116	1	1.09998E-12	7.03984E-13	49	117	0	1.37997E-10	8.8318E-11
49	117	1	2.82994E-11	1.81116E-11	49	118	2	5.49988E-10	3.51992E-10
49	118	0	3.88991E-9	2.48954E-9	49	118	1	5.49988E-10	3.51992E-10
49	119	0	8.6798E-8	5.55507E-8	49	119	1	1.77996E-8	1.13917E-8
49	120	2	3.85325E-7	2.46608E-7	49	120	0	3.85325E-7	2.46608E-7
49	120	1	3.85325E-7	2.46608E-7	49	121	0	7.38983E-6	4.72949E-6
49	121	1	1.50997E-6	9.66378E-7	49	122	2	9.34646E-6	5.98173E-6
49	122	0	9.34646E-6	5.98173E-6	49	122	1	9.34646E-6	5.98173E-6
49	123	0	6.26786E-5	4.01143E-5	49	123	1	1.28397E-5	8.21741E-6
49	124	1	6.15186E-5	3.93719E-5	49	124	0	6.15186E-5	3.93719E-5
49	125	0	1.00758E-4	6.44849E-5	49	125	1	1.00758E-4	6.44849E-5
49	126	1	1.43482E-4	9.18283E-5	49	126	0	1.43482E-4	9.18283E-5
49	127	0	2.24045E-4	1.43389E-4	49	127	1	2.24045E-4	1.43389E-4
49	128	1	1.99381E-4	1.27604E-4	49	128	0	1.99381E-4	1.27604E-4
49	129	0	1.34797E-4	8.62701E-5	49	129	1	1.34797E-4	8.62701E-5
49	130	2	1.03394E-4	6.61724E-5	49	130	1	1.03394E-4	6.61724E-5
49	130	0	1.03394E-4	6.61724E-5	49	131	1	4.85979E-4	3.11027E-4
49	131	0	4.85979E-4	3.11027E-4	49	132	0	3.48642E-4	2.23131E-4
49	133	0	4.46951E-5	2.86049E-5	49	134	0	2.05995E-6	1.31837E-6
49	135	0	5.79406E-8	3.7082E-8	49	136	0	7.19984E-10	4.6079E-10
49	137	0	1.69153E-12	1.08258E-12	49	138	0	9.91133E-14	6.34325E-14
50	118	0	2.38995E-13	1.52957E-13	50	119	0	3.39992E-12	2.17595E-12
50	119	1	1.27997E-11	8.19182E-12	50	120	0	7.89982E-10	5.05589E-10
50	121	0	5.27988E-9	3.37912E-9	50	121	1	1.49997E-8	9.59978E-9
50	122	0	2.85994E-7	1.83036E-7	50	123	0	1.74996E-6	1.11997E-6
50	123	1	6.13986E-7	3.92951E-7	50	124	0	1.57896E-5	1.01054E-5
50	125	0	5.41488E-5	3.46552E-5	50	125	1	1.90296E-5	1.21789E-5
50	126	0	1.87146E-4	1.19773E-4	50	127	0	4.16181E-4	2.66356E-4
50	127	1	1.46227E-4	9.35851E-5	50	128	1	6.95944E-4	4.45404E-4
50	128	0	6.95944E-4	4.45404E-4	50	129	0	0.00164828	7.41727E-4
50	129	1	5.24418E-4	3.35628E-4	50	130	1	0.00421451	0.00269729
50	130	0	0.00421451	0.00269729	50	131	1	0.00559507	0.00358084
50	131	0	0.00559507	0.00358084	50	132	0	0.0153674	0.00491758
50	133	0	0.00617616	0.00395274	50	134	0	0.0013946	8.92543E-4
50	135	0	1.62248E-4	1.03839E-4	50	136	0	9.47979E-6	6.06706E-6
50	137	0	1.57995E-7	1.01117E-7	50	138	0	1.08997E-8	6.97578E-9
50	139	0	2.97464E-11	1.90377E-11	50	140	0	1.11233E-12	7.11888E-13
50	141	0	2.50196E-13	1.60126E-13	51	121	0	9.70978E-13	6.21426E-13
51	122	0	2.02995E-11	1.29917E-11	51	122	1	2.68994E-11	1.72156E-11
51	123	0	1.81996E-9	1.16477E-9	51	124	2	1.37997E-8	8.8318E-9
51	124	0	1.37997E-8	8.8318E-9	51	124	1	1.37997E-8	8.8318E-9
51	125	0	8.9398E-7	5.72147E-7	51	126	2	4.80489E-8	3.07513E-8
51	126	0	6.95984E-8	4.4543E-8	51	126	1	4.80489E-8	3.07513E-8
51	127	0	2.03995E-6	1.30557E-6	51	128	0	2.23395E-5	1.42973E-5
51	128	1	8.6498E-6	5.53588E-6	51	129	0	7.90282E-5	5.05781E-5
51	130	0	2.94573E-4	1.88527E-4	51	130	1	4.06791E-4	2.60346E-4
51	131	0	0.00389329	0.00175198	51	132	0	0.00506379	3.03827E-4
51	132	1	0.0044855	2.6913E-4	51	133	0	0.0224118	0.00717176
51	134	1	0.00908465	0.00581418	51	134	0	0.00908465	0.00581418
51	135	0	0.00954165	0.00610666	51	136	0	0.00193875	0.0012408
51	137	0	1.47097E-4	9.41419E-5	51	138	0	3.45592E-5	2.21179E-5
51	139	0	1.85993E-6	1.19035E-6	51	140	0	5.90713E-8	3.78056E-8
51	141	0	1.56438E-8	1.00121E-8	51	142	0	5.56489E-12	3.56153E-12
51	143	0	4.06715E-13	2.60298E-13	52	123	0	1.34997E-14	8.63981E-15
52	123	1	5.08989E-14	3.25753E-14	52	124	0	7.28984E-12	4.66549E-12
52	125	0	1.20997E-10	7.74383E-11	52	125	1	4.5399E-10	2.90553E-10
52	126	0	1.53997E-13	9.85578E-14	52	127	0	1.64996E-12	1.05598E-12
52	127	1	4.68989E-12	3.00153E-12	52	128	0	2.47994E-10	1.58716E-10
52	129	0	1.67996E-9	1.07518E-9	52	129	1	4.78989E-9	3.06553E-9
52	130	0	2.54994E-7	1.63196E-7	52	131	0	3.83091E-5	2.45178E-5
52	131	1	1.09038E-4	6.9784E-5	52	132	0	0.003466	0.00221824
52	133	0	0.00295736	0.00189271	52	133	1	0.00845549	0.00541151
52	134	0	0.0311429	0.00996574	52	135	0	0.037851	0.00416361
52	136	0	0.0343629	0.0109961	52	137	0	0.00752594	0.0024083
52	138	0	0.00754581	0.00482932	52	139	0	0.00131162	8.39437E-4
52	140	0	1.94757E-4	1.24644E-4	52	141	0	4.38068E-5	2.80363E-5
52	142	0	6.11981E-7	3.91668E-7	52	143	0	3.79886E-8	2.43127E-8
52	144	0	1.33804E-11	8.56349E-12	52	145	0	1.12871E-12	7.22373E-13
52	146	0	7.63932E-14	4.88916E-14	53	130	0	1.15997E-14	7.42383E-15
53	131	0	1.97996E-7	1.26717E-7	53	132	1	4.87254E-4	3.11843E-4
53	132	0	4.87254E-4	3.11843E-4	53	133	1	8.01082E-5	5.12692E-5
53	133	0	8.01082E-5	5.12692E-5	53	134	0	7.04874E-4	2.2556E-4
53	134	1	6.21406E-4	3.977E-4	53	135	0	0.0083893	9.22823E-4
53	136	0	0.00900682	0.00576436	53	136	1	0.00900682	0.00207157
53	137	0	0.0136318	0.00313531	53	138	0	0.035962	0.0115079
53	139	0	0.0241538	0.00772922	53	140	0	0.0103731	0.00331938
53	141	0	0.00286546	0.0018339	53	142	0	4.2332E-4	2.70925E-4
53	143	0	7.12116E-5	4.55754E-5	53	144	0	7.10584E-7	4.54774E-7
53	145	0	7.05739E-8	4.51673E-8	53	146	0	4.05694E-9	2.59644E-9
53	147	0	6.56648E-13	4.20255E-13	53	148	0	8.10183E-14	5.18517E-14
54	131	0	2.25995E-12	1.44637E-12	54	131	1	6.41986E-12	4.10871E-12
54	132	0	1.56996E-9	1.00478E-9	54	133	0	3.12993E-8	2.00315E-8
54	133	1	8.9098E-8	5.70227E-8	54	134	0	1.36997E-6	8.7678E-7
54	134	1	3.70992E-6	2.37435E-6	54	135	0	2.65294E-5	1.69788E-5
54	135	1	7.55083E-5	4.83253E-5	54	136	0	0.00112264	7.18493E-4
54	137	0	0.00238892	0.00152891	54	138	0	0.0208291	0.00666532
54	139	0	0.0447613	0.00358091	54	140	0	0.0572887	0.00229155
54	141	0	0.0412373	0.00453611	54	142	0	0.0224944	0.00179955
54	143	1	0.00347916	0.00222666	54	143	0	0.00347916	0.00222666
54	144	0	0.00234278	0.00149938	54	145	0	1.97625E-4	1.2648E-4
54	146	0	1.33756E-5	8.56041E-6	54	147	0	6.13332E-8	3.92532E-8
54	148	0	8.90972E-9	5.70222E-9	54	149	0	1.98429E-12	1.26994E-12
54	150	0	2.81994E-13	1.80476E-13	54	151	0	1.83811E-14	1.17639E-14
55	133	0	1.82996E-12	1.17117E-12	55	134	1	1.51997E-10	9.72778E-11
55	134	0	1.51997E-10	9.72778E-11	55	135	1	1.57996E-8	1.01118E-8
55	135	0	1.57996E-8	1.01118E-8	55	136	1	8.14982E-7	5.21588E-7
55	136	0	8.14982E-7	5.21588E-7	55	137	0	0.0336017	0.0077284
55	138	0	1.83236E-4	1.17271E-4	55	138	1	1.83236E-4	1.17271E-4
55	139	0	0.00233923	0.00149711	55	140	0	0.0110644	0.0035406
55	141	0	0.0290297	0.00928949	55	142	0	0.0352723	0.0112871
55	143	0	0.0407129	0.0130281	55	144	0	0.0296205	0.00947855
55	145	0	0.00990344	0.0063382	55	146	0	0.00202793	0.00129788
55	147	0	1.14972E-4	7.35822E-5	55	148	0	1.98796E-5	1.27229E-5
55	149	0	1.2407E-7	7.94049E-8	55	150	0	1.03998E-8	6.65585E-9
55	151	0	1.1493E-9	7.35552E-10	55	152	0	1.25483E-13	8.0309E-14
55	153	0	2.02641E-15	1.2969E-15	55	154	0	4.95566E-18	3.17163E-18
56	135	1	2.21995E-13	1.42077E-13	56	135	0	2.21995E-13	1.42077E-13
56	136	1	2.35995E-10	1.51037E-10	56	136	0	2.35995E-10	1.51037E-10
56	137	0	1.10997E-9	7.10384E-10	56	137	1	3.16993E-9	2.02875E-9
56	138	0	4.4899E-7	2.87354E-7	56	139	0	1.01398E-5	6.48945E-6
56	140	0	1.66266E-4	1.0641E-4	56	141	0	0.00192148	0.00122975
56	142	0	0.00641639	0.00410649	56	143	0	0.0183028	0.0058569
56	144	0	0.0448877	0.0103242	56	145	0	0.0378613	0.0121156
56	146	0	0.0275656	0.00882099	56	147	0	0.0112343	0.00359498
56	148	0	0.00312883	0.00200245	56	149	0	3.47428E-4	2.22354E-4
56	150	0	2.41895E-5	1.54813E-5	56	151	0	3.21833E-6	2.05973E-6
56	152	0	1.37996E-8	8.83172E-9	56	153	0	1.89273E-10	1.21135E-10
56	154	0	5.44983E-13	3.48789E-13	56	155	0	1.00482E-15	6.43084E-16
56	156	0	6.96559E-17	4.45798E-17	57	137	0	2.19995E-14	1.40797E-14
57	138	0	8.10982E-12	5.19028E-12	57	139	0	8.7298E-10	5.58707E-10
57	140	0	4.84989E-8	3.10393E-8	57	141	0	1.80996E-6	1.15837E-6
57	142	0	2.50094E-5	1.6006E-5	57	143	0	2.96663E-4	1.89865E-4
57	144	0	0.00203214	0.00130057	57	145	0	0.00645251	0.00412961
57	146	1	0.00783587	0.00501496	57	146	0	0.00783587	0.00501496
57	147	0	0.0162398	0.00519675	57	148	0	0.0112106	0.0035874
57	149	0	0.00472319	0.00302284	57	150	0	9.65628E-4	6.18002E-4
57	151	0	2.10516E-4	1.3473E-4	57	152	0	7.53983E-6	4.82549E-6
57	153	0	3.54803E-7	2.27074E-7	57	154	0	4.5799E-9	2.93113E-9
57	155	0	6.28276E-11	4.02096E-11	57	156	0	3.69916E-12	2.36746E-12
57	157	0	2.52659E-15	1.61702E-15	57	158	0	4.54648E-17	2.90975E-17
57	159	0	8.04855E-19	5.15107E-19	58	140	0	8.42981E-13	5.39508E-13
58	141	0	1.07998E-10	6.91184E-11	58	142	0	6.49985E-9	4.15991E-9
58	143	0	2.38995E-7	1.52957E-7	58	144	0	7.67983E-6	4.91509E-6
58	145	0	7.17584E-5	4.59254E-5	58	146	0	5.34658E-4	3.42181E-4
58	147	0	0.00218828	0.0014005	58	148	0	0.00557099	0.00250695
58	149	0	0.00553944	0.00354524	58	150	0	0.00409085	0.00261814
58	151	0	0.00231716	0.00148298	58	152	0	3.22103E-4	2.06146E-4
58	153	0	4.5949E-5	2.94073E-5	58	154	0	2.53994E-6	1.62556E-6
58	155	0	1.75933E-7	1.12597E-7	58	156	0	1.2196E-8	7.80546E-9
58	157	0	2.35992E-10	1.51035E-10	58	158	0	4.99984E-12	3.1999E-12
58	159	0	7.51762E-14	4.81128E-14	58	161	0	7.42196E-19	4.75005E-19
59	142	1	1.22997E-14	7.87182E-15	59	142	0	1.22997E-14	7.87182E-15
59	143	0	4.13991E-12	2.64954E-12	59	144	0	3.93991E-11	2.52154E-11
59	144	1	3.97991E-10	2.54714E-10	59	145	0	1.89996E-8	1.21597E-8
59	146	0	4.6099E-7	2.95033E-7	59	147	0	8.47981E-6	5.42708E-6
59	148	1	3.29393E-5	2.10811E-5	59	148	0	3.29393E-5	2.10811E-5
59	149	0	2.74354E-4	1.75586E-4	59	150	0	5.38658E-4	3.44741E-4
59	151	0	0.00106538	6.81841E-4	59	152	0	3.70512E-4	2.37127E-4
59	153	0	1.88406E-4	1.2058E-4	59	154	0	2.75894E-5	1.76572E-5
59	155	0	7.51983E-6	4.81269E-6	59	156	0	1.56996E-6	1.00478E-6
59	157	0	1.27997E-7	8.19182E-8	59	158	0	8.17982E-9	5.23508E-9
59	159	0	1.40922E-10	9.01899E-11	59	160	0	4.12991E-12	2.64314E-12
59	161	0	4.64067E-14	2.97003E-14	59	162	0	5.10115E-17	3.26474E-17
59	163	0	1.34894E-18	8.63323E-19	60	145	0	2.32995E-13	1.49117E-13
60	146	0	3.24993E-11	2.07995E-11	60	147	0	1.61996E-9	1.03678E-9
60	148	0	5.72987E-8	3.66712E-8	60	149	0	7.91982E-7	5.06869E-7
60	150	0	6.89984E-6	4.4159E-6	60	151	0	4.01791E-5	2.57146E-5
60	152	0	5.51088E-5	3.52696E-5	60	153	0	7.43683E-5	4.75957E-5
60	154	0	3.71892E-5	2.38011E-5	60	155	0	2.48994E-5	1.59356E-5
60	156	0	1.84496E-5	1.18077E-5	60	157	0	3.97991E-6	2.54714E-6
60	158	0	9.60978E-7	6.15026E-7	60	159	0	4.91989E-8	3.14873E-8
60	160	0	6.11986E-9	3.91671E-9	60	161	0	1.29951E-10	8.31684E-11
60	162	0	5.60982E-12	3.59029E-12	60	163	0	1.25996E-13	8.06373E-14
60	165	0	1.04912E-18	6.71436E-19	60	166	0	1.67288E-20	1.07065E-20
60	167	0	8.96344E-22	5.7366E-22	61	148	0	1.95996E-13	1.25437E-13
61	148	1	5.29988E-13	3.39192E-13	61	149	0	4.70989E-11	3.01433E-11
61	150	0	1.44997E-9	9.27979E-10	61	151	0	3.80991E-8	2.43834E-8
61	152	2	5.6932E-8	3.64365E-8	61	152	0	5.6932E-8	3.64365E-8
61	152	1	5.6932E-8	3.64365E-8	61	153	0	9.99977E-7	6.39986E-7
61	154	0	7.13984E-7	4.5695E-7	61	154	1	7.13984E-7	4.5695E-7
61	155	0	3.53992E-6	2.26555E-6	61	156	0	6.60985E-6	4.2303E-6
61	157	0	4.69989E-6	3.00793E-6	61	158	0	2.66994E-6	1.70876E-6
61	159	0	4.80989E-7	3.07833E-7	61	160	0	1.61996E-7	1.03678E-7
61	161	0	1.36997E-8	8.7678E-9	61	162	0	1.71996E-9	1.10078E-9
61	163	0	1.65996E-10	1.06238E-10	61	164	0	6.49985E-12	4.15991E-12
61	165	0	6.55975E-14	4.19824E-14	61	166	0	8.88404E-16	5.68579E-16
61	167	0	5.6045E-17	3.58688E-17	61	169	0	1.19301E-21	7.63527E-22
62	150	0	1.86996E-14	1.19677E-14	62	151	0	1.21997E-12	7.80782E-13
62	152	0	3.57992E-11	2.29115E-11	62	153	0	7.12984E-10	4.5631E-10
62	154	0	4.5399E-9	2.90553E-9	62	155	0	3.49992E-8	2.23995E-8
62	156	0	2.66994E-7	1.70876E-7	62	157	0	5.12988E-7	3.28313E-7
62	158	0	9.93978E-7	6.36146E-7	62	159	0	4.3199E-7	2.76474E-7
62	160	0	4.79989E-7	3.07193E-7	62	161	0	9.92978E-8	6.35506E-8
62	162	0	4.3599E-8	2.79034E-8	62	163	0	1.16997E-8	7.48783E-9
62	164	0	1.78996E-9	1.14557E-9	62	165	0	5.48988E-11	3.51352E-11
62	166	0	2.92905E-12	1.87459E-12	62	167	0	1.5694E-13	1.00442E-13
62	169	0	1.11431E-16	7.13161E-17	62	171	0	1.09046E-21	6.97892E-22
62	172	0	5.7666E-23	3.69062E-23	63	153	0	1.10997E-14	7.10384E-15
63	154	1	1.09998E-13	7.03984E-14	63	154	0	1.09998E-13	7.03984E-14
63	155	0	7.79982E-12	4.99189E-12	63	156	0	2.02995E-10	1.29917E-10
63	157	0	1.57996E-9	1.01118E-9	63	158	0	8.7798E-9	5.61907E-9
63	159	0	1.47997E-8	9.47179E-9	63	160	0	4.3499E-8	2.78394E-8
63	161	0	3.09993E-8	1.98396E-8	63	162	0	3.15993E-8	2.02235E-8
63	163	0	2.80994E-8	1.79836E-8	63	164	0	1.03998E-8	6.65585E-9
63	165	0	1.17997E-9	7.55183E-10	63	166	0	1.71996E-10	1.10078E-10
63	167	0	3.77991E-11	2.41915E-11	63	168	0	3.54992E-12	2.27195E-12
63	169	0	2.08884E-13	1.33686E-13	63	171	0	6.81822E-17	4.36366E-17
63	172	0	3.06242E-18	1.95995E-18	64	157	0	2.36995E-13	1.51677E-13
64	158	0	5.59987E-12	3.58392E-12	64	159	0	2.94993E-11	1.88796E-11
64	160	0	3.63992E-10	2.32955E-10	64	161	0	7.51983E-10	4.81269E-10
64	162	0	2.83994E-9	1.81756E-9	64	163	0	6.49985E-9	4.15991E-9
64	164	0	7.95982E-9	5.09429E-9	64	165	0	2.13995E-9	1.36957E-9
64	166	0	1.01998E-9	6.52785E-10	64	167	0	5.68987E-10	3.64152E-10
64	168	0	1.94996E-10	1.24797E-10	64	169	0	3.28993E-11	2.10555E-11
64	170	0	3.28993E-12	2.10555E-12	64	171	0	1.90928E-13	1.22194E-13
64	172	0	1.00967E-14	6.46189E-15	65	160	0	4.86989E-14	3.11673E-14
65	161	0	4.4199E-13	2.82874E-13	65	162	0	2.48994E-12	1.59356E-12
65	162	1	2.48994E-12	1.59356E-12	65	163	0	4.72989E-11	3.02713E-11
65	164	0	1.59996E-10	1.02398E-10	65	165	0	1.60996E-10	1.03038E-10
65	166	0	1.87996E-10	1.20317E-10	65	167	0	3.50992E-10	2.24635E-10
65	168	0	2.78994E-10	1.78556E-10	65	169	0	1.59996E-10	1.02398E-10
65	170	0	4.02991E-11	2.57914E-11	65	171	0	8.9598E-12	5.73427E-12
65	172	0	1.34997E-12	8.63981E-13	66	163	0	1.74996E-14	1.11997E-14
66	164	0	2.49994E-13	1.59996E-13	66	165	0	6.74985E-13	4.3199E-13
66	165	1	9.19979E-14	5.88787E-14	66	166	0	3.54992E-12	2.27195E-12
66	167	0	1.85996E-11	1.19037E-11	66	168	0	5.23988E-11	3.35352E-11
66	169	0	7.45983E-11	4.77429E-11	66	170	0	6.05986E-11	3.87831E-11
66	171	0	3.21993E-11	2.06075E-11	66	172	0	1.62996E-11	1.04318E-11
67	167	0	2.55994E-14	1.63836E-14	67	168	0	2.10995E-13	1.35037E-13
67	169	0	1.20997E-12	7.74383E-13	67	170	0	1.30997E-12	8.38381E-13
67	170	1	1.30997E-12	8.38381E-13	67	171	0	4.99989E-12	3.19993E-12
67	172	0	5.98986E-12	3.83351E-12	68	171	0	5.43988E-14	3.48152E-14
68	172	0	2.49994E-13	1.59996E-13