Z	A	FPS	Yield	Uncertainty	Z	A	FPS	Yield	Uncertainty
22	66	0	1.41803E-15	9.07539E-16	23	66	0	6.59927E-12	4.22353E-12
23	67	0	9.44913E-14	6.04744E-14	23	68	0	2.74701E-14	1.75809E-14
23	69	0	8.35098E-15	5.34462E-15	24	66	0	3.2334E-9	2.06938E-9
24	67	0	6.56906E-10	4.2042E-10	24	68	0	1.90973E-10	1.22222E-10
24	69	0	5.80561E-11	3.71559E-11	24	70	0	1.57E-12	1.0048E-12
24	71	0	1.10638E-13	7.08082E-14	24	72	0	2.07453E-14	1.3277E-14
25	66	0	1.61E-7	1.0304E-7	25	67	0	8.52E-8	5.4528E-8
25	68	0	6.42E-8	4.1088E-8	25	69	0	1.90419E-8	1.21868E-8
25	70	0	3.82E-9	2.4448E-9	25	71	0	5.14889E-10	3.29529E-10
25	72	0	9.65449E-11	6.17887E-11	25	73	0	1.18078E-12	7.557E-13
25	74	0	1.13907E-13	7.29007E-14	26	66	0	7.39E-7	4.7296E-7
26	67	0	9.42E-7	6.0288E-7	26	68	0	1.73E-6	1.1072E-6
26	69	0	1.31E-6	8.384E-7	26	70	0	6.74E-7	4.3136E-7
26	71	0	2.44E-7	1.5616E-7	26	72	0	4.73034E-8	3.02742E-8
26	73	0	8.20882E-9	5.25364E-9	26	74	0	7.91886E-10	5.06807E-10
26	75	0	2.0237E-11	1.29517E-11	26	76	0	1.3E-12	8.32E-13
26	77	0	2.72664E-13	1.74505E-13	27	66	0	3.65E-7	2.336E-7
27	67	0	1.08E-6	6.912E-7	27	68	0	4.5E-6	2.88E-6
27	69	0	8.11E-6	5.1904E-6	27	70	0	9.92E-6	6.3488E-6
27	71	0	9.0E-6	5.76E-6	27	72	0	4.53E-6	2.8992E-6
27	73	0	2.13E-6	1.3632E-6	27	74	0	5.85E-7	3.744E-7
27	75	0	9.41798E-8	6.0275E-8	27	76	0	8.8E-9	5.632E-9
27	77	0	1.26893E-9	8.12118E-10	27	78	0	1.11031E-11	7.10598E-12
27	79	0	2.26919E-12	1.45228E-12	28	66	0	1.79E-8	1.1456E-8
28	67	0	1.31E-7	8.384E-8	28	68	0	1.27E-6	8.128E-7
28	69	0	5.35E-6	3.424E-6	28	70	0	1.483E-5	9.4912E-6
28	71	0	3.145E-5	2.0128E-5	28	72	0	3.781E-5	2.41984E-5
28	73	0	4.5E-5	2.88E-5	28	74	0	3.299E-5	2.11136E-5
28	75	0	1.499E-5	9.5936E-6	28	76	0	4.16E-6	2.6624E-6
28	77	0	6.21731E-7	3.97908E-7	28	78	0	7.71889E-8	4.94009E-8
28	79	0	1.57755E-8	1.00963E-8	28	80	0	2.92E-10	1.8688E-10
28	81	0	1.54463E-11	9.88564E-12	28	82	0	1.95E-13	1.248E-13
29	66	0	7.72E-11	4.9408E-11	29	67	0	1.38E-9	8.832E-10
29	68	0	6.11E-9	3.9104E-9	29	68	1	2.78E-8	1.7792E-8
29	69	0	3.59E-7	2.2976E-7	29	70	0	3.55E-7	2.272E-7
29	70	1	2.01E-6	1.2864E-6	29	71	0	1.191E-5	7.6224E-6
29	72	0	3.328E-5	2.12992E-5	29	73	0	9.389E-5	6.00896E-5
29	74	0	1.6958E-4	1.08531E-4	29	75	0	2.0044E-4	1.28282E-4
29	76	0	1.5384E-4	9.84576E-5	29	77	0	6.587E-5	4.21568E-5
29	78	0	2.407E-5	1.54048E-5	29	79	0	5.17422E-6	3.3115E-6
29	80	0	7.71E-7	4.9344E-7	29	81	0	7.18846E-8	4.60061E-8
29	82	0	4.2E-9	2.688E-9	29	83	0	8.91699E-11	5.70687E-11
29	84	0	3.236E-12	2.07104E-12	30	66	0	2.2E-14	1.408E-14
30	67	0	1.24E-12	7.936E-13	30	68	0	7.07E-11	4.5248E-11
30	69	0	2.21E-10	1.4144E-10	30	69	1	1.79E-9	1.1456E-9
30	70	0	3.39E-8	2.1696E-8	30	71	0	4.81E-8	3.0784E-8
30	71	1	3.89E-7	2.4896E-7	30	72	0	3.04E-6	1.9456E-6
30	73	0	2.115E-5	1.3536E-5	30	74	0	9.376E-5	6.00064E-5
30	75	0	2.7441E-4	1.75622E-4	30	76	0	5.3748E-4	3.43987E-4
30	77	0	6.0389E-4	3.8649E-4	30	78	0	6.0115E-4	3.84736E-4
30	79	0	3.5706E-4	2.28518E-4	30	80	0	1.4705E-4	9.4112E-5
30	81	0	3.877E-5	2.48128E-5	30	82	0	6.18E-6	3.9552E-6
30	83	0	6.19911E-7	3.96743E-7	30	84	0	2.24968E-8	1.43979E-8
30	85	0	2.04089E-9	1.30617E-9	30	86	0	6.85E-11	4.384E-11
30	87	0	9.55857E-12	6.11749E-12	31	68	0	1.03E-14	6.592E-15
31	69	0	8.1E-13	5.184E-13	31	70	0	3.66E-11	2.3424E-11
31	71	0	1.28E-9	8.192E-10	31	72	1	1.285E-8	8.224E-9
31	72	0	1.285E-8	8.224E-9	31	73	0	4.41E-7	2.8224E-7
31	74	1	2.595E-6	1.6608E-6	31	74	0	2.595E-6	1.6608E-6
31	75	0	3.997E-5	2.55808E-5	31	76	0	2.0345E-4	1.30208E-4
31	77	0	5.8056E-4	3.71558E-4	31	78	0	0.0014646	9.37344E-4
31	79	0	0.0022058	0.00141171	31	80	0	0.0023226	0.00148646
31	81	0	0.00162118	0.00103756	31	82	0	6.7085E-4	4.29344E-4
31	83	0	1.8346E-4	1.17414E-4	31	84	0	1.846E-5	1.18144E-5
31	85	0	9.49796E-6	6.07869E-6	31	86	0	4.76E-7	3.0464E-7
31	87	0	4.4484E-8	2.84698E-8	31	88	0	2.14295E-10	1.37149E-10
31	89	0	3.65519E-11	2.33932E-11	32	71	0	1.32E-13	8.448E-14
32	71	1	1.32E-13	8.448E-14	32	72	0	1.46E-11	9.344E-12
32	73	0	6.61E-10	4.2304E-10	32	73	1	8.17E-11	5.2288E-11
32	74	0	2.36E-8	1.5104E-8	32	75	0	4.14E-8	2.6496E-8
32	75	1	4.76E-7	3.0464E-7	32	76	0	7.47E-6	4.7808E-6
32	77	0	5.417E-5	3.46688E-5	32	77	1	4.08E-6	2.6112E-6
32	78	0	3.8718E-4	2.47795E-4	32	79	1	7.2734E-4	4.65498E-4
32	79	0	7.2734E-4	4.65498E-4	32	80	0	0.0036235	0.00231904
32	81	0	0.00630979	0.00403827	32	82	0	0.00626325	0.00400848
32	83	0	0.00436449	0.00279327	32	84	0	0.00114979	7.35866E-4
32	85	0	0.0016337	0.00104557	32	86	0	2.3102E-4	1.47853E-4
32	87	0	2.17955E-5	1.39491E-5	32	88	0	1.48979E-6	9.53463E-7
32	89	0	2.5411E-7	1.6263E-7	32	90	0	7.16635E-10	4.58646E-10
32	91	0	1.10291E-10	7.05864E-11	32	92	0	1.11035E-11	7.10626E-12
33	73	0	8.27E-14	5.2928E-14	33	74	0	1.39E-12	8.896E-13
33	74	1	6.31E-12	4.0384E-12	33	75	0	5.02E-10	3.2128E-10
33	76	0	2.18E-8	1.3952E-8	33	77	0	5.03E-7	3.2192E-7
33	78	0	9.59E-6	6.1376E-6	33	79	0	9.771E-5	6.25344E-5
33	80	0	6.3558E-4	4.06771E-4	33	81	0	0.00252733	0.00161749
33	82	0	0.00308707	0.00197572	33	82	1	0.00309325	0.00197968
33	83	0	0.0101687	0.00325397	33	84	1	0.00322117	0.00206155
33	84	0	0.00322117	0.00206155	33	85	0	0.0227624	0.00523535
33	86	0	0.00875064	0.00560041	33	87	0	0.00231082	0.00147892
33	88	0	4.4104E-4	2.82266E-4	33	89	0	8.33459E-5	5.33413E-5
33	90	0	3.3351E-6	2.13446E-6	33	91	0	5.13277E-7	3.28497E-7
33	92	0	5.16739E-8	3.30713E-8	33	93	0	1.90236E-9	1.21751E-9
33	94	0	1.35193E-11	8.65236E-12	34	75	0	3.35E-14	2.144E-14
34	76	0	4.51E-12	2.8864E-12	34	77	0	2.45E-11	1.568E-11
34	77	1	2.82E-10	1.8048E-10	34	78	0	1.85E-8	1.184E-8
34	79	0	5.08E-7	3.2512E-7	34	79	1	3.82E-8	2.4448E-8
34	80	0	9.81E-6	6.2784E-6	34	81	0	8.9E-6	5.696E-6
34	81	1	1.0239E-4	6.55296E-5	34	82	0	6.3555E-4	4.06752E-4
34	83	0	0.00228615	0.00146314	34	83	1	2.8261E-4	1.8087E-4
34	84	0	0.00391455	0.00250531	34	85	0	0.0143216	0.00916581
34	85	1	0.0143216	0.00916581	34	86	0	0.0310441	0.00993412
34	87	0	0.0211841	0.0067789	34	88	0	0.0104925	0.00335759
34	89	0	0.00533916	0.00341706	34	90	0	0.00163407	0.00104581
34	91	0	2.51487E-4	1.60951E-4	34	92	0	2.53183E-5	1.62037E-5
34	93	0	1.32253E-5	8.46416E-6	34	94	0	9.39865E-8	6.01513E-8
34	95	0	6.72352E-10	4.30305E-10	34	96	0	1.12E-10	7.168E-11
34	97	0	1.34538E-11	8.61042E-12	35	77	1	1.14E-14	7.296E-15
35	78	0	2.48E-12	1.5872E-12	35	79	0	3.08E-11	1.9712E-11
35	79	1	1.89E-10	1.2096E-10	35	80	0	1.72E-9	1.1008E-9
35	80	1	9.74E-9	6.2336E-9	35	81	0	3.17E-7	2.0288E-7
35	82	0	1.06E-6	6.784E-7	35	82	1	1.01E-6	6.464E-7
35	83	0	6.059E-5	3.87776E-5	35	84	0	5.252E-5	3.36128E-5
35	84	1	1.862E-4	1.19168E-4	35	85	0	0.00347518	0.00222412
35	86	0	0.00597684	0.00382518	35	86	1	0.00603183	0.00386037
35	87	0	0.0210581	0.00484335	35	88	0	0.024276	0.00776833
35	89	0	0.0285401	0.00913284	35	90	0	0.0234893	0.00751659
35	91	0	0.00950737	0.00427832	35	92	0	0.00248782	0.0015922
35	93	0	0.00433777	0.00277617	35	94	0	6.952E-5	4.44928E-5
35	95	0	3.12901E-6	2.00257E-6	35	96	0	6.24E-7	3.9936E-7
35	97	0	6.26116E-8	4.00714E-8	35	98	0	3.35106E-10	2.14468E-10
35	99	0	3.2793E-11	2.09875E-11	35	100	0	8.55743E-13	5.47676E-13
36	80	0	9.23E-13	5.9072E-13	36	81	0	6.97E-11	4.4608E-11
36	81	1	5.24E-12	3.3536E-12	36	82	0	3.67E-9	2.3488E-9
36	83	0	9.7E-8	6.208E-8	36	83	1	1.2E-8	7.68E-9
36	84	0	1.2E-6	7.68E-7	36	85	0	7.578E-5	4.84992E-5
36	85	1	9.37E-6	5.9968E-6	36	86	0	4.5528E-4	2.91379E-4
36	87	0	0.00498264	0.00114601	36	88	0	0.0152816	0.00244506
36	89	0	0.0229424	0.00252366	36	90	0	0.0347943	0.0111342
36	91	0	0.0333658	0.00200195	36	92	0	0.021074	0.00168592
36	93	0	0.00730783	0.00116925	36	94	0	0.00391764	0.00250729
36	95	0	0.0015331	9.81184E-4	36	96	0	2.4602E-4	1.57453E-4
36	97	0	3.06774E-5	1.96335E-5	36	98	0	2.32966E-6	1.49099E-6
36	99	0	2.27977E-7	1.45906E-7	36	100	0	5.94914E-9	3.80745E-9
36	101	0	1.33159E-10	8.52219E-11	36	102	0	2.15987E-11	1.38232E-11
36	103	0	8.72844E-12	5.5862E-12	37	83	0	1.39E-11	8.896E-12
37	84	0	4.36E-10	2.7904E-10	37	85	0	8.95E-8	5.728E-8
37	86	1	7.3E-8	4.672E-8	37	86	0	7.3E-8	4.672E-8
37	87	0	2.084E-5	1.33376E-5	37	88	0	1.5134E-4	9.68576E-5
37	89	0	0.00126502	8.09613E-4	37	90	0	5.9064E-4	3.7801E-4
37	90	1	0.00475305	0.00304195	37	91	0	0.0169844	0.005435
37	92	0	0.0266993	0.00854378	37	93	0	0.0342	0.010944
37	94	0	0.0317526	0.0101608	37	95	0	0.0191258	0.00612027
37	96	0	0.00765457	0.00489892	37	97	0	0.00246231	0.00157588
37	98	0	4.9319E-4	3.15642E-4	37	99	0	7.47747E-5	4.78558E-5
37	100	0	8.3E-6	5.312E-6	37	101	0	6.197E-7	3.96608E-7
37	102	0	1.00517E-7	6.43307E-8	37	103	0	4.06207E-8	2.59972E-8
37	104	0	7.91023E-11	5.06255E-11	37	105	0	1.45708E-11	9.32532E-12
38	84	0	1.07E-14	6.848E-15	38	85	1	3.235E-12	2.0704E-12
38	85	0	3.235E-12	2.0704E-12	38	86	0	2.9E-10	1.856E-10
38	87	0	1.18E-8	7.552E-9	38	87	1	1.46E-9	9.344E-10
38	88	0	2.76E-7	1.7664E-7	38	89	0	6.54E-6	4.1856E-6
38	90	0	7.496E-5	4.79744E-5	38	91	0	5.3572E-4	3.42861E-4
38	92	0	0.00402929	0.00257875	38	93	0	0.00791519	0.00506572
38	94	0	0.0186995	0.00598385	38	95	0	0.0243062	0.00777799
38	96	0	0.0226535	0.00724913	38	97	0	0.0174523	0.00558474
38	98	0	0.00857311	0.00548679	38	99	0	0.0028936	0.0018519
38	100	0	8.5612E-4	5.47917E-4	38	101	0	3.0363E-4	1.94323E-4
38	102	0	4.92495E-5	3.15197E-5	38	103	0	1.99026E-5	1.27377E-5
38	104	0	5.49921E-7	3.51949E-7	38	105	0	1.01297E-7	6.48298E-8
38	106	0	1.91946E-10	1.22846E-10	38	107	0	4.15538E-11	2.65944E-11
38	108	0	6.30236E-12	4.03351E-12	39	87	0	5.72E-13	3.6608E-13
39	88	0	3.52E-11	2.2528E-11	39	89	0	2.56E-10	1.6384E-10
39	89	1	2.07E-9	1.3248E-9	39	90	1	3.965E-8	2.5376E-8
39	90	0	3.965E-8	2.5376E-8	39	91	1	8.0E-7	5.12E-7
39	91	0	8.0E-7	5.12E-7	39	92	0	1.982E-5	1.26848E-5
39	93	1	8.383E-5	5.36512E-5	39	93	0	8.383E-5	5.36512E-5
39	94	0	0.00102545	6.56288E-4	39	95	0	0.00326675	0.00209072
39	96	0	4.4337E-4	2.83757E-4	39	96	1	0.00694563	0.0044452
39	97	1	0.00659903	0.00422338	39	97	0	0.00659903	0.00422338
39	98	0	0.00748754	0.00479203	39	98	1	0.00748565	0.00479082
39	99	0	0.0121519	0.00388862	39	100	0	0.00766691	0.00490682
39	101	0	0.00469201	0.00300289	39	102	0	0.00177946	0.00113885
39	103	0	5.15577E-4	3.29969E-4	39	104	0	1.3566E-4	8.68224E-5
39	105	0	3.32245E-5	2.12637E-5	39	106	0	8.93285E-7	5.71702E-7
39	107	0	1.93384E-7	1.23766E-7	39	108	0	2.93301E-8	1.87713E-8
39	109	0	1.32662E-10	8.4904E-11	39	110	0	1.66834E-11	1.06774E-11
39	111	0	8.01554E-12	5.12994E-12	40	89	0	5.85E-14	3.744E-14
40	90	1	2.87E-12	1.8368E-12	40	90	0	2.87E-12	1.8368E-12
40	91	0	3.3E-10	2.112E-10	40	92	0	1.14E-8	7.296E-9
40	93	0	2.76E-7	1.7664E-7	40	94	0	4.66E-6	2.9824E-6
40	95	0	3.996E-5	2.55744E-5	40	96	0	2.2854E-4	1.46266E-4
40	97	0	0.00101953	6.52499E-4	40	98	0	0.00280009	0.00179206
40	99	0	0.00536644	0.00343452	40	100	0	0.00720972	0.00461422
40	101	0	0.00733584	0.00469494	40	102	0	0.00607813	0.00389
40	103	0	0.00436845	0.00279581	40	104	0	0.00272451	0.00174369
40	105	0	0.0012857	8.22851E-4	40	106	0	4.37677E-4	2.80113E-4
40	107	0	9.47512E-5	6.06408E-5	40	108	0	1.43707E-5	9.19722E-6
40	109	0	9.22272E-7	5.90254E-7	40	110	0	1.15983E-7	7.42293E-8
40	111	0	5.57242E-8	3.56635E-8	40	112	0	9.14498E-11	5.85279E-11
40	113	0	2.75321E-11	1.76205E-11	41	92	0	4.54E-13	2.9056E-13
41	93	0	2.81E-11	1.7984E-11	41	93	1	3.47E-12	2.2208E-12
41	94	0	1.12E-9	7.168E-10	41	94	1	3.95E-10	2.528E-10
41	95	0	0.00171566	0.00109802	41	95	1	1.6968E-4	1.08595E-4
41	96	0	5.67E-7	3.6288E-7	41	97	0	6.08E-6	3.8912E-6
41	97	1	7.52E-7	4.8128E-7	41	98	0	4.076E-5	2.60864E-5
41	98	1	7.19E-6	4.6016E-6	41	99	0	1.873E-5	1.19872E-5
41	99	1	2.1535E-4	1.37824E-4	41	100	0	3.5328E-4	2.26099E-4
41	100	1	3.5328E-4	2.26099E-4	41	101	0	0.00122728	7.85459E-4
41	102	1	0.00112482	7.19882E-4	41	102	0	0.00112482	7.19882E-4
41	103	0	0.00361714	0.00231497	41	104	1	0.00270275	0.00172976
41	104	0	0.00270275	0.00172976	41	105	0	0.00618909	0.00396102
41	106	0	0.00496747	0.00317918	41	107	0	0.00245453	0.0015709
41	108	0	0.00104249	6.67194E-4	41	109	0	3.02498E-4	1.93598E-4
41	110	0	5.784E-5	3.70176E-5	41	111	0	1.82771E-5	1.16973E-5
41	112	0	4.25592E-7	2.72379E-7	41	113	0	1.2813E-7	8.2003E-8
41	114	0	5.27828E-10	3.3781E-10	41	115	0	3.25917E-11	2.08587E-11
41	116	0	2.73263E-12	1.74888E-12	42	94	0	3.33E-14	2.1312E-14
42	95	0	2.26E-12	1.4464E-12	42	96	0	9.54E-11	6.1056E-11
42	97	0	3.17E-9	2.0288E-9	42	98	0	6.22E-8	3.9808E-8
42	99	0	8.21E-7	5.2544E-7	42	100	0	5.94E-6	3.8016E-6
42	101	0	1.848E-5	1.18272E-5	42	102	0	8.059E-5	5.15776E-5
42	103	0	3.3542E-4	2.14669E-4	42	104	0	0.00116189	7.4361E-4
42	105	0	0.00327983	0.00209909	42	106	0	0.0058604	0.00375066
42	107	0	0.00695487	0.00445112	42	108	0	0.00674411	0.00431623
42	109	0	0.00479247	0.00306718	42	110	0	0.00224566	0.00143722
42	111	0	7.07277E-4	4.52657E-4	42	112	0	2.08524E-4	1.33456E-4
42	113	0	6.27788E-5	4.01785E-5	42	114	0	3.66947E-6	2.34846E-6
42	115	0	2.26578E-7	1.4501E-7	42	116	0	1.89973E-8	1.21583E-8
42	117	0	1.60303E-10	1.02594E-10	42	118	0	2.71264E-11	1.73609E-11
42	119	0	4.17531E-12	2.6722E-12	43	97	1	5.1E-14	3.264E-14
43	97	0	5.1E-14	3.264E-14	43	98	0	5.58E-12	3.5712E-12
43	99	0	1.82E-10	1.1648E-10	43	99	1	2.25E-11	1.44E-11
43	100	0	3.68E-9	2.3552E-9	43	101	0	1.87E-8	1.1968E-8
43	102	0	1.15E-7	7.36E-8	43	102	1	1.15E-7	7.36E-8
43	103	0	2.55E-6	1.632E-6	43	104	0	2.319E-5	1.48416E-5
43	105	0	1.5754E-4	1.00826E-4	43	106	0	7.214E-4	4.61696E-4
43	107	0	0.00221633	0.00141845	43	108	0	0.00464964	0.00297577
43	109	0	0.00766076	0.00490289	43	110	0	0.00820825	0.00525328
43	111	0	0.00620161	0.00396903	43	112	0	0.00429871	0.00275117
43	113	0	0.00162628	0.00104082	43	114	0	4.8791E-4	3.12262E-4
43	115	0	7.43158E-5	4.75621E-5	43	116	0	1.691E-5	1.08224E-5
43	117	0	7.46023E-7	4.77455E-7	43	118	0	1.26242E-7	8.07947E-8
43	119	0	1.94312E-8	1.2436E-8	43	120	0	1.6971E-10	1.08615E-10
43	121	0	2.29805E-11	1.47075E-11	43	122	0	1.42672E-12	9.131E-13
44	100	0	1.55E-13	9.92E-14	44	101	0	1.46E-12	9.344E-13
44	102	0	4.62E-11	2.9568E-11	44	103	0	1.42E-9	9.088E-10
44	104	0	3.53E-8	2.2592E-8	44	105	0	6.46E-7	4.1344E-7
44	106	0	7.82E-6	5.0048E-6	44	107	0	5.763E-5	3.68832E-5
44	108	0	3.2753E-4	2.09619E-4	44	109	1	6.5573E-4	4.19667E-4
44	109	0	6.5573E-4	4.19667E-4	44	110	0	0.00324891	0.0020793
44	111	0	0.0055798	0.00357107	44	112	0	0.00821101	0.00369495
44	113	0	0.00810885	0.00518966	44	114	0	0.00552624	0.00353679
44	115	0	0.00287584	0.00184054	44	116	0	0.00113532	7.26605E-4
44	117	0	3.65524E-4	2.33935E-4	44	118	0	6.18537E-5	3.95864E-5
44	119	0	9.52056E-6	6.09316E-6	44	120	0	1.17983E-6	7.55091E-7
44	121	0	1.59761E-7	1.02247E-7	44	122	0	9.91857E-9	6.34789E-9
44	123	0	3.07208E-10	1.96613E-10	44	124	0	3.21E-11	2.0544E-11
44	125	0	4.94122E-12	3.16238E-12	45	103	1	4.52E-14	2.8928E-14
45	104	0	5.58E-13	3.5712E-13	45	104	1	3.16E-12	2.0224E-12
45	105	0	1.85E-10	1.184E-10	45	105	1	1.39E-11	8.896E-12
45	106	0	3.18E-9	2.0352E-9	45	106	1	3.18E-9	2.0352E-9
45	107	0	1.26E-7	8.064E-8	45	108	0	9.63E-7	6.1632E-7
45	108	1	9.63E-7	6.1632E-7	45	109	0	1.012E-5	6.4768E-6
45	109	1	1.012E-5	6.4768E-6	45	110	0	6.261E-5	4.00704E-5
45	110	1	6.261E-5	4.00704E-5	45	111	0	5.217E-4	3.33888E-4
45	112	0	0.00185877	0.00118961	45	113	0	0.00417422	0.0026715
45	114	0	0.00648109	0.0041479	45	115	0	0.00785698	0.00502847
45	116	0	0.00685396	0.00438653	45	117	0	0.00525844	0.0033654
45	118	0	0.00207558	0.00132837	45	119	0	7.6416E-4	4.89062E-4
45	120	0	2.1855E-4	1.39872E-4	45	121	0	5.24002E-5	3.35361E-5
45	122	0	9.55E-6	6.112E-6	45	123	0	1.42969E-6	9.15003E-7
45	124	0	1.62E-7	1.0368E-7	45	125	0	2.29956E-8	1.47172E-8
45	126	0	3.06342E-10	1.96059E-10	45	127	0	3.48205E-11	2.22851E-11
45	128	0	1.79778E-12	1.15058E-12	46	106	0	3.51E-13	2.2464E-13
46	107	0	4.09E-12	2.6176E-12	46	107	1	1.54E-11	9.856E-12
46	108	0	8.2E-10	5.248E-10	46	109	0	4.96E-9	3.1744E-9
46	109	1	1.87E-8	1.1968E-8	46	110	0	3.86E-7	2.4704E-7
46	111	0	8.76E-7	5.6064E-7	46	111	1	3.29E-6	2.1056E-6
46	112	0	3.925E-5	2.512E-5	46	113	0	2.1619E-4	1.38362E-4
46	114	0	8.0254E-4	5.13626E-4	46	115	0	0.00225224	0.00144143
46	116	0	0.00442595	0.00283261	46	117	0	0.00745423	0.00477071
46	118	0	0.00662613	0.00424072	46	119	0	0.00542259	0.00347046
46	120	0	0.00337051	0.00215713	46	121	0	0.00176018	0.00112652
46	122	0	6.9147E-4	4.42541E-4	46	123	0	2.283E-4	1.46112E-4
46	124	0	5.733E-5	3.66912E-5	46	125	0	1.1267E-5	7.21088E-6
46	126	0	2.12969E-6	1.363E-6	46	127	0	2.42073E-7	1.54927E-7
46	128	0	1.24982E-8	7.99885E-9	46	129	0	9.25877E-11	5.92562E-11
46	130	0	3.85E-11	2.464E-11	46	131	0	5.85594E-12	3.7478E-12
47	108	1	1.18E-14	7.552E-15	47	108	0	1.18E-14	7.552E-15
47	109	1	8.95E-13	5.728E-13	47	109	0	8.95E-13	5.728E-13
47	110	0	1.51E-11	9.664E-12	47	110	1	1.42E-6	9.088E-7
47	111	0	1.96E-10	1.2544E-10	47	111	1	2.25E-9	1.44E-9
47	112	0	1.0312E-4	3.29984E-5	47	113	0	7.27E-8	4.6528E-8
47	113	1	8.36E-7	5.3504E-7	47	114	0	8.7E-6	5.568E-6
47	115	0	3.111E-5	1.99104E-5	47	115	1	3.111E-5	1.99104E-5
47	116	0	1.4498E-4	9.27872E-5	47	116	1	1.4498E-4	9.27872E-5
47	117	0	6.0054E-4	3.84346E-4	47	117	1	6.0054E-4	3.84346E-4
47	118	0	0.00114651	7.33766E-4	47	118	1	0.00114651	7.33766E-4
47	119	0	0.00408832	0.00261652	47	120	1	0.00263485	0.0016863
47	120	0	0.00263485	0.0016863	47	121	0	0.00561925	0.00359632
47	122	1	0.00223666	0.00143146	47	122	0	0.00223666	0.00143146
47	123	0	0.00305186	0.00195319	47	124	0	0.00161752	0.00103521
47	125	0	7.0336E-4	4.5015E-4	47	126	0	2.986E-4	1.91104E-4
47	127	0	7.93979E-5	5.08147E-5	47	128	0	1.239E-5	7.9296E-6
47	129	0	4.30888E-7	2.75768E-7	47	130	0	2.53E-7	1.6192E-7
47	131	0	2.72526E-8	1.74416E-8	47	132	0	9.66487E-11	6.18551E-11
47	133	0	1.29068E-11	8.26038E-12	48	111	0	1.37E-14	8.768E-15
48	111	1	8.39E-14	5.3696E-14	48	112	0	5.95E-12	3.808E-12
48	113	0	3.83E-11	2.4512E-11	48	113	1	2.35E-10	1.504E-10
48	114	0	7.02E-9	4.4928E-9	48	115	0	1.86E-8	1.1904E-8
48	115	1	1.14E-7	7.296E-8	48	116	0	1.58E-6	1.0112E-6
48	117	0	2.35E-6	1.504E-6	48	117	1	1.442E-5	9.2288E-6
48	118	0	7.633E-5	4.88512E-5	48	119	0	1.582E-4	1.01248E-4
48	119	1	1.582E-4	1.01248E-4	48	120	0	8.8162E-4	5.64237E-4
48	121	1	9.9191E-4	6.34822E-4	48	121	0	9.9191E-4	6.34822E-4
48	122	0	0.00308122	0.00197198	48	123	0	0.00417812	0.002674
48	124	0	0.00425718	0.0027246	48	125	0	0.00396323	0.00253647
48	126	0	0.00354568	0.00226924	48	127	0	0.0023025	0.0014736
48	128	0	9.2003E-4	5.88819E-4	48	129	0	2.11119E-4	1.35116E-4
48	130	0	1.1658E-4	7.46112E-5	48	131	0	1.33527E-5	8.54575E-6
48	132	0	6.71903E-7	4.30018E-7	48	133	0	8.97287E-8	5.74263E-8
48	134	0	5.16E-10	3.3024E-10	48	135	0	2.45573E-11	1.57167E-11
48	136	0	4.88E-14	3.1232E-14	49	114	0	5.81E-14	3.7184E-14
49	114	1	3.29E-13	2.1056E-13	49	115	0	1.77E-11	1.1328E-11
49	115	1	2.19E-12	1.4016E-12	49	116	2	2.06667E-10	1.32267E-10
49	116	0	2.06667E-10	1.32267E-10	49	116	1	2.06667E-10	1.32267E-10
49	117	0	1.35E-8	8.64E-9	49	117	1	1.66E-9	1.0624E-9
49	118	2	1.51E-8	9.664E-9	49	118	0	1.71E-7	1.0944E-7
49	118	1	1.51E-8	9.664E-9	49	119	0	1.83E-6	1.1712E-6
49	119	1	2.27E-7	1.4528E-7	49	120	2	4.42667E-6	2.83307E-6
49	120	0	4.42667E-6	2.83307E-6	49	120	1	4.42667E-6	2.83307E-6
49	121	0	5.761E-5	3.68704E-5	49	121	1	7.12E-6	4.5568E-6
49	122	2	7.24133E-5	4.63445E-5	49	122	0	7.24133E-5	4.63445E-5
49	122	1	7.24133E-5	4.63445E-5	49	123	0	5.4168E-4	3.46675E-4
49	123	1	6.695E-5	4.2848E-5	49	124	1	6.3785E-4	4.08224E-4
49	124	0	6.3785E-4	4.08224E-4	49	125	0	0.00118784	7.60218E-4
49	125	1	0.00119733	7.66291E-4	49	126	1	0.0021673	0.00138707
49	126	0	0.0021673	0.00138707	49	127	0	0.00321177	0.00205553
49	127	1	0.00321177	0.00205553	49	128	1	0.00304549	0.00194911
49	128	0	0.00304549	0.00194911	49	129	0	0.00192915	0.00123466
49	129	1	0.00192915	0.00123466	49	130	2	0.00140118	8.96757E-4
49	130	1	0.00140118	8.96757E-4	49	130	0	0.00140118	8.96757E-4
49	131	1	7.08015E-4	4.5313E-4	49	131	0	7.08015E-4	4.5313E-4
49	132	0	2.4477E-4	1.56653E-4	49	133	0	2.94303E-5	1.88354E-5
49	134	0	2.15E-6	1.376E-6	49	135	0	1.14286E-7	7.31428E-8
49	136	0	2.07E-9	1.3248E-9	49	137	0	3.40859E-11	2.1815E-11
50	116	0	1.65E-14	1.056E-14	50	117	1	5.45E-13	3.488E-13
50	117	0	5.45E-13	3.488E-13	50	118	0	3.73E-11	2.3872E-11
50	119	0	1.37E-10	8.768E-11	50	119	1	8.4E-10	5.376E-10
50	120	0	1.51E-8	9.664E-9	50	121	0	3.07E-8	1.9648E-8
50	121	1	1.4E-7	8.96E-8	50	122	0	1.28E-6	8.192E-7
50	123	0	6.46E-6	4.1344E-6	50	123	1	1.42E-6	9.088E-7
50	124	0	3.657E-5	2.34048E-5	50	125	0	1.1974E-4	7.66336E-5
50	125	1	2.629E-5	1.68256E-5	50	126	0	5.6381E-4	3.60838E-4
50	127	0	0.00159269	0.00101932	50	127	1	3.4961E-4	2.2375E-4
50	128	1	0.00213568	0.00136684	50	128	0	0.00213568	0.00136684
50	129	0	0.00583541	0.00262593	50	129	1	0.00124611	7.9751E-4
50	130	1	0.00717654	0.00459299	50	130	0	0.00717654	0.00459299
50	131	1	0.00648858	0.00415269	50	131	0	0.00648858	0.00415269
50	132	0	0.00707623	0.00452879	50	133	0	0.00275146	0.00176093
50	134	0	6.3589E-4	4.0697E-4	50	135	0	5.59957E-5	3.58372E-5
50	136	0	5.93E-6	3.7952E-6	50	137	0	2.36966E-7	1.51658E-7
50	138	0	1.25E-8	8.0E-9	50	139	0	3.45877E-10	2.21361E-10
50	140	0	3.35163E-11	2.14504E-11	51	119	0	3.14E-14	2.0096E-14
51	120	0	3.08E-13	1.9712E-13	51	120	1	8.76E-13	5.6064E-13
51	121	0	3.17E-11	2.0288E-11	51	122	0	1.63E-10	1.0432E-10
51	122	1	3.81E-10	2.4384E-10	51	123	0	7.65E-9	4.896E-9
51	124	2	2.40547E-4	1.5395E-4	51	124	0	2.40547E-4	1.5395E-4
51	124	1	2.40547E-4	1.5395E-4	51	125	0	7.36E-7	4.7104E-7
51	126	2	1.385E-6	8.864E-7	51	126	0	3.67E-6	2.3488E-6
51	126	1	1.385E-6	8.864E-7	51	127	0	5.58E-5	3.5712E-5
51	128	0	1.7653E-4	1.12979E-4	51	128	1	1.3317E-4	8.52288E-5
51	129	0	0.00136922	8.76301E-4	51	130	0	0.00302909	0.00193862
51	130	1	0.00228515	0.0014625	51	131	0	0.0124965	0.00399887
51	132	0	0.00769913	0.00492744	51	132	1	0.0120422	0.00385351
51	133	0	0.0224317	0.00717815	51	134	1	0.00756411	0.00484103
51	134	0	0.00756411	0.00484103	51	135	0	0.00396224	0.00253583
51	136	0	0.00122191	7.82022E-4	51	137	0	1.3812E-4	8.83968E-5
51	138	0	2.042E-5	1.30688E-5	51	139	0	1.60965E-6	1.03018E-6
51	140	0	1.55979E-7	9.98266E-8	51	141	0	5.22994E-10	3.34716E-10
51	142	0	9.29093E-11	5.94619E-11	51	143	0	3.05748E-11	1.95679E-11
52	122	0	1.57E-14	1.0048E-14	52	123	0	7.14E-14	4.5696E-14
52	123	1	4.39E-13	2.8096E-13	52	124	0	1.23E-11	7.872E-12
52	125	0	3.65E-11	2.336E-11	52	125	1	2.24E-10	1.4336E-10
52	126	0	5.47E-9	3.5008E-9	52	127	0	2.01E-8	1.2864E-8
52	127	1	9.14E-8	5.8496E-8	52	128	0	1.87E-6	1.1968E-6
52	129	0	4.53E-6	2.8992E-6	52	129	1	2.063E-5	1.32032E-5
52	130	0	1.9037E-4	1.21837E-4	52	131	0	2.2538E-4	1.44243E-4
52	131	1	0.00102645	6.56928E-4	52	132	0	0.0059898	0.00383347
52	133	0	0.00347768	0.00222572	52	133	1	0.0158423	0.00506955
52	134	0	0.0344506	0.0110242	52	135	0	0.0244173	0.00781352
52	136	0	0.020729	0.00663329	52	137	0	0.00622102	0.00398145
52	138	0	0.0024544	0.00157082	52	139	0	5.283E-4	3.38112E-4
52	140	0	7.6424E-5	4.89114E-5	52	141	0	3.63586E-6	2.32695E-6
52	142	0	6.45907E-7	4.13381E-7	52	143	0	2.12557E-7	1.36036E-7
52	144	0	2.13926E-10	1.36912E-10	52	145	0	1.95723E-11	1.25263E-11
53	126	0	3.19E-13	2.0416E-13	53	127	0	1.76E-11	1.1264E-11
53	128	0	8.17E-10	5.2288E-10	53	129	0	3.44E-8	2.2016E-8
53	130	0	2.448E-4	1.56672E-4	53	130	1	5.374E-5	3.43936E-5
53	131	0	1.081E-5	6.9184E-6	53	132	1	6.2278E-4	3.98579E-4
53	132	0	6.2278E-4	3.98579E-4	53	133	1	9.886801E-4	6.32755E-4
53	133	0	9.886801E-4	6.32755E-4	53	134	0	0.00996421	0.00318855
53	134	1	0.00543228	0.00244453	53	135	0	0.0227111	0.00363377
53	136	0	0.0177128	0.00566811	53	136	1	0.0176301	0.00564163
53	137	0	0.0259581	0.00415329	53	138	0	0.0252875	0.00809199
53	139	0	0.0138528	0.0044329	53	140	0	0.00527333	0.00337493
53	141	0	0.00119253	7.63222E-4	53	142	0	3.2219E-4	2.06202E-4
53	143	0	6.97169E-5	4.46188E-5	53	144	0	9.955741E-7	6.37167E-7
53	145	0	9.10863E-8	5.82952E-8	53	146	0	4.8612E-10	3.11117E-10
53	147	0	3.11054E-11	1.99075E-11	54	128	0	2.42E-14	1.5488E-14
54	129	1	1.63E-12	1.0432E-12	54	129	0	1.63E-12	1.0432E-12
54	130	0	1.09E-10	6.976E-11	54	131	0	1.24E-9	7.936E-10
54	131	1	5.67E-9	3.6288E-9	54	132	0	4.14E-7	2.6496E-7
54	133	0	1.19E-6	7.616E-7	54	133	1	5.41E-6	3.4624E-6
54	134	0	3.78E-5	2.4192E-5	54	134	1	1.722E-4	1.10208E-4
54	135	0	2.4328E-4	1.55699E-4	54	135	1	0.00114294	7.31482E-4
54	136	0	0.0064974	0.00415834	54	137	0	0.0236813	0.00260495
54	138	0	0.0268952	0.00430323	54	139	0	0.0347777	0.00382554
54	140	0	0.0321501	0.00353652	54	141	0	0.0169956	0.00186951
54	142	0	0.00683598	0.00109376	54	143	1	0.00134894	8.63319E-4
54	143	0	0.00134894	8.63319E-4	54	144	0	4.87794E-4	3.12188E-4
54	145	0	4.46289E-5	2.85625E-5	54	146	0	3.37951E-6	2.16289E-6
54	147	0	2.16245E-7	1.38397E-7	54	148	0	2.1E-9	1.344E-9
54	149	0	2.68813E-11	1.7204E-11	54	150	0	2.22E-13	1.4208E-13
55	131	0	2.99E-13	1.9136E-13	55	132	0	6.55E-11	4.192E-11
55	133	0	3.66E-9	2.3424E-9	55	134	1	2.13E-6	1.3632E-6
55	134	0	2.13E-6	1.3632E-6	55	135	1	2.614E-5	1.67296E-5
55	135	0	2.614E-5	1.67296E-5	55	136	1	7.833E-5	5.01312E-5
55	136	0	7.833E-5	5.01312E-5	55	137	0	7.7793E-4	4.97875E-4
55	138	0	0.00158307	0.00101316	55	138	1	0.00154248	9.87187E-4
55	139	0	0.00950737	0.00608472	55	140	0	0.0211401	0.00486223
55	141	0	0.0365971	0.0117111	55	142	0	0.0325926	0.0104296
55	143	0	0.0242077	0.00774646	55	144	0	0.0110779	0.00354493
55	145	0	0.00271642	0.00173851	55	146	0	5.9642E-4	3.81709E-4
55	147	0	7.09267E-5	4.53931E-5	55	148	0	3.53E-6	2.2592E-6
55	149	0	1.25101E-7	8.00647E-8	55	150	0	3.45E-9	2.208E-9
55	151	0	1.79918E-11	1.15147E-11	55	152	0	9.11834E-13	5.83574E-13
56	133	0	1.38E-13	8.832E-14	56	134	0	4.89E-11	3.1296E-11
56	135	1	1.53E-9	9.792E-10	56	135	0	1.53E-9	9.792E-10
56	136	1	6.85E-8	4.384E-8	56	136	0	6.85E-8	4.384E-8
56	137	0	4.87E-7	3.1168E-7	56	137	1	2.22E-6	1.4208E-6
56	138	0	3.023E-5	1.93472E-5	56	139	0	2.5321E-4	1.62054E-4
56	140	0	0.00146	9.344E-4	56	141	0	0.00644544	0.00412508
56	142	0	0.0134185	0.00429393	56	143	0	0.0222055	0.00710576
56	144	0	0.0246364	0.00788365	56	145	0	0.014937	0.00477983
56	146	0	0.0087692	0.00561229	56	147	0	0.00274469	0.0017566
56	148	0	4.3574E-4	2.78874E-4	56	149	0	6.12949E-5	3.92287E-5
56	150	0	3.7E-6	2.368E-6	56	151	0	1.25079E-7	8.00506E-8
56	152	0	6.33909E-9	4.05702E-9	56	153	0	6.38047E-11	4.0835E-11
56	154	0	3.2E-12	2.048E-12	56	155	0	1.84256E-13	1.17924E-13
57	135	0	8.58E-14	5.4912E-14	57	137	0	6.93E-10	4.4352E-10
57	138	0	2.19E-8	1.4016E-8	57	139	0	5.09E-7	3.2576E-7
57	140	0	8.04E-6	5.1456E-6	57	141	0	9.058E-5	5.79712E-5
57	142	0	5.0963E-4	3.26163E-4	57	143	0	0.00212864	0.00136233
57	144	0	0.00585047	0.0037443	57	145	0	0.00837792	0.00536187
57	146	1	0.00655821	0.00419725	57	146	0	0.00655821	0.00419725
57	147	0	0.0110154	0.00352494	57	148	0	0.00459837	0.00294296
57	149	0	0.00177559	0.00113638	57	150	0	2.9597E-4	1.89421E-4
57	151	0	4.10249E-5	2.62559E-5	57	152	0	3.8E-6	2.432E-6
57	153	0	2.96936E-7	1.90039E-7	57	154	0	1.49E-8	9.536E-9
57	155	0	8.57498E-10	5.48799E-10	57	156	0	3.60994E-12	2.31036E-12
57	157	0	1.59643E-13	1.02171E-13	57	158	0	4.57355E-15	2.92707E-15
58	137	0	1.19E-14	7.616E-15	58	138	0	1.09E-12	6.976E-13
58	139	0	1.3E-11	8.32E-12	58	139	1	5.92E-11	3.7888E-11
58	140	0	3.21E-9	2.0544E-9	58	141	0	1.03E-7	6.592E-8
58	142	0	1.53E-6	9.792E-7	58	143	0	1.749E-5	1.11936E-5
58	144	0	1.3375E-4	8.56E-5	58	145	0	5.2633E-4	3.36851E-4
58	146	0	0.00209559	0.00134118	58	147	0	0.00462287	0.00295864
58	148	0	0.00504207	0.00322692	58	149	0	0.00477063	0.0030532
58	150	0	0.00210027	0.00134417	58	151	0	7.3261E-4	4.6887E-4
58	152	0	1.7534E-4	1.12218E-4	58	153	0	3.657E-5	2.34048E-5
58	154	0	4.88E-6	3.1232E-6	58	155	0	4.20142E-7	2.68891E-7
58	156	0	2.50964E-8	1.60617E-8	58	157	0	1.10984E-9	7.10298E-10
58	158	0	3.17954E-11	2.03491E-11	58	159	0	5.67153E-13	3.62978E-13
59	140	0	8.75E-14	5.6E-14	59	141	0	8.18E-12	5.2352E-12
59	142	1	1.67E-10	1.0688E-10	59	142	0	1.67E-10	1.0688E-10
59	143	0	1.07E-8	6.848E-9	59	144	0	1.32E-8	8.448E-9
59	144	1	2.07E-7	1.3248E-7	59	145	0	2.58E-6	1.6512E-6
59	146	0	3.0E-5	1.92E-5	59	147	0	1.9331E-4	1.23718E-4
59	148	1	2.91385E-4	1.86486E-4	59	148	0	2.91385E-4	1.86486E-4
59	149	0	0.0014979	9.58656E-4	59	150	0	0.00158348	0.00101343
59	151	0	0.00129584	8.29338E-4	59	152	0	7.5112E-4	4.80717E-4
59	153	0	3.8595E-4	2.47008E-4	59	154	0	1.2795E-4	8.1888E-5
59	155	0	2.825E-5	1.808E-5	59	156	0	4.44E-6	2.8416E-6
59	157	0	5.12E-7	3.2768E-7	59	158	0	3.99E-8	2.5536E-8
59	159	0	2.63943E-9	1.68924E-9	59	160	0	6.69E-11	4.2816E-11
59	161	0	4.45849E-13	2.85344E-13	59	162	0	1.84093E-14	1.17819E-14
59	163	0	5.04817E-16	3.23083E-16	60	143	0	4.31E-13	2.7584E-13
60	144	0	2.66E-11	1.7024E-11	60	145	0	8.62E-10	5.5168E-10
60	146	0	3.24E-8	2.0736E-8	60	147	0	6.44E-7	4.1216E-7
60	148	0	5.86E-6	3.7504E-6	60	149	0	4.303E-5	2.75392E-5
60	150	0	1.2255E-4	7.8432E-5	60	151	0	2.5121E-4	1.60774E-4
60	152	0	3.4761E-4	2.2247E-4	60	153	0	4.2362E-4	2.71117E-4
60	154	0	3.2636E-4	2.0887E-4	60	155	0	1.7052E-4	1.09133E-4
60	156	0	6.525E-5	4.176E-5	60	157	0	1.845E-5	1.1808E-5
60	158	0	3.71E-6	2.3744E-6	60	159	0	6.5E-7	4.16E-7
60	160	0	4.34E-8	2.7776E-8	60	161	0	3.09955E-9	1.98371E-9
60	162	0	1.27982E-10	8.19082E-11	60	163	0	3.5095E-12	2.24608E-12
60	164	0	7.43E-14	4.7552E-14	60	165	0	1.5167E-15	9.7069E-16
60	166	0	8.31561E-17	5.32199E-17	61	145	0	2.05E-14	1.312E-14
61	146	0	2.4E-12	1.536E-12	61	147	0	1.51E-10	9.664E-11
61	148	0	7.85E-10	5.024E-10	61	148	1	3.58E-9	2.2912E-9
61	149	0	7.17E-8	4.5888E-8	61	150	0	7.98E-7	5.1072E-7
61	151	0	4.39E-6	2.8096E-6	61	152	2	5.29333E-6	3.38773E-6
61	152	0	5.29333E-6	3.38773E-6	61	152	1	5.29333E-6	3.38773E-6
61	153	0	4.891E-5	3.13024E-5	61	154	0	4.508E-5	2.88512E-5
61	154	1	4.508E-5	2.88512E-5	61	155	0	1.1012E-4	7.04768E-5
61	156	0	9.76E-5	6.2464E-5	61	157	0	6.3E-5	4.032E-5
61	158	0	3.03E-5	1.9392E-5	61	159	0	1.306E-5	8.3584E-6
61	160	0	2.16E-6	1.3824E-6	61	161	0	4.02E-7	2.5728E-7
61	162	0	4.31E-8	2.7584E-8	61	163	0	3.21E-9	2.0544E-9
61	164	0	1.81E-10	1.1584E-10	61	165	0	7.05848E-12	4.51743E-12
61	166	0	3.86994E-13	2.47676E-13	61	167	0	1.32892E-15	8.50508E-16
61	168	0	4.14209E-17	2.65093E-17	62	148	0	2.22E-13	1.4208E-13
62	149	0	1.16E-11	7.424E-12	62	150	0	3.78E-10	2.4192E-10
62	151	0	5.98E-9	3.8272E-9	62	152	0	5.87E-8	3.7568E-8
62	153	0	4.92E-7	3.1488E-7	62	154	0	2.35E-6	1.504E-6
62	155	0	7.21E-6	4.6144E-6	62	156	0	1.559E-5	9.9776E-6
62	157	0	2.332E-5	1.49248E-5	62	158	0	2.609E-5	1.66976E-5
62	159	0	2.607E-5	1.66848E-5	62	160	0	9.9E-6	6.336E-6
62	161	0	4.45E-6	2.848E-6	62	162	0	1.16E-6	7.424E-7
62	163	0	2.21E-7	1.4144E-7	62	164	0	3.2E-8	2.048E-8
62	165	0	3.34E-9	2.1376E-9	62	166	0	1.89613E-10	1.21352E-10
62	167	0	9.23867E-12	5.91275E-12	62	168	0	2.87959E-13	1.84293E-13
62	169	0	2.44907E-15	1.5674E-15	62	171	0	4.50794E-18	2.88508E-18
63	151	0	5.11E-13	3.2704E-13	63	152	2	5.14667E-12	3.29387E-12
63	152	0	5.14667E-12	3.29387E-12	63	152	1	5.14667E-12	3.29387E-12
63	153	0	3.59E-10	2.2976E-10	63	154	1	2.38E-9	1.5232E-9
63	154	0	2.38E-9	1.5232E-9	63	155	0	3.93E-8	2.5152E-8
63	156	0	2.23E-7	1.4272E-7	63	157	0	8.35E-7	5.344E-7
63	158	0	2.33E-6	1.4912E-6	63	159	0	5.61E-6	3.5904E-6
63	160	0	4.9E-6	3.136E-6	63	161	0	5.1E-6	3.264E-6
63	162	0	3.02E-6	1.9328E-6	63	163	0	1.37E-6	8.768E-7
63	164	0	4.7E-7	3.008E-7	63	165	0	1.23E-7	7.872E-8
63	166	0	1.77E-8	1.1328E-8	63	167	0	2.28E-9	1.4592E-9
63	168	0	1.92E-10	1.2288E-10	63	169	0	1.13976E-11	7.29443E-12
63	170	0	4.07E-13	2.6048E-13	63	171	0	2.09792E-14	1.34267E-14
63	172	0	7.06168E-17	4.51948E-17	64	153	0	1.82E-14	1.1648E-14
64	154	0	6.76E-13	4.3264E-13	64	155	0	1.51E-11	9.664E-12
64	156	0	2.38E-10	1.5232E-10	64	157	0	2.38E-9	1.5232E-9
64	158	0	1.77E-8	1.1328E-8	64	159	0	1.11E-7	7.104E-8
64	160	0	2.41E-7	1.5424E-7	64	161	0	6.17E-7	3.9488E-7
64	162	0	8.54E-7	5.4656E-7	64	163	0	9.01E-7	5.7664E-7
64	164	0	7.03E-7	4.4992E-7	64	165	0	4.31E-7	2.7584E-7
64	166	0	1.44E-7	9.216E-8	64	167	0	4.58E-8	2.9312E-8
64	168	0	9.77E-9	6.2528E-9	64	169	0	1.48E-9	9.472E-10
64	170	0	1.41E-10	9.024E-11	64	171	0	1.0279E-11	6.57857E-12
64	172	0	4.90929E-13	3.14195E-13	65	156	0	1.66E-14	1.0624E-14
65	157	0	4.78E-13	3.0592E-13	65	158	0	9.24E-12	5.9136E-12
65	158	1	5.9E-13	3.776E-13	65	159	0	1.62E-10	1.0368E-10
65	160	0	9.6E-10	6.144E-10	65	161	0	6.53E-9	4.1792E-9
65	162	0	1.14E-8	7.296E-9	65	162	1	1.14E-8	7.296E-9
65	163	0	6.05E-8	3.872E-8	65	164	0	1.12E-7	7.168E-8
65	165	0	1.63E-7	1.0432E-7	65	166	0	1.24E-7	7.936E-8
65	167	0	9.14E-8	5.8496E-8	65	168	0	4.58E-8	2.9312E-8
65	169	0	1.63E-8	1.0432E-8	65	170	0	3.88E-9	2.4832E-9
65	171	0	7.09E-10	4.5376E-10	65	172	0	8.89E-11	5.6896E-11
66	159	0	1.71E-14	1.0944E-14	66	160	0	2.74E-13	1.7536E-13
66	161	0	4.99E-12	3.1936E-12	66	162	0	4.75E-11	3.04E-11
66	163	0	3.38E-10	2.1632E-10	66	164	0	1.61E-9	1.0304E-9
66	165	0	5.57E-9	3.5648E-9	66	165	1	4.2E-10	2.688E-10
66	166	0	1.11E-8	7.104E-9	66	167	0	1.97E-8	1.2608E-8
66	168	0	2.32E-8	1.4848E-8	66	169	0	1.87E-8	1.1968E-8
66	170	0	1.03E-8	6.592E-9	66	171	0	4.38E-9	2.8032E-9
66	172	0	1.34E-9	8.576E-10	67	163	0	1.27E-13	8.128E-14
67	164	0	3.12E-13	1.9968E-13	67	164	1	1.42E-12	9.088E-13
67	165	0	1.75E-11	1.12E-11	67	166	0	1.46E-11	9.344E-12
67	166	1	6.65E-11	4.256E-11	67	167	0	3.9E-10	2.496E-10
67	168	0	1.17E-9	7.488E-10	67	169	0	2.26E-9	1.4464E-9
67	170	0	1.5E-9	9.6E-10	67	170	1	1.5E-9	9.6E-10
67	171	0	2.89E-9	1.8496E-9	67	172	0	2.05E-9	1.312E-9
68	166	0	4.51E-14	2.8864E-14	68	167	0	5.51E-13	3.5264E-13
68	167	1	4.15E-14	2.656E-14	68	168	0	4.78E-12	3.0592E-12
68	169	0	2.4E-11	1.536E-11	68	170	0	8.18E-11	5.2352E-11
68	171	0	1.94E-10	1.2416E-10	68	172	0	3.35E-10	2.144E-10
69	169	0	1.93E-14	1.2352E-14	69	170	0	1.75E-13	1.12E-13
69	171	0	1.08E-12	6.912E-13	69	172	0	4.91E-12	3.1424E-12