Z	A	FPS	Yield	Uncertainty	Z	A	FPS	Yield	Uncertainty
23	66	0	1.96075E-14	1.25488E-14	23	67	0	1.06487E-15	6.81517E-16
24	66	0	3.72032E-10	2.38101E-10	24	67	0	1.4801E-11	9.47264E-12
24	68	0	5.0507E-13	3.23245E-13	24	69	0	2.22213E-14	1.42216E-14
25	66	0	1.69024E-7	1.08175E-7	25	67	0	2.46034E-8	1.57462E-8
25	68	0	2.07029E-9	1.32498E-9	25	69	0	1.38997E-10	8.89582E-11
25	70	0	4.74066E-12	3.03402E-12	25	71	0	1.4002E-13	8.96125E-14
25	72	0	4.84916E-15	3.10346E-15	26	66	0	1.36119E-5	8.71162E-6
26	67	0	4.54063E-6	2.90601E-6	26	68	0	1.36019E-6	8.70522E-7
26	69	0	2.26032E-7	1.4466E-7	26	70	0	2.92041E-8	1.86906E-8
26	71	0	2.1203E-9	1.35699E-9	26	72	0	9.2008E-11	5.88851E-11
26	73	0	2.48035E-12	1.58742E-12	26	74	0	4.71066E-14	3.01482E-14
27	66	0	3.38447E-5	2.16606E-5	27	67	0	3.5755E-5	2.28832E-5
27	68	0	2.32432E-5	1.48757E-5	27	69	0	1.34919E-5	8.63481E-6
27	70	0	4.18058E-6	2.67557E-6	27	71	0	1.09015E-6	6.97697E-7
27	72	0	1.21017E-7	7.74508E-8	27	73	0	1.25017E-8	8.00112E-9
27	74	0	6.04084E-10	3.86614E-10	27	75	0	2.75038E-11	1.76025E-11
27	76	0	4.97069E-13	3.18124E-13	28	66	0	2.18731E-5	1.39988E-5
28	67	0	4.63965E-5	2.96937E-5	28	68	0	9.16628E-5	5.86642E-5
28	69	0	1.11746E-4	7.15172E-5	28	70	0	1.14156E-4	7.30598E-5
28	71	0	6.60392E-5	4.22651E-5	28	72	0	2.68137E-5	1.71608E-5
28	73	0	6.69093E-6	4.2822E-6	28	74	0	1.21017E-6	7.74508E-7
28	75	0	1.38019E-7	8.83323E-8	28	76	0	9.85137E-9	6.30488E-9
28	77	0	3.74052E-10	2.39393E-10	28	78	0	9.98139E-12	6.38809E-12
28	79	0	3.86874E-13	2.47599E-13	29	66	0	4.59064E-7	2.93801E-7
29	67	0	3.20045E-6	2.04829E-6	29	68	0	3.97055E-6	2.54115E-6
29	68	1	9.27129E-6	5.93363E-6	29	69	0	5.07771E-5	3.24973E-5
29	70	0	2.65537E-5	1.69944E-5	29	70	1	7.96711E-5	5.09895E-5
29	71	0	1.88306E-4	1.20516E-4	29	72	0	1.67293E-4	1.07068E-4
29	73	0	1.4055E-4	8.99518E-5	29	74	0	5.87582E-5	3.76052E-5
29	75	0	2.42334E-5	1.55094E-5	29	76	0	4.36061E-6	2.79079E-6
29	77	0	6.4209E-7	4.10937E-7	29	78	0	4.45062E-8	2.8484E-8
29	79	0	2.41995E-9	1.54877E-9	29	80	0	6.82095E-11	4.36541E-11
29	81	0	1.49021E-12	9.53733E-13	29	82	0	1.57022E-14	1.00494E-14
30	66	0	1.76025E-9	1.12656E-9	30	67	0	2.9004E-8	1.85626E-8
30	68	0	4.17058E-7	2.66917E-7	30	69	0	6.92097E-7	4.42942E-7
30	69	1	2.95041E-6	1.88826E-6	30	70	0	2.52735E-5	1.61751E-5
30	71	0	1.75124E-5	1.1208E-5	30	71	1	7.46504E-5	4.77763E-5
30	72	0	2.61056E-4	1.67076E-4	30	73	0	4.50333E-4	2.88213E-4
30	74	0	5.98894E-4	3.83292E-4	30	75	0	5.38245E-4	3.44477E-4
30	76	0	3.41508E-4	2.18565E-4	30	77	0	1.21617E-4	7.78349E-5
30	78	0	3.17944E-5	2.03484E-5	30	79	0	4.52063E-6	2.8932E-6
30	80	0	4.9907E-7	3.19405E-7	30	81	0	2.76039E-8	1.76665E-8
30	82	0	1.16016E-9	7.42504E-10	30	83	0	2.65037E-11	1.69624E-11
30	84	0	4.75066E-13	3.04042E-13	31	66	0	1.53021E-13	9.79337E-14
31	67	0	9.39131E-12	6.01044E-12	31	68	0	3.27046E-10	2.09309E-10
31	69	0	1.06015E-8	6.78495E-9	31	70	0	1.76025E-7	1.12656E-7
31	71	0	2.20031E-6	1.4082E-6	31	72	1	7.146E-6	4.57344E-6
31	72	0	7.146E-6	4.57344E-6	31	73	0	8.00812E-5	5.1252E-5
31	74	1	1.1054E-4	7.07459E-5	31	74	0	1.1054E-4	7.07459E-5
31	75	0	6.16496E-4	3.94557E-4	31	76	0	8.29546E-4	5.30909E-4
31	77	0	9.81117E-4	6.27915E-4	31	78	0	5.86542E-4	3.75387E-4
31	79	0	3.09173E-4	1.97871E-4	31	80	0	8.39517E-5	5.37291E-5
31	81	0	1.72724E-5	1.10543E-5	31	82	0	1.87026E-6	1.19697E-6
31	83	0	1.63023E-7	1.04335E-7	31	84	0	7.24101E-9	4.63425E-9
31	85	0	3.11043E-10	1.99068E-10	31	86	0	6.21087E-12	3.97495E-12
32	68	0	4.05057E-14	2.59236E-14	32	69	0	3.33046E-12	2.1315E-12
32	70	0	2.10029E-10	1.34419E-10	32	71	0	3.16044E-9	2.02268E-9
32	71	1	3.16044E-9	2.02268E-9	32	72	0	1.55022E-7	9.92138E-8
32	73	0	1.66023E-6	1.06255E-6	32	73	1	3.89054E-7	2.48995E-7
32	74	0	1.95327E-5	1.25009E-5	32	75	0	1.54922E-5	9.91498E-6
32	75	1	1.03664E-4	6.63453E-5	32	76	0	5.23703E-4	3.3517E-4
32	77	0	0.00113331	7.25317E-4	32	77	1	1.69344E-4	1.0838E-4
32	78	0	0.00248123	0.00158798	32	79	1	0.00144477	9.24651E-4
32	79	0	0.00144477	9.24651E-4	32	80	0	0.00266984	0.0017087
32	81	0	0.0012537	8.02371E-4	32	82	0	4.9908E-4	3.19411E-4
32	83	0	1.05745E-4	6.76766E-5	32	84	0	1.71324E-5	1.09647E-5
32	85	0	1.85026E-6	1.18417E-6	32	86	0	1.38019E-7	8.83323E-8
32	87	0	5.41076E-9	3.46288E-9	32	88	0	1.80025E-10	1.15216E-10
32	89	0	7.75346E-12	4.96221E-12	33	71	0	6.23087E-13	3.98776E-13
33	72	0	3.96055E-11	2.53475E-11	33	73	0	1.98028E-9	1.26738E-9
33	74	0	1.39019E-8	8.89724E-9	33	74	1	3.24045E-8	2.07389E-8
33	75	0	1.02014E-6	6.52891E-7	33	76	0	1.07015E-5	6.84896E-6
33	77	0	9.22129E-5	5.90162E-5	33	78	0	3.85014E-4	2.46409E-4
33	79	0	0.00147418	9.43472E-4	33	80	0	0.00285551	0.00182753
33	81	0	0.00422233	0.00270229	33	82	0	0.00185125	0.0011848
33	82	1	0.00185125	0.0011848	33	83	0	0.00266197	0.00170366
33	84	1	4.88483E-4	3.12629E-4	33	84	0	4.88483E-4	3.12629E-4
33	85	0	3.83003E-4	2.45122E-4	33	86	0	6.81695E-5	4.36285E-5
33	87	0	9.82137E-6	6.28568E-6	33	88	0	8.00112E-7	5.12071E-7
33	89	0	4.8499E-8	3.10394E-8	33	90	0	3.56835E-10	2.28374E-10
33	91	0	2.46071E-11	1.57486E-11	33	92	0	6.4304E-13	4.11546E-13
34	73	0	1.61022E-13	1.03054E-13	34	73	1	3.78053E-14	2.41954E-14
34	74	0	1.79025E-11	1.14576E-11	34	75	0	9.92138E-10	6.34969E-10
34	76	0	4.00056E-8	2.56036E-8	34	77	0	1.12016E-7	7.169E-8
34	77	1	7.46104E-7	4.77507E-7	34	78	0	1.31218E-5	8.39797E-6
34	79	0	1.04425E-4	6.68317E-5	34	79	1	1.56022E-5	9.98539E-6
34	80	0	7.8547E-4	5.02701E-4	34	81	0	3.16454E-4	2.02531E-4
34	81	1	0.00211779	0.00135538	34	82	0	0.00679116	0.00434634
34	83	0	0.00814069	0.00521004	34	83	1	0.00190953	0.0012221
34	84	0	0.0114558	0.00366585	34	85	0	0.00494925	0.00316752
34	85	1	0.00494623	0.00316559	34	86	0	0.00593276	0.00379697
34	87	0	0.00196438	0.00125721	34	88	0	5.7209E-4	3.66138E-4
34	89	0	8.33616E-5	5.33514E-5	34	90	0	6.77059E-6	4.33318E-6
34	91	0	3.42023E-7	2.18895E-7	34	92	0	1.22011E-8	7.80868E-9
34	93	0	2.0143E-10	1.28915E-10	34	94	0	2.79039E-12	1.78585E-12
35	75	0	3.21045E-14	2.05469E-14	35	77	0	6.57092E-11	4.20539E-11
35	77	1	2.20031E-10	1.4082E-10	35	78	0	1.12016E-8	7.169E-9
35	79	0	9.22129E-8	5.90162E-8	35	79	1	3.09043E-7	1.97788E-7
35	80	0	1.61022E-6	1.03054E-6	35	80	1	4.82067E-6	3.08523E-6
35	81	0	6.96197E-5	4.45566E-5	35	82	0	3.09263E-4	1.97928E-4
35	82	1	1.32538E-4	8.48246E-5	35	83	0	0.00211022	0.00135054
35	84	0	0.00175784	0.00112501	35	84	1	0.00312628	0.00200082
35	85	0	0.013727	0.00439263	35	86	0	0.00792632	0.00507284
35	86	1	0.00792469	0.0050718	35	87	0	0.0166492	0.00532774
35	88	0	0.0105524	0.00337677	35	89	0	0.00525937	0.003366
35	90	0	0.0010215	6.53762E-4	35	91	0	1.91327E-4	1.22449E-4
35	92	0	1.65923E-5	1.06191E-5	35	93	0	1.25997E-6	8.06384E-7
35	94	0	3.68051E-8	2.35553E-8	35	95	0	4.74155E-10	3.03459E-10
35	96	0	1.89026E-11	1.20977E-11	35	97	0	7.02958E-13	4.49893E-13
36	78	0	1.51021E-12	9.66535E-13	36	79	1	7.25101E-11	4.64065E-11
36	79	0	7.25101E-11	4.64065E-11	36	80	0	9.08127E-9	5.81201E-9
36	81	0	2.11029E-7	1.35059E-7	36	81	1	3.15044E-8	2.01628E-8
36	82	0	5.79081E-6	3.70612E-6	36	83	0	5.25573E-5	3.36367E-5
36	83	1	1.23317E-5	7.8923E-6	36	84	0	5.0198E-4	3.21267E-4
36	85	0	0.00232728	0.00148946	36	85	1	5.53157E-4	3.54021E-4
36	86	0	0.0109896	0.00351667	36	87	0	0.0227321	0.00522838
36	88	0	0.0441579	0.00353263	36	89	0	0.0455922	0.00364738
36	90	0	0.0293577	0.00939446	36	91	0	0.0125045	0.00400144
36	92	0	0.00376781	0.0024114	36	93	0	6.93457E-4	4.43812E-4
36	94	0	7.58106E-5	4.85188E-5	36	95	0	6.59045E-6	4.21789E-6
36	96	0	3.64051E-7	2.32993E-7	36	97	0	9.77066E-9	6.25322E-9
36	98	0	2.02028E-10	1.29298E-10	36	99	0	1.0716E-11	6.85826E-12
36	100	0	1.59022E-14	1.01774E-14	37	81	0	2.91041E-11	1.86266E-11
37	83	0	7.61106E-8	4.87108E-8	37	84	0	1.4002E-6	8.96125E-7
37	85	0	2.93141E-5	1.8761E-5	37	86	1	1.24447E-4	7.96463E-5
37	86	0	1.24447E-4	7.96463E-5	37	87	0	0.00225019	0.00144012
37	88	0	0.00653211	0.00418055	37	89	0	0.0176875	0.00566
37	90	0	0.00543876	0.00348081	37	90	1	0.0231867	0.00741974
37	91	0	0.0382913	0.0122532	37	92	0	0.0240891	0.0077085
37	93	0	0.0149553	0.0047857	37	94	0	0.0037841	0.00242182
37	95	0	0.00115818	7.41236E-4	37	96	0	1.56702E-4	1.00289E-4
37	97	0	1.58622E-5	1.01518E-5	37	98	0	8.05112E-7	5.15272E-7
37	99	0	6.70303E-8	4.28994E-8	37	100	0	6.25087E-10	4.00056E-10
37	101	0	8.70603E-12	5.57186E-12	37	102	0	1.8606E-13	1.19078E-13
38	83	0	9.35131E-12	5.98484E-12	38	84	0	6.41089E-10	4.10297E-10
38	85	1	1.68023E-8	1.07535E-8	38	85	0	1.68023E-8	1.07535E-8
38	86	0	1.04015E-6	6.65693E-7	38	87	0	1.51121E-5	9.67175E-6
38	87	1	3.54049E-6	2.26592E-6	38	88	0	2.23161E-4	1.42823E-4
38	89	0	0.001047	6.70078E-4	38	90	0	0.00714779	0.00457458
38	91	0	0.0201044	0.00643341	38	92	0	0.0383065	0.00612904
38	93	0	0.048822	0.00537042	38	94	0	0.0394511	0.00631218
38	95	0	0.025716	0.00822911	38	96	0	0.0119631	0.0038282
38	97	0	0.00284782	0.0018226	38	98	0	5.15432E-4	3.29876E-4
38	99	0	5.58408E-5	3.57381E-5	38	100	0	3.75052E-6	2.40034E-6
38	101	0	1.21008E-7	7.74452E-8	38	102	0	3.53031E-9	2.2594E-9
39	85	0	1.29018E-12	8.25715E-13	39	87	0	6.57092E-9	4.20539E-9
39	88	0	1.90027E-7	1.21617E-7	39	89	0	6.12085E-7	3.91735E-7
39	89	1	2.61036E-6	1.67063E-6	39	90	1	2.62887E-5	1.68247E-5
39	90	0	2.62887E-5	1.68247E-5	39	91	1	2.59451E-4	1.66049E-4
39	91	0	2.59451E-4	1.66049E-4	39	92	0	0.00208386	0.00133367
39	93	1	0.00403844	0.0025846	39	93	0	0.00403844	0.0025846
39	94	0	0.0175411	0.00403446	39	95	0	0.0294601	0.00942723
39	96	0	0.00283816	0.00181642	39	96	1	0.0255433	0.00587496
39	97	1	0.0109336	0.00699753	39	97	0	0.0109336	0.00699753
39	98	0	0.00428991	0.00274554	39	98	1	0.00428987	0.00274552
39	99	0	0.00325719	0.0020846	39	100	0	5.21353E-4	3.33666E-4
39	101	0	6.24587E-5	3.99736E-5	39	102	0	4.40061E-6	2.81639E-6
39	103	0	5.23073E-13	3.34767E-13	39	105	0	6.59952E-17	4.22369E-17
39	106	0	4.95716E-19	3.17258E-19	39	107	0	5.60859E-13	3.5895E-13
39	108	0	1.22283E-15	7.82612E-16	40	87	0	2.36033E-13	1.51061E-13
40	88	0	2.57036E-11	1.64503E-11	40	89	0	1.07015E-9	6.84896E-10
40	90	1	3.32046E-8	2.1251E-8	40	90	0	3.32046E-8	2.1251E-8
40	91	0	1.62023E-6	1.03694E-6	40	92	0	2.52535E-5	1.61623E-5
40	93	0	2.23381E-4	1.42964E-4	40	94	0	0.00171613	0.00109832
40	95	0	0.00569421	0.0036443	40	96	0	0.0175029	0.00560093
40	97	0	0.0277176	0.00443481	40	98	0	0.033043	0.0105738
40	99	0	0.0263265	0.00842449	40	100	0	0.0138982	0.00444743
40	101	0	0.00377462	0.00241575	40	102	0	9.22319E-4	5.90284E-4
40	103	0	1.97027E-6	1.26098E-6	40	104	0	6.23087E-8	3.98776E-8
40	105	0	1.97027E-9	1.26098E-9	40	106	0	2.02028E-11	1.29298E-11
40	107	0	7.79558E-9	4.98917E-9	40	108	0	2.3202E-11	1.48493E-11
40	109	0	1.44838E-13	9.26962E-14	41	89	0	1.16016E-14	7.42504E-15
41	90	0	1.85026E-12	1.18417E-12	41	91	0	1.74024E-10	1.11376E-10
41	92	0	6.64093E-9	4.25019E-9	41	93	0	1.80025E-7	1.15216E-7
41	93	1	4.21059E-8	2.69478E-8	41	94	0	2.46034E-6	1.57462E-6
41	94	1	1.71024E-6	1.09455E-6	41	95	0	3.95955E-5	2.53411E-5
41	95	1	9.2913E-6	5.94643E-6	41	96	0	3.48579E-4	2.2309E-4
41	97	0	0.00151292	9.6827E-4	41	97	1	3.5488E-4	2.27123E-4
41	98	0	0.0034975	0.0022384	41	98	1	0.00116589	7.46171E-4
41	99	0	9.35051E-4	5.98432E-4	41	99	1	0.010753	0.00344097
41	100	0	0.00631861	0.00404391	41	100	1	0.00631861	0.00404391
41	101	0	0.0107626	0.00344402	41	102	1	0.00273858	0.00175269
41	102	0	0.00273858	0.00175269	41	103	0	0.00201898	0.00129215
41	104	1	1.12651E-4	7.20965E-5	41	104	0	1.12651E-4	7.20965E-5
41	105	0	4.9897E-5	3.19341E-5	41	106	0	2.8504E-6	1.82425E-6
41	107	0	2.92261E-6	1.87047E-6	41	108	0	2.73038E-8	1.74744E-8
41	109	0	9.05982E-10	5.79828E-10	41	110	0	2.00028E-11	1.28018E-11
41	111	0	5.6913E-13	3.64243E-13	41	112	0	3.91622E-14	2.50638E-14
41	113	0	1.07195E-14	6.86048E-15	42	92	0	2.69038E-13	1.72184E-13
42	93	1	1.15016E-11	7.36103E-12	42	93	0	1.15016E-11	7.36103E-12
42	94	0	1.66023E-9	1.06255E-9	42	95	0	4.74066E-8	3.03402E-8
42	96	0	1.27018E-6	8.12913E-7	42	97	0	1.64723E-5	1.05423E-5
42	98	0	1.4315E-4	9.1616E-5	42	99	0	8.17954E-4	5.23491E-4
42	100	0	0.00293412	0.00187784	42	101	0	0.00526755	0.00337123
42	102	0	0.0081612	0.00522317	42	103	0	0.00845343	0.00194429
42	104	0	0.00313904	0.00200898	42	105	0	0.00203488	0.00130233
42	106	0	6.87206E-4	4.39812E-4	42	107	0	8.83423E-5	5.65391E-5
42	108	0	5.42076E-6	3.46928E-6	42	109	0	6.04084E-7	3.86614E-7
42	110	0	5.61078E-8	3.5909E-8	42	111	0	7.91054E-9	5.06274E-9
42	112	0	7.43065E-10	4.75561E-10	42	113	0	1.48994E-10	9.53562E-11
42	114	0	1.04015E-12	6.65693E-13	42	115	0	5.34843E-14	3.423E-14
43	95	0	1.24017E-12	7.93711E-13	43	95	1	2.91041E-13	1.86266E-13
43	97	1	2.59036E-9	1.65783E-9	43	97	0	2.59036E-9	1.65783E-9
43	98	0	1.09015E-7	6.97697E-8	43	99	0	1.82025E-6	1.16496E-6
43	99	1	4.26059E-7	2.72678E-7	43	100	0	1.99228E-5	1.27506E-5
43	101	0	1.25838E-4	8.0536E-5	43	102	0	2.1256E-4	1.36038E-4
43	102	1	2.1256E-4	1.36038E-4	43	103	0	1.37159E-4	8.77819E-5
43	104	0	1.32639E-4	8.48886E-5	43	105	0	3.49219E-4	2.235E-4
43	106	0	3.08093E-4	1.9718E-4	43	107	0	1.33669E-4	8.55479E-5
43	108	0	3.06643E-5	1.96251E-5	43	109	0	1.56122E-5	9.99179E-6
43	110	0	3.75052E-6	2.40034E-6	43	111	0	1.51021E-6	9.66535E-7
43	112	0	3.11043E-7	1.99068E-7	43	113	0	5.58588E-8	3.57496E-8
43	114	0	3.68051E-9	2.35553E-9	43	115	0	3.34552E-10	2.14113E-10
43	116	0	2.67037E-12	1.70904E-12	43	117	0	3.59753E-14	2.30242E-14
44	97	0	1.66023E-13	1.06255E-13	44	98	0	1.31018E-11	8.38517E-12
44	99	0	6.85096E-10	4.38461E-10	44	100	0	2.31032E-8	1.47861E-8
44	101	0	3.62051E-7	2.31712E-7	44	102	0	4.37061E-6	2.79719E-6
44	103	0	3.21045E-9	2.05469E-9	44	104	0	1.75024E-8	1.12016E-8
44	105	0	2.07029E-7	1.32498E-7	44	106	0	1.33019E-6	8.51319E-7
44	107	0	3.45048E-5	2.20831E-5	44	108	0	4.36361E-5	2.79271E-5
44	109	1	3.01792E-5	1.93147E-5	44	109	0	3.01792E-5	1.93147E-5
44	110	0	5.12271E-5	3.27854E-5	44	111	0	3.6175E-5	2.3152E-5
44	112	0	2.31332E-5	1.48053E-5	44	113	0	8.78123E-6	5.61998E-6
44	114	0	2.11029E-6	1.35059E-6	44	115	0	2.78704E-7	1.78371E-7
44	116	0	1.69024E-8	1.08175E-8	44	117	0	5.00034E-10	3.20022E-10
44	118	0	7.95111E-12	5.08871E-12	44	119	0	7.36103E-14	4.71106E-14
45	101	0	6.76094E-12	4.327E-12	45	101	1	2.8804E-11	1.84346E-11
45	102	0	5.28074E-10	3.37967E-10	45	102	1	5.28074E-10	3.37967E-10
45	105	0	2.78039E-14	1.77945E-14	45	106	0	6.00084E-13	3.84054E-13
45	106	1	6.00084E-13	3.84054E-13	45	107	0	4.07057E-7	2.60516E-7
45	108	0	1.08015E-6	6.91296E-7	45	108	1	1.08015E-6	6.91296E-7
45	109	0	6.49091E-6	4.15418E-6	45	109	1	6.49091E-6	4.15418E-6
45	110	0	1.24817E-5	7.98831E-6	45	110	1	1.24817E-5	7.98831E-6
45	111	0	4.44062E-5	2.842E-5	45	112	0	5.35875E-5	3.4296E-5
45	113	0	5.96583E-5	3.81813E-5	45	114	0	3.17344E-5	2.031E-5
45	115	0	1.53921E-5	9.85097E-6	45	116	0	2.48035E-6	1.58742E-6
45	117	0	3.13044E-7	2.00348E-7	45	118	0	1.4302E-8	9.15328E-9
45	119	0	5.52077E-10	3.53329E-10	45	120	0	1.51021E-11	9.66535E-12
45	121	0	4.64065E-13	2.97001E-13	45	122	0	1.24017E-14	7.93711E-15
46	102	0	3.92055E-14	2.50915E-14	46	107	0	1.93027E-10	1.23537E-10
46	107	1	3.5905E-10	2.29792E-10	46	108	0	2.11029E-8	1.35059E-8
46	109	0	1.4302E-7	9.15328E-8	46	109	1	2.66037E-7	1.70264E-7
46	110	0	2.98042E-6	1.90747E-6	46	111	0	3.23045E-6	2.06749E-6
46	111	1	6.00084E-6	3.84054E-6	46	112	0	3.22845E-5	2.06621E-5
46	113	0	6.73894E-5	4.31292E-5	46	114	0	1.11376E-4	7.12803E-5
46	115	0	1.18557E-4	7.58762E-5	46	116	0	6.96597E-5	4.45822E-5
46	117	0	2.27332E-5	1.45492E-5	46	118	0	4.25059E-6	2.72038E-6
46	119	0	4.35061E-7	2.78439E-7	46	120	0	4.59064E-8	2.93801E-8
46	121	0	3.46048E-9	2.21471E-9	46	122	0	3.37047E-10	2.1571E-10
47	107	1	2.19031E-14	1.4018E-14	47	108	1	2.40534E-12	1.53941E-12
47	108	0	2.40534E-12	1.53941E-12	47	109	1	2.47034E-10	1.58102E-10
47	109	0	2.47034E-10	1.58102E-10	47	110	0	2.94041E-9	1.88186E-9
47	110	1	6.85096E-9	4.38461E-9	47	111	0	1.12016E-8	7.169E-9
47	111	1	7.46104E-8	4.77507E-8	47	112	0	6.26087E-7	4.00696E-7
47	113	0	5.21073E-7	3.33487E-7	47	113	1	3.49049E-6	2.23391E-6
47	114	0	1.4282E-5	9.14048E-6	47	115	0	2.51235E-5	1.6079E-5
47	115	1	2.51235E-5	1.6079E-5	47	116	0	3.31746E-5	2.12318E-5
47	116	1	3.31746E-5	2.12318E-5	47	117	0	3.82753E-5	2.44962E-5
47	117	1	3.82753E-5	2.44962E-5	47	118	0	1.74224E-5	1.11504E-5
47	118	1	1.74224E-5	1.11504E-5	47	119	0	1.31318E-5	8.40437E-6
47	120	1	1.66523E-6	1.06575E-6	47	120	0	1.66523E-6	1.06575E-6
47	121	0	8.93125E-7	5.716E-7	47	122	1	1.01014E-7	6.4649E-8
47	122	0	1.01014E-7	6.4649E-8	47	123	0	2.39033E-12	1.52981E-12
47	124	0	2.1503E-13	1.37619E-13	47	125	0	5.33074E-14	3.41168E-14
47	129	0	1.50377E-10	9.62412E-11	47	130	0	1.21017E-11	7.74508E-12
47	131	0	4.45375E-13	2.8504E-13	48	109	0	6.24087E-14	3.99416E-14
48	110	0	5.31074E-12	3.39887E-12	48	111	0	2.08029E-11	1.33139E-11
48	111	1	6.97097E-11	4.46142E-11	48	112	0	2.22031E-9	1.421E-9
48	113	0	7.10099E-9	4.54463E-9	48	113	1	2.38033E-8	1.52341E-8
48	114	0	3.95055E-7	2.52835E-7	48	115	0	7.69107E-7	4.92229E-7
48	115	1	2.57036E-6	1.64503E-6	48	116	0	1.61723E-5	1.03502E-5
48	117	0	1.01514E-5	6.49691E-6	48	117	1	3.39847E-5	2.17502E-5
48	118	0	7.01198E-5	4.48767E-5	48	119	0	2.92141E-5	1.8697E-5
48	119	1	2.92141E-5	1.8697E-5	48	120	0	4.89568E-5	3.13324E-5
48	121	1	1.4152E-5	9.05726E-6	48	121	0	1.4152E-5	9.05726E-6
48	122	0	2.1183E-5	1.35571E-5	48	123	0	7.9011E-7	5.05671E-7
48	124	0	3.06043E-7	1.95867E-7	48	125	0	2.35033E-7	1.50421E-7
48	126	0	4.62064E-8	2.95721E-8	48	127	0	7.171E-9	4.58944E-9
48	128	0	1.35019E-9	8.64121E-10	48	129	0	2.09014E-6	1.33769E-6
48	130	0	2.21031E-7	1.4146E-7	48	131	0	6.19042E-9	3.96187E-9
48	132	0	1.21017E-10	7.74508E-11	48	133	0	2.39798E-12	1.53471E-12
49	112	0	3.37047E-14	2.1571E-14	49	112	1	1.4402E-13	9.21729E-14
49	113	0	6.83095E-12	4.37181E-12	49	113	1	1.60022E-12	1.02414E-12
49	114	0	6.73094E-11	4.3078E-11	49	114	1	2.02028E-10	1.29298E-10
49	115	0	7.26101E-9	4.64705E-9	49	115	1	1.70024E-9	1.08815E-9
49	116	2	3.86054E-8	2.47074E-8	49	116	0	3.86054E-8	2.47074E-8
49	116	1	3.86054E-8	2.47074E-8	49	117	0	1.02014E-6	6.52891E-7
49	117	1	2.40034E-7	1.53621E-7	49	118	2	6.30088E-7	4.03256E-7
49	118	0	3.77053E-6	2.41314E-6	49	118	1	6.30088E-7	4.03256E-7
49	119	0	1.17216E-5	7.50185E-6	49	119	1	2.75038E-6	1.76025E-6
49	120	2	8.52119E-6	5.45356E-6	49	120	0	8.52119E-6	5.45356E-6
49	120	1	8.52119E-6	5.45356E-6	49	121	0	3.63451E-5	2.32608E-5
49	121	1	8.52119E-6	5.45356E-6	49	122	2	2.23031E-5	1.4274E-5
49	122	0	2.23031E-5	1.4274E-5	49	122	1	2.23031E-5	1.4274E-5
49	123	0	7.62306E-5	4.87876E-5	49	123	1	1.78825E-5	1.14448E-5
49	124	1	4.39761E-5	2.81447E-5	49	124	0	4.39761E-5	2.81447E-5
49	125	0	1.39079E-4	8.90108E-5	49	125	1	1.39079E-4	8.90108E-5
49	126	1	7.74858E-5	4.95909E-5	49	126	0	7.74858E-5	4.95909E-5
49	127	0	5.7388E-5	3.67283E-5	49	127	1	5.7388E-5	3.67283E-5
49	128	1	3.77303E-5	2.41474E-5	49	128	0	3.77303E-5	2.41474E-5
49	129	0	1.74334E-4	1.11574E-4	49	129	1	1.74334E-4	1.11574E-4
49	130	2	2.99208E-5	1.91493E-5	49	130	1	2.99208E-5	1.91493E-5
49	130	0	2.99208E-5	1.91493E-5	49	131	1	5.16572E-6	3.30606E-6
49	131	0	5.16572E-6	3.30606E-6	49	132	0	5.7008E-7	3.64851E-7
49	133	0	1.49997E-8	9.59981E-9	49	134	0	3.77053E-10	2.41314E-10
49	135	0	6.59788E-12	4.22264E-12	49	136	0	2.81039E-14	1.79865E-14
50	114	0	2.8904E-14	1.84986E-14	50	115	0	2.59036E-12	1.65783E-12
50	116	0	1.4202E-10	9.08927E-11	50	117	1	2.20031E-9	1.4082E-9
50	117	0	2.20031E-9	1.4082E-9	50	118	0	7.34102E-8	4.69826E-8
50	119	0	1.23017E-7	7.8731E-8	50	119	1	4.11057E-7	2.63077E-7
50	120	0	3.29046E-6	2.10589E-6	50	121	0	3.52049E-6	2.25311E-6
50	121	1	8.6312E-6	5.52397E-6	50	122	0	5.45976E-5	3.49425E-5
50	123	0	6.77895E-5	4.33853E-5	50	123	1	2.76839E-5	1.77177E-5
50	124	0	2.26202E-4	1.44769E-4	50	125	0	9.09707E-4	5.82212E-4
50	125	1	3.71572E-4	2.37806E-4	50	126	0	0.00204945	0.00131165
50	127	0	0.00233777	0.00149617	50	127	1	9.56754E-4	6.12322E-4
50	128	1	0.00418988	0.00268152	50	128	0	0.00418988	0.00268152
50	129	0	0.00522849	0.00334623	50	129	1	0.00213511	0.00136647
50	130	1	0.00325231	0.00208148	50	130	0	0.00325231	0.00208148
50	131	1	9.53133E-4	6.10005E-4	50	131	0	9.53133E-4	6.10005E-4
50	132	0	4.307E-4	2.75648E-4	50	133	0	3.14644E-5	2.01372E-5
50	134	0	3.27046E-6	2.09309E-6	50	135	0	9.17062E-8	5.8692E-8
50	136	0	2.78039E-9	1.77945E-9	50	137	0	3.90054E-11	2.49635E-11
50	138	0	3.29046E-13	2.10589E-13	51	117	0	5.28074E-13	3.37967E-13
51	118	0	1.05015E-11	6.72094E-12	51	118	1	1.51021E-11	9.66535E-12
51	119	0	7.60106E-10	4.86468E-10	51	120	0	4.80067E-9	3.07243E-9
51	120	1	6.91096E-9	4.42302E-9	51	121	0	1.51021E-7	9.66535E-8
51	122	0	6.95097E-7	4.44862E-7	51	122	1	7.84109E-7	5.0183E-7
51	123	0	2.05029E-7	1.31218E-7	51	124	2	3.8472E-7	2.46221E-7
51	124	0	3.8472E-7	2.46221E-7	51	124	1	3.8472E-7	2.46221E-7
51	125	0	2.34833E-5	1.50293E-5	51	126	2	2.58086E-5	1.65175E-5
51	126	0	3.03142E-5	1.94011E-5	51	126	1	2.58086E-5	1.65175E-5
51	127	0	4.20349E-4	2.69023E-4	51	128	0	8.02812E-4	5.138E-4
51	128	1	0.00136679	8.74746E-4	51	129	0	0.00805282	0.0025769
51	130	0	0.00544477	0.00348465	51	130	1	0.00927082	0.00593333
51	131	0	0.0150031	0.00480099	51	132	0	0.00485251	0.0031056
51	132	1	0.00351389	0.00224889	51	133	0	0.00239265	0.0015313
51	134	1	3.24205E-4	2.07491E-4	51	134	0	3.24205E-4	2.07491E-4
51	135	0	7.37503E-5	4.72002E-5	51	136	0	5.91082E-6	3.78293E-6
51	137	0	3.38047E-7	2.1635E-7	51	138	0	7.48104E-9	4.78787E-9
51	139	0	2.06029E-10	1.31858E-10	51	140	0	3.36806E-12	2.15556E-12
52	119	0	1.14016E-13	7.29702E-14	52	120	0	6.92097E-12	4.42942E-12
52	121	1	1.08515E-10	6.94497E-11	52	121	0	1.08515E-10	6.94497E-11
52	122	0	7.48104E-9	4.78787E-9	52	123	0	9.90138E-14	6.33688E-14
52	123	1	3.32046E-13	2.1251E-13	52	124	0	1.04015E-11	6.65693E-12
52	125	0	1.47021E-10	9.40931E-11	52	125	1	4.93069E-10	3.15564E-10
52	126	0	1.00014E-8	6.40089E-9	52	127	0	4.47062E-8	2.8612E-8
52	127	1	1.09015E-7	6.97697E-8	52	128	0	4.05057E-6	2.59236E-6
52	129	0	5.23463E-4	3.35016E-4	52	129	1	0.00135238	8.65522E-4
52	130	0	0.00865936	0.00554199	52	131	0	0.00570725	0.00365264
52	131	1	0.0134732	0.00431143	52	132	0	0.0370925	0.00408018
52	133	0	0.00669736	0.00428631	52	133	1	0.0338688	0.00778983
52	134	0	0.0240144	0.00144086	52	135	0	0.0067894	0.00434521
52	136	0	0.00207188	0.001326	52	137	0	3.05493E-4	1.95515E-4
52	138	0	2.62637E-5	1.68087E-5	52	139	0	1.93027E-6	1.23537E-6
52	140	0	6.39056E-8	4.08996E-8	52	141	0	6.98611E-10	4.47111E-10
52	142	0	1.75024E-11	1.12016E-11	53	121	0	1.05015E-14	6.72094E-15
53	127	0	1.48021E-14	9.47332E-15	53	128	0	1.4202E-12	9.08927E-13
53	129	0	1.47121E-5	9.41571E-6	53	130	0	1.14646E-4	7.33734E-5
53	130	1	4.91369E-5	3.14476E-5	53	131	0	0.00137742	8.8155E-4
53	132	1	0.00281028	0.00179858	53	132	0	0.00281028	0.00179858
53	133	1	0.00689754	0.00441442	53	133	0	0.00689754	0.00441442
53	134	0	0.0101145	0.00323665	53	134	1	0.00890283	9.79312E-4
53	135	0	0.0283508	0.00311859	53	136	0	0.00986553	0.00631394
53	136	1	0.00986145	0.00631133	53	137	0	0.0105063	0.00336201
53	138	0	0.00218063	0.00139561	53	139	0	6.19206E-4	3.96292E-4
53	140	0	5.22673E-5	3.34511E-5	53	141	0	4.36991E-6	2.79674E-6
53	142	0	1.4602E-7	9.3453E-8	53	143	0	8.59091E-10	5.49818E-10
53	144	0	2.74083E-11	1.75413E-11	53	145	0	6.38202E-13	4.0845E-13
54	129	1	6.75094E-9	4.3206E-9	54	129	0	6.75094E-9	4.3206E-9
54	130	0	5.63079E-7	3.6037E-7	54	131	0	3.53049E-6	2.25952E-6
54	131	1	8.64121E-6	5.53037E-6	54	132	0	2.01888E-4	1.29208E-4
54	133	0	3.64851E-4	2.33505E-4	54	133	1	8.90744E-4	5.70076E-4
54	134	0	0.00257487	0.00164792	54	134	1	0.00600804	0.00384514
54	135	0	0.00645867	0.0029064	54	135	1	0.01084	0.00346881
54	136	0	0.0455996	0.0145919	54	137	0	0.0526068	0.0168342
54	138	0	0.0361734	0.00289387	54	139	0	0.0240757	0.00144454
54	140	0	0.00732439	0.00468761	54	141	0	0.00146626	9.38409E-4
54	142	0	1.92267E-4	1.23051E-4	54	143	1	5.9704E-6	3.82106E-6
54	143	0	5.9704E-6	3.82106E-6	54	144	0	5.20045E-7	3.32829E-7
54	145	0	8.8706E-9	5.67718E-9	54	146	0	1.22017E-10	7.80909E-11
54	147	0	3.00969E-12	1.9262E-12	55	129	0	4.12058E-13	2.63717E-13
55	131	0	3.94055E-9	2.52195E-9	55	132	0	1.82025E-7	1.16496E-7
55	133	0	4.68065E-6	2.99562E-6	55	134	1	4.11507E-5	2.63365E-5
55	134	0	4.11507E-5	2.63365E-5	55	135	1	3.37082E-4	2.15733E-4
55	135	0	3.37082E-4	2.15733E-4	55	136	1	0.00189421	0.00121229
55	136	0	0.00189421	0.00121229	55	137	0	0.0146614	0.00469166
55	138	0	0.00696935	0.00313621	55	138	1	0.00760881	0.00175003
55	139	0	0.0357144	0.00392858	55	140	0	0.0301554	0.00964973
55	141	0	0.0199896	0.00639667	55	142	0	0.006287	0.00402368
55	143	0	0.00151473	9.69428E-4	55	144	0	1.79045E-4	1.14589E-4
55	145	0	1.25017E-5	8.00112E-6	55	146	0	4.71066E-7	3.01482E-7
55	147	0	1.8826E-8	1.20487E-8	55	148	0	1.64023E-10	1.04975E-10
55	149	0	2.4823E-12	1.58867E-12	55	150	0	1.65023E-14	1.05615E-14
56	131	0	1.30018E-13	8.32116E-14	56	132	0	2.60036E-11	1.66423E-11
56	133	0	1.90027E-9	1.21617E-9	56	134	0	1.37019E-7	8.76922E-8
56	135	1	1.50521E-6	9.633339E-7	56	135	0	1.50521E-6	9.633339E-7
56	136	1	3.24595E-5	2.07741E-5	56	136	0	3.24595E-5	2.07741E-5
56	137	0	1.78485E-4	1.1423E-4	56	137	1	4.36991E-4	2.79674E-4
56	138	0	0.00349225	0.00223504	56	139	0	0.0106743	0.00341576
56	140	0	0.0318485	0.00732515	56	141	0	0.0425816	0.0136261
56	142	0	0.0447042	0.0143054	56	143	0	0.024914	0.00797247
56	144	0	0.0110974	0.00355117	56	145	0	0.00196259	0.00125606
56	146	0	2.93471E-4	1.87821E-4	56	147	0	1.56834E-5	1.00374E-5
56	148	0	1.04015E-6	6.65693E-7	56	149	0	3.45023E-8	2.20815E-8
56	150	0	1.00014E-9	6.40089E-10	56	151	0	1.08708E-11	6.95733E-12
56	152	0	1.75024E-13	1.12016E-13	57	133	0	2.52035E-14	1.61303E-14
57	135	0	4.67065E-10	2.98922E-10	57	137	0	1.01014E-6	6.4649E-7
57	138	0	1.4232E-5	9.10847E-6	57	139	0	1.83426E-4	1.17392E-4
57	140	0	0.00365808	0.00234117	57	141	0	0.00502104	0.00321347
57	142	0	0.0116426	0.00372563	57	143	0	0.0210175	0.0067256
57	144	0	0.0217886	0.00348618	57	145	0	0.0133259	0.00426428
57	146	1	0.00238065	0.00152362	57	146	0	0.00238065	0.00152362
57	147	0	9.39351E-4	6.01185E-4	57	148	0	1.52971E-4	9.79017E-5
57	149	0	1.87826E-5	1.20209E-5	57	150	0	1.32018E-6	8.44918E-7
57	151	0	6.79986E-8	4.35191E-8	57	152	0	2.1203E-9	1.35699E-9
57	153	0	5.90082E-11	3.77653E-11	57	154	0	7.45104E-13	4.76867E-13
57	155	0	2.56144E-14	1.63932E-14	58	137	0	1.74024E-10	1.11376E-10
58	138	0	9.69135E-9	6.20247E-9	58	139	0	9.54133E-8	6.10645E-8
58	139	1	2.34033E-7	1.49781E-7	58	140	0	7.9111E-6	5.06311E-6
58	141	0	8.33416E-5	5.33386E-5	58	142	0	6.73654E-4	4.31139E-4
58	143	0	0.00340505	0.00217923	58	144	0	0.0100725	0.00322321
58	145	0	0.0150525	0.00346207	58	146	0	0.0179206	0.0028673
58	147	0	0.00777837	0.00497815	58	148	0	0.00428852	0.00274465
58	149	0	0.00119587	7.65355E-4	58	150	0	2.91851E-4	1.86784E-4
58	151	0	3.53549E-5	2.26272E-5	58	152	0	4.01056E-6	2.56676E-6
58	153	0	2.64037E-7	1.68984E-7	58	154	0	1.24017E-8	7.93711E-9
58	155	0	3.56024E-10	2.27855E-10	58	156	0	7.42104E-12	4.74946E-12
58	157	0	7.83109E-14	5.0119E-14	59	139	0	1.99028E-11	1.27378E-11
59	140	0	1.25017E-9	8.00112E-10	59	141	0	4.77067E-8	3.05323E-8
59	142	1	5.30074E-7	3.39247E-7	59	142	0	5.30074E-7	3.39247E-7
59	143	0	1.80825E-5	1.15728E-5	59	144	0	1.64823E-5	1.05487E-5
59	144	1	1.48311E-4	9.49188E-5	59	145	0	8.00902E-4	5.12577E-4
59	146	0	0.00201509	0.00128966	59	147	0	0.00306807	0.00196356
59	148	1	0.00204132	0.00130644	59	148	0	0.00204132	0.00130644
59	149	0	0.00357546	0.00228829	59	150	0	0.00182072	0.00116526
59	151	0	7.24291E-4	4.63546E-4	59	152	0	1.84716E-4	1.18218E-4
59	153	0	4.16358E-5	2.66469E-5	59	154	0	4.65065E-6	2.97642E-6
59	155	0	4.75066E-7	3.04042E-7	59	156	0	2.35033E-8	1.50421E-8
59	157	0	9.2813E-10	5.94003E-10	59	158	0	1.93027E-11	1.23537E-11
59	159	0	2.99042E-13	1.91387E-13	60	140	0	3.02042E-14	1.93307E-14
60	141	0	2.95041E-12	1.88826E-12	60	142	0	2.67037E-10	1.70904E-10
60	143	0	1.25017E-8	8.00112E-9	60	144	0	4.80067E-7	3.07243E-7
60	145	0	6.17086E-6	3.94935E-6	60	146	0	6.02484E-5	3.8559E-5
60	147	0	2.53665E-4	1.62346E-4	60	148	0	9.95439E-4	6.37081E-4
60	149	0	0.00183389	0.00117369	60	150	0	0.00284119	0.00181836
60	151	0	0.00226707	0.00145092	60	152	0	0.00179387	0.00114808
60	153	0	8.36297E-4	5.3523E-4	60	154	0	3.11844E-4	1.9958E-4
60	155	0	7.06199E-5	4.51967E-5	60	156	0	1.20717E-5	7.72588E-6
60	157	0	1.14016E-6	7.29702E-7	60	158	0	8.50119E-8	5.44076E-8
60	159	0	3.23045E-9	2.06749E-9	60	160	0	1.11015E-10	7.10499E-11
60	161	0	1.73024E-12	1.10735E-12	60	162	0	2.1803E-14	1.39539E-14
61	143	0	2.8704E-13	1.83706E-13	61	144	0	3.15044E-11	2.01628E-11
61	145	0	1.68023E-9	1.07535E-9	61	146	0	4.47062E-8	2.8612E-8
61	147	0	6.56092E-7	4.19899E-7	61	148	0	2.1403E-6	1.36979E-6
61	148	1	4.9907E-6	3.19405E-6	61	149	0	4.61264E-5	2.95209E-5
61	150	0	1.55522E-4	9.95339E-5	61	151	0	3.93695E-4	2.51965E-4
61	152	2	2.10736E-4	1.34871E-4	61	152	0	2.10736E-4	1.34871E-4
61	152	1	2.10736E-4	1.34871E-4	61	153	0	8.73192E-4	5.58843E-4
61	154	0	3.28576E-4	2.10289E-4	61	154	1	3.28576E-4	2.10289E-4
61	155	0	4.56544E-4	2.92188E-4	61	156	0	1.63823E-4	1.04847E-4
61	157	0	5.23673E-5	3.35151E-5	61	158	0	8.76122E-6	5.60718E-6
61	159	0	1.19017E-6	7.61706E-7	61	160	0	9.58134E-8	6.13206E-8
61	161	0	5.37075E-9	3.43728E-9	61	162	0	1.67023E-10	1.06895E-10
61	163	0	4.76066E-12	3.04683E-12	61	164	0	7.75108E-14	4.96069E-14
62	145	0	4.67065E-14	2.98922E-14	62	146	0	5.23073E-12	3.34767E-12
62	147	0	2.06029E-10	1.31858E-10	62	148	0	8.76122E-9	5.60718E-9
62	149	0	1.4002E-7	8.96125E-8	62	150	0	1.69024E-6	1.08175E-6
62	151	0	9.82137E-6	6.28568E-6	62	152	0	5.30974E-5	3.39823E-5
62	153	0	1.53131E-4	9.80041E-5	62	154	0	3.6039E-4	2.3065E-4
62	155	0	4.92419E-4	3.15148E-4	62	156	0	5.23803E-4	3.35234E-4
62	157	0	3.40928E-4	2.18194E-4	62	158	0	1.77335E-4	1.13494E-4
62	159	0	5.26974E-5	3.37263E-5	62	160	0	1.4152E-5	9.05726E-6
62	161	0	1.80025E-6	1.15216E-6	62	162	0	2.02028E-7	1.29298E-7
62	163	0	1.36019E-8	8.70522E-9	62	164	0	7.97111E-10	5.10151E-10
62	165	0	2.37033E-11	1.51701E-11	62	166	0	5.41076E-13	3.46288E-13
63	149	0	1.4602E-11	9.3453E-12	63	151	0	9.22129E-9	5.90162E-9
63	152	2	3.96722E-8	2.53902E-8	63	152	0	3.96722E-8	2.53902E-8
63	152	1	3.96722E-8	2.53902E-8	63	153	0	1.18016E-6	7.55305E-7
63	154	1	3.15544E-6	2.01948E-6	63	154	0	3.15544E-6	2.01948E-6
63	155	0	2.78739E-5	1.78393E-5	63	156	0	6.10385E-5	3.90647E-5
63	157	0	1.22787E-4	7.85838E-5	63	158	0	1.25037E-4	8.0024E-5
63	159	0	1.13226E-4	7.24645E-5	63	160	0	6.11785E-5	3.91543E-5
63	161	0	2.45734E-5	1.5727E-5	63	162	0	6.11085E-6	3.91095E-6
63	163	0	1.39019E-6	8.89724E-7	63	164	0	1.86026E-7	1.19057E-7
63	165	0	2.01028E-8	1.28658E-8	63	166	0	1.09015E-9	6.97697E-10
63	167	0	4.84068E-11	3.09803E-11	63	168	0	1.15016E-12	7.36103E-13
63	169	0	2.44034E-14	1.56182E-14	64	151	0	9.01126E-13	5.7672E-13
64	152	0	4.34061E-11	2.77799E-11	64	153	0	1.02014E-9	6.52891E-10
64	154	0	2.00028E-8	1.28018E-8	64	155	0	2.03028E-7	1.29938E-7
64	156	0	1.52021E-6	9.72936E-7	64	157	0	6.83095E-6	4.37181E-6
64	158	0	2.21931E-5	1.42036E-5	64	159	0	4.17758E-5	2.67365E-5
64	160	0	6.74994E-5	4.31996E-5	64	161	0	5.30074E-5	3.39247E-5
64	162	0	4.04756E-5	2.59044E-5	64	163	0	1.87326E-5	1.19889E-5
64	164	0	8.05112E-6	5.15272E-6	64	165	0	1.95027E-6	1.24817E-6
64	166	0	3.6105E-7	2.31072E-7	64	167	0	3.81053E-8	2.43874E-8
64	168	0	3.22045E-9	2.06109E-9	64	169	0	1.62023E-10	1.03694E-10
64	170	0	6.34089E-12	4.05817E-12	64	171	0	1.34019E-13	8.5772E-14
65	153	0	2.95041E-14	1.88826E-14	65	155	0	5.25073E-11	3.36047E-11
65	156	0	8.33116E-10	5.33194E-10	65	156	1	9.26129E-11	5.92723E-11
65	157	0	1.51021E-8	9.66535E-9	65	158	0	1.01014E-7	6.4649E-8
65	158	1	1.12016E-8	7.169E-9	65	159	0	7.31102E-7	4.67905E-7
65	160	0	2.54035E-6	1.62583E-6	65	161	0	6.27088E-6	4.01336E-6
65	162	0	4.91069E-6	3.14284E-6	65	162	1	4.91069E-6	3.14284E-6
65	163	0	1.35119E-5	8.64761E-6	65	164	0	1.13816E-5	7.28422E-6
65	165	0	8.56119E-6	5.47916E-6	65	166	0	3.27046E-6	2.09309E-6
65	167	0	1.15016E-6	7.36103E-7	65	168	0	2.1503E-7	1.37619E-7
65	169	0	3.75052E-8	2.40034E-8	65	170	0	3.50049E-9	2.24031E-9
65	171	0	2.65037E-10	1.69624E-10	65	172	0	1.04015E-11	6.65693E-12
66	156	0	8.86124E-14	5.67119E-14	66	157	0	3.5805E-12	2.29152E-12
66	158	0	9.57134E-11	6.12565E-11	66	159	0	1.51021E-9	9.66535E-10
66	160	0	1.83026E-8	1.17136E-8	66	161	0	1.02014E-7	6.52891E-8
66	162	0	5.48076E-7	3.50769E-7	66	163	0	1.60022E-6	1.02414E-6
66	164	0	4.17058E-6	2.66917E-6	66	165	0	5.55077E-6	3.5525E-6
66	165	1	8.29116E-7	5.30634E-7	66	166	0	7.22101E-6	4.62145E-6
66	167	0	5.12071E-6	3.27726E-6	66	168	0	2.94041E-6	1.88186E-6
66	169	0	1.07015E-6	6.84896E-7	66	170	0	3.39047E-7	2.1699E-7
66	171	0	5.7508E-8	3.68051E-8	66	172	0	7.8711E-9	5.0375E-9
67	159	0	9.16128E-14	5.86322E-14	67	159	1	1.37019E-14	8.76922E-15
67	161	0	5.35075E-11	3.42448E-11	67	161	1	8.00112E-12	5.12071E-12
67	162	0	2.38033E-10	1.52341E-10	67	162	1	5.54077E-10	3.54609E-10
67	163	0	6.98097E-9	4.46782E-9	67	163	1	1.04015E-9	6.65693E-10
67	164	0	1.4102E-8	9.02526E-9	67	164	1	3.28046E-8	2.09949E-8
67	165	0	2.41034E-7	1.54262E-7	67	166	0	1.71024E-7	1.09455E-7
67	166	1	4.00056E-7	2.56036E-7	67	167	0	1.27018E-6	8.12913E-7
67	168	0	1.4302E-6	9.15328E-7	67	169	0	1.55022E-6	9.92138E-7
67	170	0	4.9807E-7	3.18764E-7	67	170	1	4.9807E-7	3.18764E-7
67	171	0	5.25073E-7	3.36047E-7	67	172	0	1.53021E-7	9.79337E-8
68	162	0	1.84026E-13	1.17776E-13	68	163	0	4.44062E-12	2.842E-12
68	164	0	9.26129E-11	5.92723E-11	68	165	0	1.14016E-9	7.29702E-10
68	166	0	9.2813E-9	5.94003E-9	68	167	0	4.07057E-8	2.60516E-8
68	167	1	6.08085E-9	3.89174E-9	68	168	0	1.71024E-7	1.09455E-7
68	169	0	3.82053E-7	2.44514E-7	68	170	0	7.58106E-7	4.85188E-7
68	171	0	7.83109E-7	5.0119E-7	68	172	0	6.78095E-7	4.33981E-7
69	165	0	1.87026E-13	1.19697E-13	69	166	0	3.62051E-12	2.31712E-12
69	167	0	6.66093E-11	4.26299E-11	69	168	0	5.62078E-10	3.5973E-10
69	169	0	4.2706E-9	2.73318E-9	69	170	0	1.90027E-8	1.21617E-8
69	171	0	6.27088E-8	4.01336E-8	69	172	0	1.10015E-7	7.04098E-8
70	168	0	3.05043E-13	1.95227E-13	70	169	0	4.77067E-12	3.05323E-12
70	169	1	7.131E-13	4.56384E-13	70	170	0	8.86124E-11	5.67119E-11
70	171	0	6.67093E-10	4.2694E-10	70	172	0	3.96055E-9	2.53475E-9
71	171	0	1.28018E-13	8.19314E-14	71	171	1	1.28018E-13	8.19314E-14
71	172	0	1.79025E-12	1.14576E-12	71	172	1	1.79025E-12	1.14576E-12