Z	A	FPS	Yield	Uncertainty	Z	A	FPS	Yield	Uncertainty
23	66	0	2.39192E-13	1.53083E-13	23	67	0	6.2359E-14	3.99098E-14
24	66	0	9.3776E-10	6.00167E-10	24	67	0	1.80938E-10	1.158E-10
24	68	0	1.31E-11	8.384E-12	24	69	0	1.1893E-12	7.61152E-13
24	70	0	4.19E-14	2.6816E-14	25	66	0	1.26E-7	8.064E-8
25	67	0	5.78E-8	3.6992E-8	25	68	0	1.01E-8	6.464E-9
25	69	0	1.59881E-9	1.02324E-9	25	70	0	1.94E-10	1.2416E-10
25	71	0	1.64E-11	1.0496E-11	25	72	0	7.31857E-13	4.68389E-13
26	66	0	1.9E-6	1.216E-6	26	67	0	1.97E-6	1.2608E-6
26	68	0	7.91E-7	5.0624E-7	26	69	0	3.02E-7	1.9328E-7
26	70	0	8.73999E-8	5.5936E-8	26	71	0	1.78E-8	1.1392E-8
26	72	0	2.86927E-9	1.83633E-9	26	73	0	2.53E-10	1.6192E-10
26	74	0	1.77E-11	1.1328E-11	26	75	0	2.54213E-12	1.62696E-12
26	76	0	3.31E-14	2.1184E-14	27	66	0	3.67E-6	2.3488E-6
27	67	0	8.17E-6	5.2288E-6	27	68	0	7.19E-6	4.6016E-6
27	69	0	6.26E-6	4.0064E-6	27	70	0	4.13E-6	2.6432E-6
27	71	0	1.96E-6	1.2544E-6	27	72	0	7.47E-7	4.7808E-7
27	73	0	1.61E-7	1.0304E-7	27	74	0	2.72E-8	1.7408E-8
27	75	0	3.41746E-9	2.18717E-9	27	76	0	3.04E-10	1.9456E-10
27	77	0	1.31609E-11	8.42295E-12	27	78	0	9.7156E-13	6.21798E-13
28	66	0	9.65999E-7	6.1824E-7	28	67	0	4.61E-6	2.9504E-6
28	68	0	8.62E-6	5.5168E-6	28	69	0	1.635E-5	1.0464E-5
28	70	0	2.331E-5	1.49184E-5	28	71	0	2.432E-5	1.55648E-5
28	72	0	2.092E-5	1.33888E-5	28	73	0	1.061E-5	6.7904E-6
28	74	0	4.2E-6	2.688E-6	28	75	0	1.25E-6	8.0E-7
28	76	0	2.68E-7	1.7152E-7	28	77	0	3.81868E-8	2.44396E-8
28	78	0	3.80903E-9	2.43778E-9	28	79	0	2.25967E-10	1.44619E-10
28	80	0	7.75E-12	4.96E-12	29	66	0	3.12E-8	1.9968E-8
29	67	0	3.36E-7	2.1504E-7	29	68	0	2.5E-7	1.6E-7
29	68	1	1.14E-6	7.296E-7	29	69	0	5.82E-6	3.7248E-6
29	70	0	2.66E-6	1.7024E-6	29	70	1	1.506E-5	9.63839E-6
29	71	0	3.932E-5	2.51648E-5	29	72	0	7.243E-5	4.63552E-5
29	73	0	8.159E-5	5.22176E-5	29	74	0	7.182E-5	4.59648E-5
29	75	0	4.859E-5	3.10976E-5	29	76	0	2.409E-5	1.54176E-5
29	77	0	8.27E-6	5.2928E-6	29	78	0	2.02E-6	1.2928E-6
29	79	0	3.03774E-7	1.94415E-7	29	80	0	2.84E-8	1.8176E-8
29	81	0	1.79E-9	1.1456E-9	29	82	0	6.41E-11	4.1024E-11
30	66	0	1.08E-10	6.912E-11	30	67	0	2.75E-9	1.76E-9
30	68	0	2.65E-8	1.696E-8	30	69	0	2.86E-8	1.8304E-8
30	69	1	2.31E-7	1.4784E-7	30	70	0	1.77E-6	1.1328E-6
30	71	0	9.46999E-7	6.0608E-7	30	71	1	7.66E-6	4.9024E-6
30	72	0	3.414E-5	2.18496E-5	30	73	0	8.352E-5	5.34528E-5
30	74	0	1.5657E-4	1.00205E-4	30	75	0	2.2807E-4	1.45965E-4
30	76	0	2.4789E-4	1.5865E-4	30	77	0	1.9489E-4	1.2473E-4
30	78	0	1.1143E-4	7.13152E-5	30	79	0	4.188E-5	2.68032E-5
30	80	0	1.016E-5	6.5024E-6	30	81	0	1.73E-6	1.1072E-6
30	82	0	1.73E-7	1.1072E-7	30	83	0	1.11E-8	7.104E-9
30	84	0	4.05E-10	2.592E-10	30	85	0	3.01785E-11	1.93142E-11
30	86	0	9.20999E-14	5.8944E-14	31	66	0	3.67E-14	2.3488E-14
31	67	0	2.28E-12	1.4592E-12	31	68	0	5.29E-11	3.3856E-11
31	69	0	1.27E-9	8.128E-10	31	70	0	2.03E-8	1.2992E-8
31	71	0	2.29E-7	1.4656E-7	31	72	1	1.03E-6	6.592E-7
31	72	0	1.03E-6	6.592E-7	31	73	0	1.141E-5	7.3024E-6
31	74	1	2.3245E-5	1.48768E-5	31	74	0	2.3245E-5	1.48768E-5
31	75	0	1.4496E-4	9.27743E-5	31	76	0	3.3505E-4	2.14432E-4
31	77	0	5.7408E-4	3.67411E-4	31	78	0	7.2612E-4	4.64717E-4
31	79	0	6.4339E-4	4.11769E-4	31	80	0	3.8589E-4	2.46969E-4
31	81	0	1.7017E-4	1.08909E-4	31	82	0	4.599E-5	2.94336E-5
31	83	0	8.13E-6	5.2032E-6	31	84	0	8.45E-7	5.408E-7
31	85	0	4.05698E-8	2.59647E-8	31	86	0	1.53E-9	9.79199E-10
31	87	0	5.5124E-11	3.52794E-11	32	68	0	1.02E-14	6.528E-15
32	69	0	6.12E-13	3.9168E-13	32	70	0	2.38E-11	1.5232E-11
32	71	0	3.22E-10	2.0608E-10	32	71	1	3.22E-10	2.0608E-10
32	72	0	1.37E-8	8.76799E-9	32	73	0	1.62E-7	1.0368E-7
32	73	1	2.01E-8	1.2864E-8	32	74	0	1.71E-6	1.0944E-6
32	75	0	9.599991E-7	6.144E-7	32	75	1	1.104E-5	7.0656E-6
32	76	0	6.106E-5	3.90784E-5	32	77	0	2.1439E-4	1.3721E-4
32	77	1	1.614E-5	1.03296E-5	32	78	0	6.342E-4	4.05888E-4
32	79	1	6.3436E-4	4.0599E-4	32	79	0	6.3436E-4	4.0599E-4
32	80	0	0.00176903	0.00113218	32	81	0	0.0019015	0.00121696
32	82	0	0.00131477	8.41452E-4	32	83	0	6.1154E-4	3.91385E-4
32	84	0	1.7495E-4	1.11968E-4	32	85	0	2.359E-5	1.50976E-5
32	86	0	2.41E-6	1.5424E-6	32	87	0	1.59945E-7	1.02365E-7
32	88	0	8.88999E-9	5.6896E-9	32	89	0	6.39992E-10	4.09595E-10
33	71	0	1.77E-13	1.1328E-13	33	72	0	9.21999E-12	5.9008E-12
33	73	0	3.03E-10	1.9392E-10	33	74	0	1.22E-9	7.808E-10
33	74	1	5.56E-9	3.5584E-9	33	75	0	1.12E-7	7.168E-8
33	76	0	1.33E-6	8.512E-7	33	77	0	1.171E-5	7.4944E-6
33	78	0	7.337E-5	4.69568E-5	33	79	0	3.4067E-4	2.18029E-4
33	80	0	0.0011037	7.06368E-4	33	81	0	0.00278651	0.00178337
33	82	0	0.00232441	0.00148762	33	82	1	0.00232464	0.00148777
33	83	0	0.00532319	0.00340684	33	84	1	0.00197383	0.00126325
33	84	0	0.00197383	0.00126325	33	85	0	0.00142161	9.0983E-4
33	86	0	3.797E-4	2.43008E-4	33	87	0	6.596E-5	4.22144E-5
33	88	0	9.64999E-6	6.176E-6	33	89	0	8.6036E-7	5.5063E-7
33	90	0	8.78739E-9	5.62393E-9	33	91	0	1.27474E-9	8.15835E-10
33	92	0	6.65557E-11	4.25956E-11	34	73	0	4.32E-14	2.7648E-14
34	74	0	2.66E-12	1.7024E-12	34	75	0	1.07E-10	6.848E-11
34	76	0	3.05E-9	1.952E-9	34	77	0	5.22E-9	3.3408E-9
34	77	1	6.01E-8	3.8464E-8	34	78	0	9.82999E-7	6.2912E-7
34	79	0	1.045E-5	6.688E-6	34	79	1	7.87E-7	5.0368E-7
34	80	0	8.95999E-5	5.7344E-5	34	81	0	4.41E-5	2.8224E-5
34	81	1	5.0717E-4	3.24589E-4	34	82	0	0.00223548	0.00143071
34	83	0	0.00546367	0.00349675	34	83	1	6.7554E-4	4.32345E-4
34	84	0	0.0112021	0.00257649	34	85	0	0.00503095	0.00321981
34	85	1	0.00501584	0.00321014	34	86	0	0.00661978	0.00423666
34	87	0	0.00285651	0.00182817	34	88	0	0.00106141	6.79302E-4
34	89	0	2.3436E-4	1.4999E-4	34	90	0	3.44512E-5	2.20488E-5
34	91	0	3.69872E-6	2.36718E-6	34	92	0	2.60933E-7	1.66997E-7
34	93	0	6.73441E-9	4.31002E-9	34	94	0	3.89E-10	2.4896E-10
34	96	0	1.36E-13	8.70399E-14	35	77	0	5.09E-12	3.2576E-12
35	77	1	3.12E-11	1.9968E-11	35	78	0	1.35E-9	8.63999E-10
35	79	0	5.57E-9	3.5648E-9	35	79	1	3.42E-8	2.1888E-8
35	80	0	1.23E-7	7.872E-8	35	80	1	6.98E-7	4.4672E-7
35	81	0	1.311E-5	8.3904E-6	35	82	0	1.128E-4	7.2192E-5
35	82	1	2.476E-5	1.58464E-5	35	83	0	9.49429E-4	6.07635E-4
35	84	0	9.48249E-4	6.0688E-4	35	84	1	0.00336197	0.00215166
35	85	0	0.00924793	0.00295934	35	86	0	0.00737016	0.0047169
35	86	1	0.00736873	0.00471598	35	87	0	0.014684	0.00469889
35	88	0	0.0131936	0.00422194	35	89	0	0.00685337	0.00438615
35	90	0	0.0024254	0.00155226	35	91	0	6.3954E-4	4.09305E-4
35	92	0	1.1218E-4	7.17952E-5	35	93	0	9.05326E-6	5.79409E-6
35	94	0	1.05E-6	6.72E-7	35	95	0	1.34916E-8	8.63462E-9
35	96	0	2.36E-9	1.5104E-9	35	97	0	1.05769E-10	6.76923E-11
36	78	0	1.8E-13	1.152E-13	36	79	1	6.95E-12	4.448E-12
36	79	0	6.95E-12	4.448E-12	36	80	0	7.63E-10	4.8832E-10
36	81	0	3.06E-8	1.9584E-8	36	81	1	2.3E-9	1.472E-9
36	82	0	9.40999E-7	6.0224E-7	36	83	0	1.543E-5	9.87519E-6
36	83	1	1.91E-6	1.2224E-6	36	84	0	2.0969E-4	1.34202E-4
36	85	0	0.00108828	6.96499E-4	36	85	1	1.3157E-4	8.42048E-5
36	86	0	0.00446694	0.00285884	36	87	0	0.0148402	0.00237444
36	88	0	0.0210167	0.00336267	36	89	0	0.0269914	0.00863724
36	90	0	0.0209152	0.00669287	36	91	0	0.01178	0.00376961
36	92	0	0.00487399	0.00311935	36	93	0	9.966691E-4	6.37868E-4
36	94	0	2.7946E-4	1.78854E-4	36	95	0	3.91465E-5	2.50538E-5
36	96	0	3.89E-6	2.4896E-6	36	97	0	3.06894E-7	1.96412E-7
36	98	0	1.3E-8	8.32E-9	36	99	0	6.65376E-10	4.25841E-10
36	100	0	1.04E-11	6.656E-12	37	81	0	8.06E-12	5.1584E-12
37	83	0	3.3E-8	2.112E-8	37	84	0	1.12E-6	7.168E-7
37	85	0	1.751E-5	1.12064E-5	37	86	1	8.392E-5	5.37088E-5
37	86	0	8.392E-5	5.37088E-5	37	87	0	9.70319E-4	6.21004E-4
37	88	0	0.00422585	0.00270454	37	89	0	0.011799	0.00377567
37	90	0	0.00236745	0.00151517	37	90	1	0.0191539	0.00612926
37	91	0	0.0293761	0.00940035	37	92	0	0.0275389	0.00881245
37	93	0	0.016304	0.00521726	37	94	0	0.00799725	0.00511824
37	95	0	0.00269559	0.00172518	37	96	0	6.4272E-4	4.11341E-4
37	97	0	1.206E-4	7.7184E-5	37	98	0	1.255E-5	8.032E-6
37	99	0	8.94485E-7	5.7247E-7	37	100	0	6.08E-8	3.8912E-8
37	101	0	1.24718E-9	7.98195E-10	37	102	0	7.11457E-11	4.55333E-11
38	83	0	6.09E-12	3.8976E-12	38	84	0	5.93E-10	3.7952E-10
38	85	1	1.325E-8	8.48E-9	38	85	0	1.325E-8	8.48E-9
38	86	0	6.81E-7	4.3584E-7	38	87	0	9.04999E-6	5.792E-6
38	87	1	1.12E-6	7.168E-7	38	88	0	1.1215E-4	7.1776E-5
38	89	0	7.617E-4	4.87488E-4	38	90	0	0.00312168	0.00199787
38	91	0	0.00966988	0.00618873	38	92	0	0.019996	0.00639873
38	93	0	0.0290564	0.00929805	38	94	0	0.0281891	0.00902051
38	95	0	0.0215743	0.00690378	38	96	0	0.0116979	0.00374332
38	97	0	0.00499837	0.00319895	38	98	0	0.00123442	7.90028E-4
38	99	0	2.58355E-4	1.65347E-4	38	100	0	3.452E-5	2.20928E-5
38	101	0	3.61875E-6	2.316E-6	38	102	0	2.78929E-7	1.78514E-7
38	103	0	1.38107E-8	8.83887E-9	38	104	0	4.0E-9	2.56E-9
38	105	0	3.12477E-10	1.99985E-10	38	106	0	3.88667E-11	2.48747E-11
39	85	0	3.86E-12	2.4704E-12	39	87	0	1.09E-8	6.976E-9
39	88	0	3.16E-7	2.0224E-7	39	89	0	5.75E-7	3.68E-7
39	89	1	4.65E-6	2.976E-6	39	90	1	2.679E-5	1.71456E-5
39	90	0	2.679E-5	1.71456E-5	39	91	1	1.8865E-4	1.20736E-4
39	91	0	1.8865E-4	1.20736E-4	39	92	0	0.00201232	0.00128788
39	93	1	0.00332642	0.00212891	39	93	0	0.00332642	0.00212891
39	94	0	0.0135788	0.00434522	39	95	0	0.0230709	0.00738268
39	96	0	0.00162637	0.00104088	39	96	1	0.0254809	0.00586061
39	97	1	0.012473	0.00798272	39	97	0	0.012473	0.00798272
39	98	0	0.00690836	0.00442135	39	98	1	0.0069082	0.00442125
39	99	0	0.00665908	0.00426181	39	100	0	0.00203472	0.00130222
39	101	0	4.9806E-4	3.18758E-4	39	102	0	9.12999E-5	5.8432E-5
39	103	0	1.85662E-5	1.18824E-5	39	104	0	4.44E-6	2.8416E-6
39	105	0	4.20071E-7	2.68846E-7	39	106	0	3.86694E-8	2.47484E-8
39	107	0	6.60248E-10	4.22559E-10	39	108	0	4.05454E-11	2.59491E-11
40	87	0	1.11E-12	7.104E-13	40	88	0	8.68999E-11	5.5616E-11
40	89	0	3.67E-9	2.3488E-9	40	90	1	4.76E-8	3.0464E-8
40	90	0	4.76E-8	3.0464E-8	40	91	0	1.68E-6	1.0752E-6
40	92	0	2.198E-5	1.40672E-5	40	93	0	1.6897E-4	1.08141E-4
40	94	0	8.3582E-4	5.34924E-4	40	95	0	0.00325208	0.00208133
40	96	0	0.00855122	0.00547278	40	97	0	0.0168227	0.00538326
40	98	0	0.0202016	0.0064645	40	99	0	0.0212573	0.00680233
40	100	0	0.0141057	0.00451383	40	101	0	0.00765227	0.00489745
40	102	0	0.00317734	0.0020335	40	103	0	0.00130801	8.37126E-4
40	104	0	4.9998E-4	3.19987E-4	40	105	0	1.2133E-4	7.76509E-5
40	106	0	1.50913E-5	9.65842E-6	40	107	0	1.91574E-6	1.22607E-6
40	108	0	1.58959E-7	1.01734E-7	40	109	0	6.23639E-9	3.99129E-9
40	110	0	3.84E-10	2.4576E-10	40	111	0	6.73204E-11	4.30851E-11
41	89	0	2.45E-13	1.568E-13	41	90	0	1.64E-11	1.0496E-11
41	91	0	7.38E-10	4.7232E-10	41	92	0	2.46E-8	1.5744E-8
41	93	0	4.23E-7	2.7072E-7	41	93	1	5.23E-8	3.3472E-8
41	94	0	4.23E-6	2.7072E-6	41	94	1	1.49E-6	9.53599E-7
41	95	0	4.923E-5	3.15072E-5	41	95	1	6.08E-6	3.8912E-6
41	96	0	1.8879E-4	1.20826E-4	41	97	0	0.00130377	8.34412E-4
41	97	1	1.6114E-4	1.0313E-4	41	98	0	0.00339883	0.00217525
41	98	1	5.9985E-4	3.83904E-4	41	99	0	7.4E-4	4.736E-4
41	99	1	0.00850967	0.00544619	41	100	0	0.0065379	0.00418425
41	100	1	0.0065379	0.00418425	41	101	0	0.0150976	0.00483122
41	102	1	0.006735	0.0043104	41	102	0	0.006735	0.0043104
41	103	0	0.0107021	0.00342467	41	104	1	0.00317453	0.0020317
41	104	0	0.00317453	0.0020317	41	105	0	0.00312739	0.00200153
41	106	0	8.92169E-4	5.70988E-4	41	107	0	2.56363E-4	1.64073E-4
41	108	0	5.212E-5	3.33568E-5	41	109	0	8.38376E-6	5.36561E-6
41	110	0	7.29E-7	4.6656E-7	41	111	0	9.05008E-8	5.79205E-8
41	112	0	1.08886E-9	6.96871E-10	41	113	0	2.08929E-10	1.33714E-10
41	114	0	4.92155E-12	3.14979E-12	42	91	0	3.07E-14	1.9648E-14
42	92	0	2.64E-12	1.6896E-12	42	93	1	6.55E-11	4.192E-11
42	93	0	6.55E-11	4.192E-11	42	94	0	3.92E-9	2.5088E-9
42	95	0	9.59999E-8	6.144E-8	42	96	0	1.42E-6	9.08799E-7
42	97	0	1.468E-5	9.39519E-6	42	98	0	9.51299E-5	6.08832E-5
42	99	0	5.1165E-4	3.27456E-4	42	100	0	0.00161002	0.00103041
42	101	0	0.00405174	0.00259311	42	102	0	0.00775001	0.00496
42	103	0	0.0116048	0.00371352	42	104	0	0.0104587	0.00334679
42	105	0	0.00998323	0.00638927	42	106	0	0.00618496	0.00395837
42	107	0	0.00396828	0.0025397	42	108	0	0.001814	0.00116096
42	109	0	6.5978E-4	4.22259E-4	42	110	0	1.3793E-4	8.82751E-5
42	111	0	2.61394E-5	1.67292E-5	42	112	0	4.26891E-6	2.7321E-6
42	113	0	6.06216E-7	3.87978E-7	42	114	0	1.92951E-8	1.23488E-8
42	115	0	6.15354E-10	3.93827E-10	42	116	0	4.62E-11	2.9568E-11
43	95	0	1.44E-11	9.21599E-12	43	95	1	1.77E-12	1.1328E-12
43	97	1	7.5E-9	4.8E-9	43	97	0	7.5E-9	4.8E-9
43	98	0	2.39E-7	1.5296E-7	43	99	0	2.78E-6	1.7792E-6
43	99	1	3.44E-7	2.2016E-7	43	100	0	2.306E-5	1.47584E-5
43	101	0	1.3369E-4	8.55616E-5	43	102	0	2.8858E-4	1.84691E-4
43	102	1	2.8858E-4	1.84691E-4	43	103	0	0.00165729	0.00106066
43	104	0	0.00233969	0.0014974	43	105	0	0.0046387	0.00296877
43	106	0	0.00607005	0.00273152	43	107	0	0.00782922	0.0050107
43	108	0	0.00769001	0.0049216	43	109	0	0.00599048	0.0038339
43	110	0	0.00285695	0.00182845	43	111	0	0.00124042	7.93868E-4
43	112	0	4.5892E-4	2.93709E-4	43	113	0	8.11235E-5	5.19191E-5
43	114	0	1.174E-5	7.5136E-6	43	115	0	8.27239E-7	5.29433E-7
43	116	0	1.54E-7	9.85599E-8	43	117	0	2.68385E-9	1.71766E-9
43	118	0	2.32817E-10	1.49003E-10	43	119	0	2.66662E-11	1.70664E-11
44	97	0	1.46E-12	9.34399E-13	44	98	0	5.85E-11	3.744E-11
44	99	0	1.91E-9	1.2224E-9	44	100	0	3.41E-8	2.1824E-8
44	101	0	4.73E-7	3.0272E-7	44	102	0	4.83E-6	3.0912E-6
44	103	0	2.889E-5	1.84896E-5	44	104	0	6.348E-5	4.06272E-5
44	105	0	2.4029E-4	1.53786E-4	44	106	0	7.0595E-4	4.51808E-4
44	107	0	0.00210113	0.00134472	44	108	0	0.00442423	0.00283151
44	109	1	0.00359247	0.00229918	44	109	0	0.00359247	0.00229918
44	110	0	0.00745936	0.00477399	44	111	0	0.00699921	0.00447949
44	112	0	0.00558744	0.00357596	44	113	0	0.00223999	0.00143359
44	114	0	7.395E-4	4.7328E-4	44	115	0	2.38932E-4	1.52916E-4
44	116	0	5.032E-5	3.22048E-5	44	117	0	7.78731E-6	4.98388E-6
44	118	0	9.12767E-7	5.84171E-7	44	119	0	7.73733E-8	4.95189E-8
44	120	0	4.86E-9	3.1104E-9	44	121	0	3.88009E-10	2.48326E-10
44	122	0	7.46E-12	4.7744E-12	45	99	0	1.11E-13	7.104E-14
45	101	0	1.81E-11	1.1584E-11	45	101	1	1.47E-10	9.40799E-11
45	102	0	2.05E-9	1.312E-9	45	102	1	2.05E-9	1.312E-9
45	103	0	3.88E-9	2.4832E-9	45	103	1	4.46E-8	2.8544E-8
45	104	0	2.74E-8	1.7536E-8	45	104	1	1.55E-7	9.91999E-8
45	105	0	1.46E-6	9.34399E-7	45	105	1	1.1E-7	7.04E-8
45	106	0	5.4E-6	3.456E-6	45	106	1	5.4E-6	3.456E-6
45	107	0	6.933E-5	4.43712E-5	45	108	0	1.6475E-4	1.0544E-4
45	108	1	1.6475E-4	1.0544E-4	45	109	0	5.7894E-4	3.70521E-4
45	109	1	5.7894E-4	3.70521E-4	45	110	0	0.00132769	8.49721E-4
45	110	1	0.00132769	8.49721E-4	45	111	0	0.00532	0.0034048
45	112	0	0.00892001	0.00401401	45	113	0	0.00764375	0.004892
45	114	0	0.00545471	0.00349101	45	115	0	0.00384363	0.00245992
45	116	0	0.00175115	0.00112074	45	117	0	5.992E-4	3.83488E-4
45	118	0	1.5768E-4	1.00915E-4	45	119	0	3.041E-5	1.94624E-5
45	120	0	4.38E-6	2.8032E-6	45	121	0	5.21612E-7	3.33831E-7
45	122	0	3.8E-8	2.432E-8	45	123	0	2.32E-9	1.4848E-9
45	124	0	9.63999E-11	6.1696E-11	46	102	0	3.31E-13	2.1184E-13
46	103	0	8.34E-12	5.3376E-12	46	104	0	5.15E-11	3.296E-11
46	105	0	9.35999E-10	5.9904E-10	46	106	0	1.6E-8	1.024E-8
46	107	0	5.15E-8	3.296E-8	46	107	1	1.94E-7	1.2416E-7
46	108	0	2.76E-6	1.7664E-6	46	109	0	4.64E-6	2.9696E-6
46	109	1	1.747E-5	1.11808E-5	46	110	0	1.1855E-4	7.5872E-5
46	111	0	1.1168E-4	7.14752E-5	46	111	1	4.2012E-4	2.68877E-4
46	112	0	0.00188509	0.00120646	46	113	0	0.00685063	0.0043844
46	114	0	0.00536657	0.0034346	46	115	0	0.00810756	0.00518884
46	116	0	0.00742383	0.00475125	46	117	0	0.00532822	0.00341006
46	118	0	0.00299787	0.00191864	46	119	0	0.00126037	8.06636E-4
46	120	0	4.0311E-4	2.5799E-4	46	121	0	1.105E-4	7.072E-5
46	122	0	1.878E-5	1.20192E-5	46	123	0	2.71E-6	1.7344E-6
46	124	0	2.73E-7	1.7472E-7	46	125	0	1.76E-8	1.1264E-8
46	126	0	1.58E-9	1.0112E-9	46	127	0	4.45987E-10	2.85432E-10
46	128	0	1.69E-11	1.0816E-11	47	105	1	4.99E-14	3.1936E-14
47	106	0	4.09E-13	2.6176E-13	47	106	1	1.86E-12	1.1904E-12
47	107	0	6.84E-12	4.3776E-12	47	107	1	7.86E-11	5.0304E-11
47	108	1	1.17E-9	7.488E-10	47	108	0	1.17E-9	7.488E-10
47	109	1	2.14E-8	1.3696E-8	47	109	0	2.14E-8	1.3696E-8
47	110	0	1.04E-7	6.656E-8	47	110	1	4.73E-7	3.0272E-7
47	111	0	4.88E-7	3.1232E-7	47	111	1	5.61E-6	3.5904E-6
47	112	0	4.952E-5	3.16928E-5	47	113	0	1.656E-5	1.05984E-5
47	113	1	1.9043E-4	1.21875E-4	47	114	0	7.0322E-4	4.50061E-4
47	115	0	0.00110278	7.05779E-4	47	115	1	0.00110278	7.05779E-4
47	116	0	0.0021357	0.00136685	47	116	1	0.0021357	0.00136685
47	117	0	0.00313357	0.00200548	47	117	1	0.00313357	0.00200548
47	118	0	0.00361197	0.00231166	47	118	1	0.00361197	0.00231166
47	119	0	0.00628958	0.00402533	47	120	1	0.0021184	0.00135578
47	120	0	0.0021184	0.00135578	47	121	0	0.00254829	0.0016309
47	122	1	4.84725E-4	3.10224E-4	47	122	0	4.84725E-4	3.10224E-4
47	123	0	3.1851E-4	2.03846E-4	47	124	0	7.595E-5	4.8608E-5
47	125	0	1.172E-5	7.5008E-6	47	126	0	2.38E-6	1.5232E-6
47	127	0	5.99554E-7	3.83714E-7	47	128	0	8.41E-8	5.3824E-8
47	129	0	1.84321E-9	1.17965E-9	47	130	0	1.55E-10	9.91999E-11
48	108	0	1.89E-13	1.2096E-13	48	109	0	8.28E-12	5.2992E-12
48	110	0	2.79E-10	1.7856E-10	48	111	0	9.99999E-10	6.4E-10
48	111	1	6.14E-9	3.9296E-9	48	112	0	1.39E-7	8.89599E-8
48	113	0	1.89E-7	1.2096E-7	48	113	1	1.16E-6	7.424E-7
48	114	0	1.076E-5	6.8864E-6	48	115	0	1.064E-5	6.8096E-6
48	115	1	6.536E-5	4.18304E-5	48	116	0	3.1809E-4	2.03577E-4
48	117	0	1.3847E-4	8.86207E-5	48	117	1	8.5059E-4	5.44377E-4
48	118	0	0.00237267	0.00151851	48	119	0	0.00212165	0.00135786
48	119	1	0.00212165	0.00135786	48	120	0	0.00584142	0.00373851
48	121	1	0.00398467	0.00255019	48	121	0	0.00398467	0.00255019
48	122	0	0.00593828	0.0038005	48	123	0	0.0042193	0.00270035
48	124	0	0.00227016	0.0014529	48	125	0	8.0653E-4	5.16179E-4
48	126	0	3.5946E-4	2.30054E-4	48	127	0	1.4577E-4	9.32927E-5
48	128	0	4.064E-5	2.60096E-5	48	129	0	5.34815E-6	3.42282E-6
48	130	0	4.7E-7	3.008E-7	48	131	0	2.74E-8	1.7536E-8
48	132	0	7.69E-10	4.9216E-10	48	133	0	6.68238E-11	4.27672E-11
48	134	0	1.8E-13	1.152E-13	49	111	0	8.03E-13	5.1392E-13
49	112	0	4.1E-12	2.624E-12	49	112	1	3.32E-11	2.1248E-11
49	113	0	7.89E-10	5.0496E-10	49	113	1	9.74999E-11	6.24E-11
49	114	0	2.56E-9	1.6384E-9	49	114	1	1.45E-8	9.27999E-9
49	115	0	2.51E-7	1.6064E-7	49	115	1	3.1E-8	1.984E-8
49	116	2	8.86666E-7	5.67466E-7	49	116	0	8.86666E-7	5.67466E-7
49	116	1	8.86666E-7	5.67466E-7	49	117	0	1.644E-5	1.05216E-5
49	117	1	2.03E-6	1.2992E-6	49	118	2	7.29E-6	4.6656E-6
49	118	0	8.261E-5	5.28704E-5	49	118	1	7.29E-6	4.6656E-6
49	119	0	3.3289E-4	2.13049E-4	49	119	1	4.114E-5	2.63296E-5
49	120	2	3.62166E-4	2.31787E-4	49	120	0	3.62166E-4	2.31787E-4
49	120	1	3.62166E-4	2.31787E-4	49	121	0	0.00600633	0.00384405
49	121	1	3.185E-4	2.0384E-4	49	122	2	0.00122178	7.81942E-4
49	122	0	0.00244354	0.00156386	49	122	1	0.00122178	7.81942E-4
49	123	0	0.0064437	0.00412397	49	123	1	7.9641E-4	5.09702E-4
49	124	1	0.00417489	0.00267193	49	124	0	0.00417489	0.00267193
49	125	0	0.00323177	0.00206833	49	125	1	0.00323177	0.00206833
49	126	1	0.00300654	0.00192419	49	126	0	0.00300654	0.00192419
49	127	0	0.00191302	0.00122433	49	127	1	0.00191302	0.00122433
49	128	1	0.00102629	6.56825E-4	49	128	0	0.00102629	6.56825E-4
49	129	0	3.2201E-4	2.06086E-4	49	129	1	3.2201E-4	2.06086E-4
49	130	2	4.67033E-5	2.98901E-5	49	130	1	4.67033E-5	2.98901E-5
49	130	0	4.67033E-5	2.98901E-5	49	131	1	1.0745E-5	6.8768E-6
49	131	0	1.0745E-5	6.8768E-6	49	132	0	1.64E-6	1.0496E-6
49	133	0	8.98331E-8	5.74932E-8	49	134	0	2.92E-9	1.8688E-9
49	135	0	1.04391E-10	6.68103E-11	49	136	0	1.3E-12	8.32E-13
50	113	1	2.76E-14	1.7664E-14	50	113	0	2.76E-14	1.7664E-14
50	114	0	2.61E-12	1.6704E-12	50	115	0	1.03E-10	6.592E-11
50	116	0	2.25E-9	1.44E-9	50	117	1	1.8E-8	1.152E-8
50	117	0	1.8E-8	1.152E-8	50	118	0	4.32E-7	2.7648E-7
50	119	0	5.25E-7	3.36E-7	50	119	1	3.22E-6	2.0608E-6
50	120	0	2.42E-5	1.5488E-5	50	121	0	2.591E-5	1.65824E-5
50	121	1	1.1801E-4	7.55264E-5	50	122	0	5.311E-4	3.39904E-4
50	123	0	0.00138224	8.84633E-4	50	123	1	3.0342E-4	1.94189E-4
50	124	0	0.00417824	0.00267407	50	125	0	0.00564519	0.00361292
50	125	1	0.00123919	7.93081E-4	50	126	0	0.0128462	0.00411077
50	127	0	0.0102213	0.00327081	50	127	1	0.0022437	0.00143597
50	128	1	0.00615763	0.00394088	50	128	0	0.00615763	0.00394088
50	129	0	0.00714512	0.00457287	50	129	1	0.00156771	0.00100333
50	130	1	0.00223479	0.00143027	50	130	0	0.00223479	0.00143027
50	131	1	8.64389E-4	5.53209E-4	50	131	0	8.64389E-4	5.53209E-4
50	132	0	3.479E-4	2.22656E-4	50	133	0	5.102E-5	3.26528E-5
50	134	0	4.49E-6	2.8736E-6	50	135	0	3.02895E-7	1.93853E-7
50	136	0	1.4E-8	8.95999E-9	50	137	0	3.79E-10	2.4256E-10
50	138	0	1.16E-11	7.424E-12	51	117	0	6.8E-12	4.352E-12
51	118	0	4.94E-11	3.1616E-11	51	118	1	1.41E-10	9.02399E-11
51	119	0	3.82E-9	2.4448E-9	51	120	0	1.47E-8	9.40799E-9
51	120	1	4.19E-8	2.6816E-8	51	121	0	7.85E-7	5.024E-7
51	122	0	2.0E-6	1.28E-6	51	122	1	4.66E-6	2.9824E-6
51	123	0	4.776E-5	3.05664E-5	51	124	2	8.94199E-5	5.72288E-5
51	124	0	8.94199E-5	5.72288E-5	51	124	1	8.94199E-5	5.72288E-5
51	125	0	9.79969E-4	6.2718E-4	51	126	2	8.0396E-4	5.14534E-4
51	126	0	0.00214296	0.00137149	51	126	1	8.0396E-4	5.14534E-4
51	127	0	0.00553261	0.00248967	51	128	0	0.00566434	0.00362518
51	128	1	0.00427297	0.0027347	51	129	0	0.0152527	0.00488087
51	130	0	0.0099581	0.00637319	51	130	1	0.00751224	0.00480783
51	131	0	0.0160276	0.00512883	51	132	0	0.00312907	0.0020026
51	132	1	0.00489418	0.00313227	51	133	0	0.00300721	0.00192461
51	134	1	3.465E-4	2.2176E-4	51	134	0	3.465E-4	2.2176E-4
51	135	0	1.2193E-4	7.80352E-5	51	136	0	1.455E-5	9.31199E-6
51	137	0	1.02E-6	6.528E-7	51	138	0	8.05E-8	5.152E-8
51	139	0	2.71E-9	1.7344E-9	51	140	0	5.55906E-11	3.5578E-11
52	119	0	3.73E-13	2.3872E-13	52	120	0	1.29E-11	8.256E-12
52	121	1	2.13E-10	1.3632E-10	52	121	0	2.13E-10	1.3632E-10
52	122	0	8.56E-9	5.4784E-9	52	123	0	2.02E-8	1.2928E-8
52	123	1	1.24E-7	7.936E-8	52	124	0	1.92E-6	1.2288E-6
52	125	0	2.29E-6	1.4656E-6	52	125	1	1.41E-5	9.02399E-6
52	126	0	1.3455E-4	8.6112E-5	52	127	0	5.548E-5	3.55072E-5
52	127	1	2.5276E-4	1.61766E-4	52	128	0	0.00105763	6.76883E-4
52	129	0	6.5235E-4	4.17504E-4	52	129	1	0.00297181	0.00190196
52	130	0	0.00928149	0.00594016	52	131	0	0.00353078	0.0022597
52	131	1	0.0160847	0.00514709	52	132	0	0.0231625	0.003706
52	133	0	0.00375279	0.00240178	52	133	1	0.0170961	0.00547074
52	134	0	0.0118351	0.00378722	52	135	0	0.00516452	0.00330529
52	136	0	0.00153033	9.79411E-4	52	137	0	2.7213E-4	1.74163E-4
52	138	0	5.373E-5	3.43872E-5	52	139	0	4.58E-6	2.9312E-6
52	140	0	2.17944E-7	1.39484E-7	52	141	0	7.93857E-9	5.08069E-9
52	142	0	3.36E-10	2.1504E-10	53	121	0	2.2E-14	1.408E-14
53	123	0	4.26E-11	2.7264E-11	53	125	0	2.85E-8	1.824E-8
53	126	0	5.22E-7	3.3408E-7	53	127	0	1.93E-6	1.2352E-6
53	128	0	1.296E-5	8.2944E-6	53	129	0	1.0495E-4	6.7168E-5
53	130	0	5.2077E-4	3.33293E-4	53	130	1	1.1432E-4	7.31648E-5
53	131	0	0.00321905	0.00206019	53	132	1	0.00393921	0.00252109
53	132	0	0.00393921	0.00252109	53	133	1	0.00966329	0.00618451
53	133	0	0.00966329	0.00618451	53	134	0	0.0136008	0.00312817
53	134	1	0.015749	0.00362228	53	135	0	0.0263071	0.00841828
53	136	0	0.00912236	0.00583831	53	136	1	0.00911873	0.00583599
53	137	0	0.00778715	0.00498377	53	138	0	0.00369865	0.00236713
53	139	0	7.7258E-4	4.94451E-4	53	140	0	9.36299E-5	5.99232E-5
53	141	0	1.06721E-5	6.83012E-6	53	142	0	9.05999E-7	5.7984E-7
53	143	0	8.55111E-9	5.47271E-9	53	144	0	5.10005E-10	3.26403E-10
53	145	0	4.09985E-11	2.6239E-11	54	125	1	2.39E-12	1.5296E-12
54	125	0	2.39E-12	1.5296E-12	54	126	0	2.0E-10	1.28E-10
54	127	1	6.0E-10	3.84E-10	54	127	0	6.0E-10	3.84E-10
54	128	0	1.63E-8	1.0432E-8	54	129	1	1.62E-7	1.0368E-7
54	129	0	1.62E-7	1.0368E-7	54	130	0	4.86E-6	3.1104E-6
54	131	0	1.031E-5	6.5984E-6	54	131	1	4.699E-5	3.00736E-5
54	132	0	4.1901E-4	2.68166E-4	54	133	0	4.214E-4	2.69696E-4
54	133	1	0.00191436	0.00122519	54	134	0	0.00137993	8.83155E-4
54	134	1	0.00628633	0.00402325	54	135	0	0.00325859	0.0020855
54	135	1	0.0148483	0.00475147	54	136	0	0.0283414	0.00906925
54	137	0	0.0293238	0.00938361	54	138	0	0.0238939	0.00764606
54	139	0	0.0119751	0.00766406	54	140	0	0.00403458	0.00258213
54	141	0	9.53279E-4	6.10099E-4	54	142	0	2.4111E-4	1.5431E-4
54	143	1	1.24057E-5	7.93966E-6	54	143	0	1.24057E-5	7.93966E-6
54	144	0	1.99949E-6	1.27967E-6	54	145	0	1.18959E-7	7.61337E-8
54	146	0	4.57E-9	2.9248E-9	54	147	0	2.00267E-10	1.28171E-10
54	148	0	2.44E-12	1.5616E-12	55	127	0	7.15E-14	4.576E-14
55	129	0	9.78999E-11	6.2656E-11	55	131	0	1.17E-7	7.488E-8
55	132	0	2.29E-6	1.4656E-6	55	133	0	3.353E-5	2.14592E-5
55	134	1	1.40945E-4	9.02047E-5	55	134	0	1.40945E-4	9.02047E-5
55	135	1	8.0891E-4	5.17702E-4	55	135	0	8.0891E-4	5.17702E-4
55	136	1	0.00411544	0.00263388	55	136	0	0.00411544	0.00263388
55	137	0	0.0129206	0.0041346	55	138	0	0.0160893	0.00514856
55	138	1	0.015786	0.0050515	55	139	0	0.0344926	0.0110376
55	140	0	0.0230007	0.00736023	55	141	0	0.0146548	0.00468953
55	142	0	0.00690046	0.00441629	55	143	0	0.00170878	0.00109362
55	144	0	3.2947E-4	2.10861E-4	55	145	0	4.79E-5	3.0656E-5
55	146	0	4.63E-6	2.9632E-6	55	147	0	2.69225E-7	1.72304E-7
55	148	0	1.5E-8	9.59999E-9	55	149	0	2.33243E-10	1.49276E-10
55	150	0	1.03E-11	6.592E-12	56	131	0	2.32E-11	1.4848E-11
56	132	0	1.24E-9	7.936E-10	56	133	0	4.95E-8	3.168E-8
56	134	0	1.12E-6	7.168E-7	56	135	1	8.345E-6	5.3408E-6
56	135	0	8.345E-6	5.3408E-6	56	136	1	9.03549E-5	5.78272E-5
56	136	0	9.03549E-5	5.78272E-5	56	137	0	1.4654E-4	9.37855E-5
56	137	1	6.6759E-4	4.27257E-4	56	138	0	0.00449417	0.00287627
56	139	0	0.0110418	0.00353338	56	140	0	0.0167879	0.00386122
56	141	0	0.0236162	0.00755718	56	142	0	0.0243673	0.00779753
56	143	0	0.0136911	0.00438117	56	144	0	0.00599992	0.00383995
56	145	0	0.00202937	0.0012988	56	146	0	4.7618E-4	3.04755E-4
56	147	0	7.77605E-5	4.97667E-5	56	148	0	8.90999E-6	5.7024E-6
56	149	0	6.76766E-7	4.3313E-7	56	150	0	3.76E-8	2.4064E-8
56	151	0	1.1224E-9	7.18337E-10	56	152	0	3.71E-11	2.3744E-11
56	153	0	2.61646E-12	1.67453E-12	57	133	0	7.05E-12	4.512E-12
57	135	0	1.74E-8	1.1136E-8	57	137	0	5.57E-6	3.5648E-6
57	138	0	7.516E-5	4.81024E-5	57	139	0	4.3991E-4	2.81542E-4
57	140	0	0.00636346	0.00407261	57	141	0	0.00527218	0.00337419
57	142	0	0.0117189	0.00375003	57	143	0	0.0146938	0.00470202
57	144	0	0.0138986	0.00444754	57	145	0	0.0103373	0.00330795
57	146	1	0.00277933	0.00177877	57	146	0	0.00277933	0.00177877
57	147	0	0.0020929	0.00133946	57	148	0	5.4876E-4	3.51206E-4
57	149	0	9.97599E-5	6.38464E-5	57	150	0	1.346E-5	8.6144E-6
57	151	0	1.50888E-6	9.65681E-7	57	152	0	8.12E-8	5.1968E-8
57	153	0	3.51738E-9	2.25112E-9	57	154	0	1.11E-10	7.104E-11
57	155	0	2.50814E-12	1.60521E-12	58	135	0	1.74E-12	1.1136E-12
58	137	0	3.82E-9	2.4448E-9	58	138	0	1.31E-7	8.384E-8
58	139	0	3.44E-7	2.2016E-7	58	139	1	1.57E-6	1.0048E-6
58	140	0	1.866E-5	1.19424E-5	58	141	0	1.3722E-4	8.78207E-5
58	142	0	7.2113E-4	4.61523E-4	58	143	0	0.00204532	0.001309
58	144	0	0.00437947	0.00280286	58	145	0	0.00719603	0.00323821
58	146	0	0.00846476	0.00541744	58	147	0	0.00695207	0.00444932
58	148	0	0.00396451	0.00253728	58	149	0	0.00163355	0.00104547
58	150	0	5.1124E-4	3.27193E-4	58	151	0	1.3549E-4	8.67135E-5
58	152	0	1.759E-5	1.12576E-5	58	153	0	1.86E-6	1.1904E-6
58	154	0	1.45E-7	9.27999E-8	58	155	0	7.27749E-9	4.65759E-9
58	156	0	2.51E-10	1.6064E-10	58	157	0	5.67E-12	3.6288E-12
58	158	0	8.5E-14	5.44E-14	59	139	0	8.22E-10	5.2608E-10
59	140	0	2.09E-8	1.3376E-8	59	141	0	3.99E-7	2.5536E-7
59	142	1	2.465E-6	1.5776E-6	59	142	0	2.465E-6	1.5776E-6
59	143	0	3.561E-5	2.27904E-5	59	144	0	1.062E-5	6.7968E-6
59	144	1	1.6637E-4	1.06477E-4	59	145	0	6.404E-4	4.09856E-4
59	146	0	0.00174396	0.00111613	59	147	0	0.00310584	0.00198774
59	148	1	0.00191069	0.00122284	59	148	0	0.00191069	0.00122284
59	149	0	0.00342527	0.00219217	59	150	0	0.00235125	0.0015048
59	151	0	0.00139446	8.92454E-4	59	152	0	4.1445E-4	2.65248E-4
59	153	0	1.0283E-4	6.58112E-5	59	154	0	1.912E-5	1.22368E-5
59	155	0	2.38E-6	1.5232E-6	59	156	0	2.06E-7	1.3184E-7
59	157	0	1.18E-8	7.552E-9	59	158	0	4.53E-10	2.8992E-10
59	159	0	1.21E-11	7.744E-12	59	160	0	1.85E-13	1.184E-13
60	140	0	2.24E-12	1.4336E-12	60	141	0	1.1E-10	7.04E-11
60	142	0	3.38E-9	2.1632E-9	60	143	0	6.18E-8	3.9552E-8
60	144	0	7.52E-7	4.8128E-7	60	145	0	6.76E-6	4.3264E-6
60	146	0	4.334E-5	2.77376E-5	60	147	0	1.8186E-4	1.1639E-4
60	148	0	4.9082E-4	3.14125E-4	60	149	0	9.75829E-4	6.24531E-4
60	150	0	0.00146497	9.3758E-4	60	151	0	0.00153981	9.854781E-4
60	152	0	0.00122081	7.81318E-4	60	153	0	6.7009E-4	4.28857E-4
60	154	0	2.8156E-4	1.80198E-4	60	155	0	8.285E-5	5.3024E-5
60	156	0	1.735E-5	1.1104E-5	60	157	0	2.45E-6	1.568E-6
60	158	0	2.35E-7	1.504E-7	60	159	0	1.58E-8	1.0112E-8
60	160	0	6.62E-10	4.2368E-10	60	161	0	1.67E-11	1.0688E-11
60	162	0	2.52E-13	1.6128E-13	61	143	0	1.04E-11	6.656E-12
61	144	0	3.16E-10	2.0224E-10	61	145	0	7.06E-9	4.5184E-9
61	146	0	1.14E-7	7.296E-8	61	147	0	1.14E-6	7.296E-7
61	148	0	1.32E-6	8.448E-7	61	148	1	6.03E-6	3.8592E-6
61	149	0	3.436E-5	2.19904E-5	61	150	0	1.1871E-4	7.59744E-5
61	151	0	3.4346E-4	2.19814E-4	61	152	2	1.63407E-4	1.0458E-4
61	152	0	1.63407E-4	1.0458E-4	61	152	1	1.63407E-4	1.0458E-4
61	153	0	5.8527E-4	3.74573E-4	61	154	0	2.6689E-4	1.7081E-4
61	154	1	2.6689E-4	1.7081E-4	61	155	0	3.5124E-4	2.24793E-4
61	156	0	1.6773E-4	1.07347E-4	61	157	0	5.53E-5	3.5392E-5
61	158	0	1.266E-5	8.1024E-6	61	159	0	2.09E-6	1.3376E-6
61	160	0	2.32E-7	1.4848E-7	61	161	0	1.58E-8	1.0112E-8
61	162	0	6.48E-10	4.1472E-10	61	163	0	1.98E-11	1.2672E-11
61	164	0	4.69E-13	3.0016E-13	62	144	0	1.25E-14	8.0E-15
62	145	0	7.05E-13	4.512E-13	62	146	0	2.92E-11	1.8688E-11
62	147	0	7.29E-10	4.6656E-10	62	148	0	1.14E-8	7.296E-9
62	149	0	1.31E-7	8.384E-8	62	150	0	1.09E-6	6.976E-7
62	151	0	5.42E-6	3.4688E-6	62	152	0	2.489E-5	1.59296E-5
62	153	0	6.771E-5	4.33344E-5	62	154	0	1.3756E-4	8.80383E-5
62	155	0	2.0209E-4	1.29338E-4	62	156	0	2.1359E-4	1.36698E-4
62	157	0	1.5647E-4	1.00141E-4	62	158	0	8.079E-5	5.17056E-5
62	159	0	3.07E-5	1.9648E-5	62	160	0	8.61E-6	5.5104E-6
62	161	0	1.52E-6	9.727989E-7	62	162	0	1.65E-7	1.056E-7
62	163	0	1.32E-8	8.448E-9	62	164	0	7.92E-10	5.0688E-10
62	165	0	3.7E-11	2.368E-11	62	166	0	8.03E-13	5.1392E-13
62	167	0	2.61E-14	1.6704E-14	63	147	0	4.43E-14	2.8352E-14
63	149	0	4.89E-11	3.1296E-11	63	151	0	1.07E-8	6.848E-9
63	152	2	4.62666E-8	2.96106E-8	63	152	0	4.62666E-8	2.96106E-8
63	152	1	4.62666E-8	2.96106E-8	63	153	0	9.17999E-7	5.8752E-7
63	154	1	2.175E-6	1.392E-6	63	154	0	2.175E-6	1.392E-6
63	155	0	1.505E-5	9.63199E-6	63	156	0	3.66E-5	2.3424E-5
63	157	0	6.036E-5	3.86304E-5	63	158	0	6.918E-5	4.42752E-5
63	159	0	5.821E-5	3.72544E-5	63	160	0	3.878E-5	2.48192E-5
63	161	0	1.662E-5	1.06368E-5	63	162	0	4.51E-6	2.8864E-6
63	163	0	9.07999E-7	5.8112E-7	63	164	0	1.34E-7	8.576E-8
63	165	0	1.49E-8	9.53599E-9	63	166	0	7.94E-10	5.0816E-10
63	167	0	6.27E-11	4.0128E-11	63	168	0	2.61E-12	1.6704E-12
63	169	0	7.97E-14	5.1008E-14	64	151	0	2.38E-12	1.5232E-12
64	152	0	7.72E-11	4.9408E-11	64	153	0	1.27E-9	8.128E-10
64	154	0	1.47E-8	9.40799E-9	64	155	0	1.26E-7	8.064E-8
64	156	0	7.54E-7	4.8256E-7	64	157	0	2.99E-6	1.9136E-6
64	158	0	7.84E-6	5.0176E-6	64	159	0	1.5E-5	9.59999E-6
64	160	0	2.368E-5	1.51552E-5	64	161	0	2.384E-5	1.52576E-5
64	162	0	1.531E-5	9.79839E-6	64	163	0	7.27E-6	4.6528E-6
64	164	0	2.49E-6	1.5936E-6	64	165	0	6.29E-7	4.0256E-7
64	166	0	7.99E-8	5.1136E-8	64	167	0	1.49E-8	9.53599E-9
64	168	0	1.48E-9	9.47199E-10	64	169	0	1.09E-10	6.976E-11
64	170	0	4.87E-12	3.1168E-12	64	171	0	1.48E-13	9.47199E-14
65	153	0	1.68E-13	1.0752E-13	65	155	0	1.07E-10	6.848E-11
65	156	0	1.51E-9	9.66399E-10	65	156	1	9.66999E-11	6.1888E-11
65	157	0	1.59E-8	1.0176E-8	65	158	0	9.64999E-8	6.176E-8
65	158	1	6.16E-9	3.9424E-9	65	159	0	4.79E-7	3.0656E-7
65	160	0	3.05E-7	1.952E-7	65	161	0	4.62E-6	2.9568E-6
65	162	0	3.54E-6	2.2656E-6	65	162	1	3.54E-6	2.2656E-6
65	163	0	7.75E-6	4.96E-6	65	164	0	5.88E-6	3.7632E-6
65	165	0	3.21E-6	2.0544E-6	65	166	0	9.12999E-7	5.8432E-7
65	167	0	3.83E-7	2.4512E-7	65	168	0	8.73999E-8	5.5936E-8
65	169	0	1.5E-8	9.59999E-9	65	170	0	1.59E-9	1.0176E-9
65	171	0	1.18E-10	7.552E-11	65	172	0	1.18E-11	7.552E-12
66	156	0	3.35E-13	2.144E-13	66	157	0	8.46E-12	5.4144E-12
66	158	0	1.38E-10	8.83199E-11	66	159	0	1.62E-9	1.0368E-9
66	160	0	1.68E-8	1.0752E-8	66	161	0	1.09E-7	6.976E-8
66	162	0	4.17E-7	2.6688E-7	66	163	0	1.1E-6	7.04E-7
66	164	0	1.89E-6	1.2096E-6	66	165	0	2.05E-6	1.312E-6
66	165	1	1.54E-7	9.85599E-8	66	166	0	1.36E-6	8.70399E-7
66	167	0	1.22E-6	7.808E-7	66	168	0	6.06E-7	3.8784E-7
66	169	0	2.31E-7	1.4784E-7	66	170	0	5.53E-8	3.5392E-8
66	171	0	9.73999E-9	6.2336E-9	66	172	0	2.28E-9	1.4592E-9
67	159	0	5.0E-13	3.2E-13	67	159	1	3.76E-14	2.4064E-14
67	161	0	2.48E-10	1.5872E-10	67	161	1	1.87E-11	1.1968E-11
67	162	0	4.91E-10	3.1424E-10	67	162	1	2.24E-9	1.4336E-9
67	163	0	1.72E-8	1.1008E-8	67	163	1	1.29E-9	8.256E-10
67	164	0	1.37E-8	8.76799E-9	67	164	1	6.22E-8	3.9808E-8
67	165	0	1.99E-7	1.2736E-7	67	166	0	4.95E-8	3.168E-8
67	166	1	2.26E-7	1.4464E-7	67	167	0	5.31E-7	3.3984E-7
67	168	0	5.62E-7	3.5968E-7	67	169	0	4.56E-7	2.9184E-7
67	170	0	1.17E-7	7.488E-8	67	170	1	1.17E-7	7.488E-8
67	171	0	9.21999E-8	5.9008E-8	67	172	0	4.82E-8	3.0848E-8
68	161	0	6.38E-14	4.0832E-14	68	162	0	1.79E-12	1.1456E-12
68	163	0	3.2E-11	2.048E-11	68	164	0	3.3E-10	2.112E-10
68	165	0	2.04E-9	1.3056E-9	68	166	0	6.69E-9	4.2816E-9
68	167	0	2.73E-8	1.7472E-8	68	167	1	2.06E-9	1.3184E-9
68	168	0	6.92E-8	4.4288E-8	68	169	0	1.22E-7	7.808E-8
68	170	0	1.35E-7	8.63999E-8	68	171	0	1.15E-7	7.36E-8
68	172	0	1.28E-7	8.192E-8	69	165	0	2.12E-12	1.3568E-12
69	166	0	1.72E-11	1.1008E-11	69	167	0	1.8E-10	1.152E-10
69	168	0	9.90999E-10	6.3424E-10	69	169	0	4.04E-9	2.5856E-9
69	170	0	1.01E-8	6.464E-9	69	171	0	1.93E-8	1.2352E-8
69	172	0	4.66E-8	2.9824E-8	70	167	0	1.1E-13	7.04E-14
70	168	0	1.46E-12	9.34399E-13	70	169	0	1.33E-11	8.512E-12
70	169	1	1.0E-12	6.4E-13	70	170	0	8.42E-11	5.3888E-11
70	171	0	3.86E-10	2.4704E-10	70	172	0	2.13E-9	1.3632E-9
71	171	0	4.03E-13	2.5792E-13	71	171	1	4.03E-13	2.5792E-13
71	172	0	5.29E-12	3.3856E-12	71	172	1	5.29E-12	3.3856E-12