Z	A	FPS	Yield	Uncertainty	Z	A	FPS	Yield	Uncertainty
23	66	0	1.21718E-13	7.78993E-14	23	67	0	2.35751E-14	1.50881E-14
24	66	0	3.70878E-10	2.37362E-10	24	67	0	6.62764E-11	4.24169E-11
24	68	0	4.97E-12	3.1808E-12	24	69	0	3.11963E-13	1.99656E-13
24	70	0	1.17E-14	7.488E-15	25	66	0	6.45E-8	4.128E-8
25	67	0	2.82E-8	1.8048E-8	25	68	0	5.22E-9	3.3408E-9
25	69	0	6.89688E-10	4.414E-10	25	70	0	7.68E-11	4.9152E-11
25	71	0	5.58E-12	3.5712E-12	25	72	0	4.39627E-13	2.81361E-13
26	66	0	1.16E-6	7.424E-7	26	67	0	1.18E-6	7.552E-7
26	68	0	5.2E-7	3.328E-7	26	69	0	1.66E-7	1.0624E-7
26	70	0	4.55E-8	2.912E-8	26	71	0	8.2E-9	5.248E-9
26	72	0	1.33956E-9	8.57319E-10	26	73	0	1.12E-10	7.168E-11
26	74	0	7.06E-12	4.5184E-12	26	75	0	6.7818E-13	4.34035E-13
27	66	0	2.51E-6	1.6064E-6	27	67	0	5.62E-6	3.5968E-6
27	68	0	5.55E-6	3.552E-6	27	69	0	4.07E-6	2.6048E-6
27	70	0	2.61E-6	1.6704E-6	27	71	0	1.13E-6	7.232E-7
27	72	0	4.49E-7	2.8736E-7	27	73	0	9.24E-8	5.9136E-8
27	74	0	1.45E-8	9.28E-9	27	75	0	1.49932E-9	9.59566E-10
27	76	0	1.23E-10	7.872E-11	27	77	0	6.64938E-12	4.2556E-12
27	78	0	5.80701E-13	3.71649E-13	28	66	0	7.04E-7	4.5056E-7
28	67	0	3.44E-6	2.2016E-6	28	68	0	7.37E-6	4.7168E-6
28	69	0	1.177E-5	7.5328E-6	28	70	0	1.67E-5	1.0688E-5
28	71	0	1.631E-5	1.04384E-5	28	72	0	1.503E-5	9.6192E-6
28	73	0	7.31E-6	4.6784E-6	28	74	0	2.77E-6	1.7728E-6
28	75	0	7.19E-7	4.6016E-7	28	76	0	1.46E-7	9.344E-8
28	77	0	1.86934E-8	1.19637E-8	28	78	0	1.76942E-9	1.13243E-9
28	79	0	8.2738E-11	5.29523E-11	28	80	0	2.87E-12	1.8368E-12
29	66	0	2.29E-8	1.4656E-8	29	67	0	2.58E-7	1.6512E-7
29	68	0	2.25E-7	1.44E-7	29	68	1	1.02E-6	6.528E-7
29	69	0	4.4E-6	2.816E-6	29	70	0	2.04E-6	1.3056E-6
29	70	1	1.156E-5	7.3984E-6	29	71	0	2.881E-5	1.84384E-5
29	72	0	5.805E-5	3.7152E-5	29	73	0	6.295E-5	4.0288E-5
29	74	0	5.444E-5	3.48416E-5	29	75	0	3.369E-5	2.15616E-5
29	76	0	1.633E-5	1.04512E-5	29	77	0	5.2E-6	3.328E-6
29	78	0	1.24E-6	7.936E-7	29	79	0	1.82917E-7	1.17067E-7
29	80	0	1.41E-8	9.024E-9	29	81	0	9.0E-10	5.76E-10
29	82	0	3.5E-11	2.24E-11	30	66	0	7.47E-11	4.7808E-11
30	67	0	2.05E-9	1.312E-9	30	68	0	2.37E-8	1.5168E-8
30	69	0	2.15E-8	1.376E-8	30	69	1	1.74E-7	1.1136E-7
30	70	0	1.38E-6	8.832E-7	30	71	0	7.21E-7	4.6144E-7
30	71	1	5.83E-6	3.7312E-6	30	72	0	2.896E-5	1.85344E-5
30	73	0	6.815E-5	4.3616E-5	30	74	0	1.2807E-4	8.19648E-5
30	75	0	1.7809E-4	1.13978E-4	30	76	0	1.9407E-4	1.24205E-4
30	77	0	1.4551E-4	9.31264E-5	30	78	0	8.341E-5	5.33824E-5
30	79	0	3.1E-5	1.984E-5	30	80	0	6.3E-6	4.032E-6
30	81	0	1.12E-6	7.168E-7	30	82	0	1.23E-7	7.872E-8
30	83	0	6.45E-9	4.128E-9	30	84	0	1.83E-10	1.1712E-10
30	85	0	1.65476E-11	1.05905E-11	30	86	0	5.2E-14	3.328E-14
31	66	0	2.23E-14	1.4272E-14	31	67	0	1.53E-12	9.792E-13
31	68	0	4.38E-11	2.8032E-11	31	69	0	8.87E-10	5.6768E-10
31	70	0	1.52E-8	9.728E-9	31	71	0	1.71E-7	1.0944E-7
31	72	1	8.75E-7	5.6E-7	31	72	0	8.75E-7	5.6E-7
31	73	0	9.35E-6	5.984E-6	31	74	1	1.9495E-5	1.24768E-5
31	74	0	1.9495E-5	1.24768E-5	31	75	0	1.2072E-4	7.72608E-5
31	76	0	2.8518E-4	1.82515E-4	31	77	0	4.7609E-4	3.04698E-4
31	78	0	6.1841E-4	3.95782E-4	31	79	0	5.4515E-4	3.48896E-4
31	80	0	2.7576E-4	1.76486E-4	31	81	0	1.3085E-4	8.3744E-5
31	82	0	3.919E-5	2.50816E-5	31	83	0	5.86E-6	3.7504E-6
31	84	0	4.79E-7	3.0656E-7	31	85	0	3.65835E-8	2.34134E-8
31	86	0	1.08E-9	6.912E-10	31	87	0	5.68931E-11	3.64116E-11
32	69	0	3.71E-13	2.3744E-13	32	70	0	1.58E-11	1.0112E-11
32	71	0	2.2E-10	1.408E-10	32	71	1	2.2E-10	1.408E-10
32	72	0	1.1E-8	7.04E-9	32	73	0	1.26E-7	8.064E-8
32	73	1	1.55E-8	9.92E-9	32	74	0	1.39E-6	8.896E-7
32	75	0	8.09E-7	5.1776E-7	32	75	1	9.31E-6	5.9584E-6
32	76	0	5.373E-5	3.43872E-5	32	77	0	1.8748E-4	1.19987E-4
32	77	1	1.411E-5	9.0304E-6	32	78	0	5.8066E-4	3.71622E-4
32	79	1	5.7841E-4	3.70182E-4	32	79	0	5.7841E-4	3.70182E-4
32	80	0	0.00136437	8.73197E-4	32	81	0	0.00162103	0.00103746
32	82	0	0.00125203	8.01299E-4	32	83	0	5.0872E-4	3.25581E-4
32	84	0	1.1563E-4	7.40032E-5	32	85	0	2.438E-5	1.56032E-5
32	86	0	1.97E-6	1.2608E-6	32	87	0	1.59943E-7	1.02364E-7
32	88	0	6.59E-9	4.2176E-9	32	89	0	3.11963E-10	1.99656E-10
33	71	0	1.03E-13	6.592E-14	33	72	0	6.46E-12	4.1344E-12
33	73	0	2.06E-10	1.3184E-10	33	74	0	8.95E-10	5.728E-10
33	74	1	4.08E-9	2.6112E-9	33	75	0	9.01E-8	5.7664E-8
33	76	0	1.14E-6	7.296E-7	33	77	0	1.023E-5	6.5472E-6
33	78	0	6.863E-5	4.39232E-5	33	79	0	3.176E-4	2.03264E-4
33	80	0	8.7279E-4	5.58586E-4	33	81	0	0.00248484	0.0015903
33	82	0	0.00232164	0.00148585	33	82	1	0.00232181	0.00148596
33	83	0	0.00476856	0.00305188	33	84	1	0.00141468	9.05395E-4
33	84	0	0.00141468	9.05395E-4	33	85	0	0.00157062	0.0010052
33	86	0	3.3379E-4	2.13626E-4	33	87	0	7.305E-5	4.6752E-5
33	88	0	8.39E-6	5.3696E-6	33	89	0	6.89688E-7	4.414E-7
33	90	0	9.21904E-9	5.90019E-9	33	91	0	8.85399E-10	5.66655E-10
33	92	0	5.11804E-11	3.27555E-11	34	73	0	2.39E-14	1.5296E-14
34	74	0	1.63E-12	1.0432E-12	34	75	0	7.57E-11	4.8448E-11
34	76	0	2.38E-9	1.5232E-9	34	77	0	4.27E-9	2.7328E-9
34	77	1	4.91E-8	3.1424E-8	34	78	0	8.83E-7	5.6512E-7
34	79	0	9.4E-6	6.016E-6	34	79	1	7.08E-7	4.5312E-7
34	80	0	6.854E-5	4.38656E-5	34	81	0	3.907E-5	2.50048E-5
34	81	1	4.4927E-4	2.87533E-4	34	82	0	0.00222395	0.00142333
34	83	0	0.0049863	0.00319123	34	83	1	6.1631E-4	3.94438E-4
34	84	0	0.00799852	0.00511905	34	85	0	0.00558047	0.0035715
34	85	1	0.00556628	0.00356242	34	86	0	0.00586081	0.00375092
34	87	0	0.0032727	0.00209453	34	88	0	0.00100545	6.43488E-4
34	89	0	2.1568E-4	1.38035E-4	34	90	0	2.80908E-5	1.79781E-5
34	91	0	2.48911E-6	1.59303E-6	34	92	0	1.55949E-7	9.98072E-8
34	93	0	3.95605E-9	2.53187E-9	34	94	0	2.21E-10	1.4144E-10
34	96	0	7.11E-14	4.5504E-14	35	77	0	3.61E-12	2.3104E-12
35	77	1	2.22E-11	1.4208E-11	35	78	0	1.09E-9	6.976E-10
35	79	0	4.51E-9	2.8864E-9	35	79	1	2.77E-8	1.7728E-8
35	80	0	8.54E-8	5.4656E-8	35	80	1	4.84E-7	3.0976E-7
35	81	0	1.085E-5	6.944E-6	35	82	0	1.0555E-4	6.7552E-5
35	82	1	2.317E-5	1.48288E-5	35	83	0	8.3689E-4	5.3561E-4
35	84	0	6.7361E-4	4.3111E-4	35	84	1	0.00238825	0.00152848
35	85	0	0.0100602	0.00321926	35	86	0	0.00622964	0.00398697
35	86	1	0.0062279	0.00398586	35	87	0	0.0165865	0.00530769
35	88	0	0.0127451	0.00407844	35	89	0	0.00674383	0.00431605
35	90	0	0.00227561	0.00145639	35	91	0	5.2185E-4	3.33984E-4
35	92	0	8.399E-5	5.37536E-5	35	93	0	8.74604E-6	5.59747E-6
35	94	0	7.73E-7	4.9472E-7	35	95	0	1.1848E-8	7.58271E-9
35	96	0	1.67E-9	1.0688E-9	35	97	0	7.85836E-11	5.02935E-11
36	78	0	1.2E-13	7.68E-14	36	79	1	4.69E-12	3.0016E-12
36	79	0	4.69E-12	3.0016E-12	36	80	0	4.45E-10	2.848E-10
36	81	0	2.2E-8	1.408E-8	36	81	1	1.66E-9	1.0624E-9
36	82	0	7.72E-7	4.9408E-7	36	83	0	1.233E-5	7.8912E-6
36	83	1	1.52E-6	9.728E-7	36	84	0	1.3608E-4	8.70912E-5
36	85	0	0.00101413	6.49043E-4	36	85	1	1.2535E-4	8.0224E-5
36	86	0	0.00341988	0.00218872	36	87	0	0.0107141	0.00342851
36	88	0	0.01972	0.0063104	36	89	0	0.0243306	0.00778579
36	90	0	0.0199822	0.00639431	36	91	0	0.0111753	0.0035761
36	92	0	0.00440797	0.0028211	36	93	0	0.00115066	7.36422E-4
36	94	0	2.4735E-4	1.58304E-4	36	95	0	3.33082E-5	2.13172E-5
36	96	0	3.43E-6	2.1952E-6	36	97	0	2.20921E-7	1.4139E-7
36	98	0	1.09E-8	6.976E-9	36	99	0	4.59914E-10	2.94345E-10
36	100	0	6.51E-12	4.1664E-12	37	81	0	4.68E-12	2.9952E-12
37	83	0	2.22E-8	1.4208E-8	37	84	0	6.17E-7	3.9488E-7
37	85	0	1.401E-5	8.9664E-6	37	86	1	5.4445E-5	3.48448E-5
37	86	0	5.4445E-5	3.48448E-5	37	87	0	8.6637E-4	5.54477E-4
37	88	0	0.00399223	0.00255503	37	89	0	0.0114756	0.0036722
37	90	0	0.00243213	0.00155656	37	90	1	0.0196789	0.00629726
37	91	0	0.0285683	0.00914186	37	92	0	0.0258869	0.00828382
37	93	0	0.0159109	0.00509148	37	94	0	0.00790921	0.00506189
37	95	0	0.00257709	0.00164934	37	96	0	6.5418E-4	4.18675E-4
37	97	0	1.056E-4	6.7584E-5	37	98	0	1.286E-5	8.2304E-6
37	99	0	1.01678E-6	6.50739E-7	37	100	0	4.96E-8	3.1744E-8
37	101	0	1.28009E-9	8.19261E-10	37	102	0	9.4487E-11	6.04717E-11
38	83	0	3.2E-12	2.048E-12	38	84	0	2.58E-10	1.6512E-10
38	85	1	8.25E-9	5.28E-9	38	85	0	8.25E-9	5.28E-9
38	86	0	3.47E-7	2.2208E-7	38	87	0	6.56E-6	4.1984E-6
38	87	1	8.1E-7	5.184E-7	38	88	0	9.085E-5	5.8144E-5
38	89	0	6.5037E-4	4.16237E-4	38	90	0	0.00309921	0.00198349
38	91	0	0.00944784	0.00604662	38	92	0	0.0194087	0.00621078
38	93	0	0.0268044	0.0085774	38	94	0	0.029252	0.00936064
38	95	0	0.0216847	0.0069391	38	96	0	0.0128307	0.00410583
38	97	0	0.00494883	0.00316725	38	98	0	0.00143754	9.20026E-4
38	99	0	2.63763E-4	1.68808E-4	38	100	0	3.386E-5	2.16704E-5
38	101	0	3.59872E-6	2.30318E-6	38	102	0	2.87906E-7	1.8426E-7
38	103	0	5.80522E-9	3.71534E-9	38	104	0	2.01E-9	1.2864E-9
38	105	0	3.27279E-10	2.09459E-10	38	106	0	4.55047E-11	2.9123E-11
39	85	0	1.73E-12	1.1072E-12	39	87	0	5.9E-9	3.776E-9
39	88	0	2.03E-7	1.2992E-7	39	89	0	4.19E-7	2.6816E-7
39	89	1	3.39E-6	2.1696E-6	39	90	1	2.395E-5	1.5328E-5
39	90	0	2.395E-5	1.5328E-5	39	91	1	1.83815E-4	1.17642E-4
39	91	0	1.83815E-4	1.17642E-4	39	92	0	0.00181416	0.00116106
39	93	1	0.00291563	0.001866	39	93	0	0.00291563	0.001866
39	94	0	0.0140337	0.00449078	39	95	0	0.023027	0.00736864
39	96	0	0.00181224	0.00115983	39	96	1	0.0283957	0.00653102
39	97	1	0.0130824	0.00837271	39	97	0	0.0130824	0.00837271
39	98	0	0.00854154	0.00546659	39	98	1	0.00854137	0.00546648
39	99	0	0.0074063	0.00474003	39	100	0	0.0022314	0.0014281
39	101	0	5.5741E-4	3.56742E-4	39	102	0	1.0611E-4	6.79104E-5
39	103	0	1.28342E-5	8.21388E-6	39	104	0	3.02E-6	1.9328E-6
39	105	0	7.2355E-7	4.63072E-7	39	106	0	9.28184E-8	5.94038E-8
39	107	0	5.69826E-10	3.64689E-10	39	108	0	1.04001E-10	6.65608E-11
39	109	0	2.21927E-11	1.42033E-11	40	87	0	4.19E-13	2.6816E-13
40	88	0	4.11E-11	2.6304E-11	40	89	0	2.08E-9	1.3312E-9
40	90	1	3.575E-8	2.288E-8	40	90	0	3.575E-8	2.288E-8
40	91	0	1.45E-6	9.28E-7	40	92	0	1.813E-5	1.16032E-5
40	93	0	1.4644E-4	9.37216E-5	40	94	0	8.1249E-4	5.19994E-4
40	95	0	0.00309269	0.00197932	40	96	0	0.0091947	0.00588461
40	97	0	0.0177283	0.00567305	40	98	0	0.0250825	0.00802641
40	99	0	0.0242282	0.00775303	40	100	0	0.0161959	0.00518269
40	101	0	0.00898091	0.00574778	40	102	0	0.00388168	0.00248428
40	103	0	0.00106395	6.80928E-4	40	104	0	4.2603E-4	2.72659E-4
40	105	0	1.87696E-4	1.20126E-4	40	106	0	2.60971E-5	1.67022E-5
40	107	0	1.60195E-6	1.02525E-6	40	108	0	3.16896E-7	2.02813E-7
40	109	0	6.23901E-8	3.99296E-8	40	110	0	1.06E-9	6.784E-10
40	111	0	8.57715E-11	5.48937E-11	41	89	0	9.99E-14	6.3936E-14
41	90	0	9.57E-12	6.1248E-12	41	91	0	5.24E-10	3.3536E-10
41	92	0	1.72E-8	1.1008E-8	41	93	0	3.2E-7	2.048E-7
41	93	1	3.96E-8	2.5344E-8	41	94	0	3.61E-6	2.3104E-6
41	94	1	1.27E-6	8.128E-7	41	95	0	4.066E-5	2.60224E-5
41	95	1	5.03E-6	3.2192E-6	41	96	0	7.638E-5	4.88832E-5
41	97	0	0.00132281	8.46598E-4	41	97	1	1.6349E-4	1.04634E-4
41	98	0	0.00401967	0.00257259	41	98	1	7.0942E-4	4.54029E-4
41	99	0	8.2089E-4	5.2537E-4	41	99	1	0.00943991	0.00604154
41	100	0	0.0074504	0.00476826	41	100	1	0.0074504	0.00476826
41	101	0	0.0175659	0.00562108	41	102	1	0.00814928	0.00521554
41	102	0	0.00814928	0.00521554	41	103	0	0.00955812	0.0061172
41	104	1	0.00314482	0.00201269	41	104	0	0.00314482	0.00201269
41	105	0	0.00441256	0.00282404	41	106	0	0.00134389	8.6009E-4
41	107	0	3.26797E-4	2.0915E-4	41	108	0	8.81E-5	5.6384E-5
41	109	0	1.27276E-5	8.14566E-6	41	110	0	1.72E-6	1.1008E-6
41	111	0	1.89624E-7	1.21359E-7	41	112	0	2.54918E-9	1.63147E-9
41	113	0	2.56161E-10	1.63943E-10	41	114	0	1.76835E-11	1.13174E-11
42	91	0	1.66E-14	1.0624E-14	42	92	0	1.45E-12	9.28E-13
42	93	1	4.01E-11	2.5664E-11	42	93	0	4.01E-11	2.5664E-11
42	94	0	2.72E-9	1.7408E-9	42	95	0	6.5E-8	4.16E-8
42	96	0	1.17E-6	7.488E-7	42	97	0	1.324E-5	8.4736E-6
42	98	0	1.0047E-4	6.43008E-5	42	99	0	5.2058E-4	3.33171E-4
42	100	0	0.00172405	0.00110339	42	101	0	0.00443568	0.00283884
42	102	0	0.00882564	0.00564841	42	103	0	0.0107781	0.003449
42	104	0	0.0113195	0.00362224	42	105	0	0.012235	0.00391519
42	106	0	0.00772846	0.00494621	42	107	0	0.00416449	0.00266527
42	108	0	0.0024642	0.00157709	42	109	0	8.237E-4	5.27168E-4
42	110	0	2.6043E-4	1.66675E-4	42	111	0	4.91903E-5	3.14818E-5
42	112	0	7.76745E-6	4.97117E-6	42	113	0	7.20144E-7	4.60892E-7
42	114	0	5.38823E-8	3.44847E-8	42	115	0	6.85182E-10	4.38516E-10
42	116	0	9.54E-11	6.1056E-11	42	117	0	2.22332E-11	1.42292E-11
43	95	0	7.38E-12	4.7232E-12	43	95	1	9.12E-13	5.8368E-13
43	97	1	5.55E-9	3.552E-9	43	97	0	5.55E-9	3.552E-9
43	98	0	2.09E-7	1.3376E-7	43	99	0	2.42E-6	1.5488E-6
43	99	1	2.99E-7	1.9136E-7	43	100	0	2.169E-5	1.38816E-5
43	101	0	1.2914E-4	8.26496E-5	43	102	0	2.9121E-4	1.86374E-4
43	102	1	2.9121E-4	1.86374E-4	43	103	0	0.00154313	9.87603E-4
43	104	0	0.00263307	0.00168516	43	105	0	0.00439497	0.00281278
43	106	0	0.00568379	0.00363763	43	107	0	0.0065057	0.00416365
43	108	0	0.00806243	0.00515996	43	109	0	0.00585289	0.00374585
43	110	0	0.00410536	0.00262743	43	111	0	0.00176637	0.00113048
43	112	0	6.5912E-4	4.21837E-4	43	113	0	1.4691E-4	9.40221E-5
43	114	0	2.637E-5	1.68768E-5	43	115	0	1.5148E-6	9.69473E-7
43	116	0	2.82E-7	1.8048E-7	43	117	0	4.91532E-8	3.1458E-8
43	118	0	4.72435E-10	3.02358E-10	43	119	0	4.3381E-11	2.77638E-11
44	97	0	8.3E-13	5.312E-13	44	98	0	3.93E-11	2.5152E-11
44	99	0	1.31E-9	8.384E-10	44	100	0	2.61E-8	1.6704E-8
44	101	0	3.74E-7	2.3936E-7	44	102	0	4.02E-6	2.5728E-6
44	103	0	2.44E-5	1.5616E-5	44	104	0	7.009E-5	4.48576E-5
44	105	0	1.8688E-4	1.19603E-4	44	106	0	5.1928E-4	3.32339E-4
44	107	0	0.00130538	8.35443E-4	44	108	0	0.00341378	0.00218482
44	109	1	0.00263684	0.00168758	44	109	0	0.00263684	0.00168758
44	110	0	0.00786705	0.00503491	44	111	0	0.00726361	0.00464871
44	112	0	0.00604958	0.00387173	44	113	0	0.00302811	0.00193799
44	114	0	0.00126425	8.0912E-4	44	115	0	3.92955E-4	2.51491E-4
44	116	0	7.654E-5	4.89856E-5	44	117	0	1.27508E-5	8.16053E-6
44	118	0	1.43953E-6	9.21298E-7	44	119	0	1.21957E-7	7.80522E-8
44	120	0	6.84E-9	4.3776E-9	44	121	0	3.42707E-10	2.19332E-10
44	122	0	1.01E-11	6.464E-12	45	99	0	5.58E-14	3.5712E-14
45	101	0	1.09E-11	6.976E-12	45	101	1	8.81E-11	5.6384E-11
45	102	0	1.3E-9	8.32E-10	45	102	1	1.3E-9	8.32E-10
45	103	0	2.98E-9	1.9072E-9	45	103	1	3.43E-8	2.1952E-8
45	104	0	2.77E-8	1.7728E-8	45	104	1	1.57E-7	1.0048E-7
45	105	0	7.52E-7	4.8128E-7	45	105	1	5.66E-8	3.6224E-8
45	106	0	2.54E-6	1.6256E-6	45	106	1	2.54E-6	1.6256E-6
45	107	0	2.968E-5	1.89952E-5	45	108	0	8.66E-5	5.5424E-5
45	108	1	8.66E-5	5.5424E-5	45	109	0	2.9878E-4	1.91219E-4
45	109	1	2.9878E-4	1.91219E-4	45	110	0	9.728E-4	6.22592E-4
45	110	1	9.728E-4	6.22592E-4	45	111	0	0.00385364	0.00246633
45	112	0	0.00696207	0.00313293	45	113	0	0.007422	0.00475008
45	114	0	0.00682538	0.00436824	45	115	0	0.00468766	0.0030001
45	116	0	0.0020937	0.00133997	45	117	0	8.0574E-4	5.15674E-4
45	118	0	2.1773E-4	1.39347E-4	45	119	0	4.384E-5	2.80576E-5
45	120	0	6.08E-6	3.8912E-6	45	121	0	7.57657E-7	4.84901E-7
45	122	0	5.34E-8	3.4176E-8	45	123	0	3.16E-9	2.0224E-9
45	124	0	1.16E-10	7.424E-11	45	125	0	8.07171E-12	5.16589E-12
46	102	0	1.48E-13	9.472E-14	46	103	0	5.11E-12	3.2704E-12
46	104	0	4.43E-11	2.8352E-11	46	105	0	3.22E-10	2.0608E-10
46	106	0	4.69E-9	3.0016E-9	46	107	0	1.39E-8	8.896E-9
46	107	1	5.24E-8	3.3536E-8	46	108	0	9.04E-7	5.7856E-7
46	109	0	1.54E-6	9.856E-7	46	109	1	5.8E-6	3.712E-6
46	110	0	5.539E-5	3.54496E-5	46	111	0	5.225E-5	3.344E-5
46	111	1	1.9656E-4	1.25798E-4	46	112	0	0.00101811	6.5159E-4
46	113	0	0.00235642	0.00150811	46	114	0	0.00472194	0.00302204
46	115	0	0.00687582	0.00440052	46	116	0	0.00671007	0.00429444
46	117	0	0.00560509	0.00358726	46	118	0	0.00343219	0.0021966
46	119	0	0.001568	0.00100352	46	120	0	5.1539E-4	3.2985E-4
46	121	0	1.5155E-4	9.6992E-5	46	122	0	2.554E-5	1.63456E-5
46	123	0	3.66E-6	2.3424E-6	46	124	0	3.42E-7	2.1888E-7
46	125	0	2.26919E-8	1.45228E-8	46	126	0	1.23E-9	7.872E-10
46	127	0	1.46939E-10	9.4041E-11	46	128	0	1.27E-11	8.128E-12
47	105	1	1.04E-14	6.656E-15	47	106	0	6.95E-14	4.448E-14
47	106	1	3.16E-13	2.0224E-13	47	107	0	1.07E-12	6.848E-13
47	107	1	1.23E-11	7.872E-12	47	108	1	2.185E-10	1.3984E-10
47	108	0	2.185E-10	1.3984E-10	47	109	1	4.32E-9	2.7648E-9
47	109	0	4.32E-9	2.7648E-9	47	110	0	2.82E-8	1.8048E-8
47	110	1	1.29E-7	8.256E-8	47	111	0	1.34E-7	8.576E-8
47	111	1	1.54E-6	9.856E-7	47	112	0	1.647E-5	1.05408E-5
47	113	0	7.01E-6	4.4864E-6	47	113	1	8.063E-5	5.16032E-5
47	114	0	4.0435E-4	2.58784E-4	47	115	0	6.4889E-4	4.1529E-4
47	115	1	6.4889E-4	4.1529E-4	47	116	0	0.00139176	8.90726E-4
47	116	1	0.00139176	8.90726E-4	47	117	0	0.0024756	0.00158438
47	117	1	0.0024756	0.00158438	47	118	0	0.00328853	0.00210466
47	118	1	0.00328853	0.00210466	47	119	0	0.00644788	0.00412664
47	120	1	0.00236518	0.00151372	47	120	0	0.00236518	0.00151372
47	121	0	0.00310855	0.00198947	47	122	1	5.98525E-4	3.83056E-4
47	122	0	5.98525E-4	3.83056E-4	47	123	0	3.9939E-4	2.5561E-4
47	124	0	9.274E-5	5.93536E-5	47	125	0	1.553E-5	9.9392E-6
47	126	0	2.15E-6	1.376E-6	47	127	0	3.24853E-7	2.07906E-7
47	128	0	7.58E-8	4.8512E-8	47	129	0	2.1086E-9	1.3495E-9
47	130	0	1.34E-10	8.576E-11	48	108	0	1.86E-14	1.1904E-14
48	109	0	9.06E-13	5.7984E-13	48	110	0	4.05E-11	2.592E-11
48	111	0	1.48E-10	9.472E-11	48	111	1	9.09E-10	5.8176E-10
48	112	0	2.58E-8	1.6512E-8	48	113	0	4.61E-8	2.9504E-8
48	113	1	2.83E-7	1.8112E-7	48	114	0	3.69E-6	2.3616E-6
48	115	0	3.86E-6	2.4704E-6	48	115	1	2.371E-5	1.51744E-5
48	116	0	1.3814E-4	8.84096E-5	48	117	0	7.684E-5	4.91776E-5
48	117	1	4.7202E-4	3.02093E-4	48	118	0	0.00162658	0.00104101
48	119	0	0.00171043	0.00109468	48	119	1	0.00171043	0.00109468
48	120	0	0.00544388	0.00348408	48	121	1	0.0038093	0.00243795
48	121	0	0.0038093	0.00243795	48	122	0	0.00632752	0.00404961
48	123	0	0.00464468	0.0029726	48	124	0	0.00253703	0.0016237
48	125	0	0.00102367	6.55149E-4	48	126	0	3.4801E-4	2.22726E-4
48	127	0	1.0391E-4	6.65024E-5	48	128	0	4.081E-5	2.61184E-5
48	129	0	5.92789E-6	3.79385E-6	48	130	0	4.79E-7	3.0656E-7
48	131	0	2.21E-8	1.4144E-8	48	132	0	8.81E-10	5.6384E-10
48	133	0	4.02839E-11	2.57817E-11	48	134	0	1.62E-13	1.0368E-13
49	111	0	5.88E-14	3.7632E-14	49	112	0	3.98E-13	2.5472E-13
49	112	1	3.22E-12	2.0608E-12	49	113	0	1.01E-10	6.464E-11
49	113	1	1.25E-11	8.0E-12	49	114	0	4.76E-10	3.0464E-10
49	114	1	2.7E-9	1.728E-9	49	115	0	5.11E-8	3.2704E-8
49	115	1	6.31E-9	4.0384E-9	49	116	2	2.34667E-7	1.50187E-7
49	116	0	2.34667E-7	1.50187E-7	49	116	1	2.34667E-7	1.50187E-7
49	117	0	5.87E-6	3.7568E-6	49	117	1	7.25E-7	4.64E-7
49	118	2	3.475E-6	2.224E-6	49	118	0	3.936E-5	2.51904E-5
49	118	1	3.475E-6	2.224E-6	49	119	0	1.9658E-4	1.25811E-4
49	119	1	2.43E-5	1.5552E-5	49	120	2	2.65367E-4	1.69835E-4
49	120	0	2.65367E-4	1.69835E-4	49	120	1	2.65367E-4	1.69835E-4
49	121	0	0.0021515	0.00137696	49	121	1	2.6592E-4	1.70189E-4
49	122	2	0.0010724	6.86336E-4	49	122	0	0.00214477	0.00137265
49	122	1	0.0010724	6.86336E-4	49	123	0	0.00595185	0.00380918
49	123	1	7.3562E-4	4.70797E-4	49	124	1	0.00406543	0.00260188
49	124	0	0.00406543	0.00260188	49	125	0	0.00371499	0.00237759
49	125	1	0.00371499	0.00237759	49	126	1	0.0029289	0.0018745
49	126	0	0.0029289	0.0018745	49	127	0	0.00166147	0.00106334
49	127	1	0.00166147	0.00106334	49	128	1	0.00107096	6.85418E-4
49	128	0	0.00107096	6.85418E-4	49	129	0	3.806E-4	2.43584E-4
49	129	1	3.806E-4	2.43584E-4	49	130	2	5.234E-5	3.34976E-5
49	130	1	5.234E-5	3.34976E-5	49	130	0	5.234E-5	3.34976E-5
49	131	1	9.795E-6	6.2688E-6	49	131	0	9.795E-6	6.2688E-6
49	132	0	2.15E-6	1.376E-6	49	133	0	8.90597E-8	5.69982E-8
49	134	0	3.2E-9	2.048E-9	49	135	0	1.05963E-10	6.78166E-11
49	136	0	1.11E-12	7.104E-13	50	114	0	2.43E-13	1.5552E-13
50	115	0	1.08E-11	6.912E-12	50	116	0	3.32E-10	2.1248E-10
50	117	1	3.785E-9	2.4224E-9	50	117	0	3.785E-9	2.4224E-9
50	118	0	1.31E-7	8.384E-8	50	119	0	2.08E-7	1.3312E-7
50	119	1	1.28E-6	8.192E-7	50	120	0	1.288E-5	8.2432E-6
50	121	0	1.62E-5	1.0368E-5	50	121	1	7.378E-5	4.72192E-5
50	122	0	3.5947E-4	2.30061E-4	50	123	0	0.00101164	6.4745E-4
50	123	1	2.2207E-4	1.42125E-4	50	124	0	0.00337289	0.00215865
50	125	0	0.00560538	0.00358744	50	125	1	0.00123045	7.87488E-4
50	126	0	0.0118895	0.00380466	50	127	0	0.0100973	0.00323113
50	127	1	0.00221647	0.00141854	50	128	1	0.00628854	0.00402467
50	128	0	0.00628854	0.00402467	50	129	0	0.0084478	0.00540659
50	129	1	0.00185358	0.00118629	50	130	1	0.00256744	0.00164316
50	130	0	0.00256744	0.00164316	50	131	1	8.30615E-4	5.31594E-4
50	131	0	8.30615E-4	5.31594E-4	50	132	0	4.8293E-4	3.09075E-4
50	133	0	5.666E-5	3.62624E-5	50	134	0	5.56E-6	3.5584E-6
50	135	0	2.97894E-7	1.90652E-7	50	136	0	1.48E-8	9.472E-9
50	137	0	3.11E-10	1.9904E-10	50	138	0	6.5E-12	4.16E-12
51	117	0	7.75E-13	4.96E-13	51	118	0	8.79E-12	5.6256E-12
51	118	1	2.5E-11	1.6E-11	51	119	0	9.38E-10	6.0032E-10
51	120	0	5.24E-9	3.3536E-9	51	120	1	1.49E-8	9.536E-9
51	121	0	3.38E-7	2.1632E-7	51	122	0	9.6E-7	6.144E-7
51	122	1	2.24E-6	1.4336E-6	51	123	0	2.562E-5	1.63968E-5
51	124	2	5.57933E-5	3.57077E-5	51	124	0	5.57933E-5	3.57077E-5
51	124	1	5.57933E-5	3.57077E-5	51	125	0	7.9092E-4	5.06189E-4
51	126	2	6.7558E-4	4.32371E-4	51	126	0	0.00180487	0.00115512
51	126	1	6.7558E-4	4.32371E-4	51	127	0	0.00589723	0.00377423
51	128	0	0.00538217	0.00344459	51	128	1	0.0040601	0.00259846
51	129	0	0.01711	0.00547521	51	130	0	0.0110742	0.00354373
51	130	1	0.00835418	0.00534668	51	131	0	0.0152476	0.00487923
51	132	0	0.00431431	0.00276116	51	132	1	0.00674802	0.00431873
51	133	0	0.00348699	0.00223167	51	134	1	4.50915E-4	2.88586E-4
51	134	0	4.50915E-4	2.88586E-4	51	135	0	1.3259E-4	8.48576E-5
51	136	0	1.753E-5	1.12192E-5	51	137	0	9.9E-7	6.336E-7
51	138	0	5.45E-8	3.488E-8	51	139	0	2.15E-9	1.376E-9
51	140	0	7.02091E-11	4.49338E-11	52	119	0	5.22E-14	3.3408E-14
52	120	0	2.83E-12	1.8112E-12	52	121	1	5.85E-11	3.744E-11
52	121	0	5.85E-11	3.744E-11	52	122	0	2.69E-9	1.7216E-9
52	123	0	7.29E-9	4.6656E-9	52	123	1	4.48E-8	2.8672E-8
52	124	0	8.53E-7	5.4592E-7	52	125	0	1.39E-6	8.896E-7
52	125	1	8.56E-6	5.4784E-6	52	126	0	9.568E-5	6.12352E-5
52	127	0	6.144E-5	3.93216E-5	52	127	1	2.7988E-4	1.79123E-4
52	128	0	8.8147E-4	5.64141E-4	52	129	0	6.5807E-4	4.21165E-4
52	129	1	0.00299788	0.00191864	52	130	0	0.00949715	0.00607818
52	131	0	0.00315855	0.00202147	52	131	1	0.0143889	0.00460446
52	132	0	0.0300536	0.00691234	52	133	0	0.00427491	0.00273594
52	133	1	0.0194746	0.00623188	52	134	0	0.0151722	0.00485511
52	135	0	0.00580565	0.00371562	52	136	0	0.00196014	0.00125449
52	137	0	2.8822E-4	1.84461E-4	52	138	0	4.1E-5	2.624E-5
52	139	0	4.12E-6	2.6368E-6	52	140	0	2.1393E-7	1.36915E-7
52	141	0	4.68396E-9	2.99774E-9	52	142	0	3.5E-10	2.24E-10
52	143	0	5.50792E-11	3.52507E-11	53	123	0	9.56E-12	6.1184E-12
53	125	0	1.2E-8	7.68E-9	53	126	0	2.91E-7	1.8624E-7
53	127	0	2.05E-6	1.312E-6	53	128	0	8.81E-6	5.6384E-6
53	129	0	8.893E-5	5.69152E-5	53	130	0	4.6072E-4	2.94861E-4
53	130	1	1.0113E-4	6.47232E-5	53	131	0	0.00256609	0.0016423
53	132	1	0.00528669	0.00338348	53	132	0	0.00528669	0.00338348
53	133	1	0.0102782	0.00657802	53	133	0	0.0102782	0.00657802
53	134	0	0.0120631	0.00386019	53	134	1	0.0188684	0.0060379
53	135	0	0.0288201	0.00922243	53	136	0	0.011647	0.00372705
53	136	1	0.0116432	0.00372581	53	137	0	0.00842842	0.00539419
53	138	0	0.00296038	0.00189464	53	139	0	7.3377E-4	4.69613E-4
53	140	0	9.546E-5	6.10944E-5	53	141	0	1.03553E-5	6.6274E-6
53	142	0	1.03E-6	6.592E-7	53	143	0	1.21769E-7	7.79324E-8
53	144	0	8.89096E-10	5.69021E-10	53	145	0	6.08045E-11	3.89149E-11
54	125	1	6.45E-13	4.128E-13	54	125	0	6.45E-13	4.128E-13
54	126	0	8.07E-11	5.1648E-11	54	127	1	5.7E-10	3.648E-10
54	127	0	5.7E-10	3.648E-10	54	128	0	8.35E-9	5.344E-9
54	129	1	1.065E-7	6.816E-8	54	129	0	1.065E-7	6.816E-8
54	130	0	3.45E-6	2.208E-6	54	131	0	7.47E-6	4.7808E-6
54	131	1	3.404E-5	2.17856E-5	54	132	0	4.3972E-4	2.81421E-4
54	133	0	4.0148E-4	2.56947E-4	54	133	1	0.00182898	0.00117055
54	134	0	0.00146571	9.38054E-4	54	134	1	0.00667712	0.00427336
54	135	0	0.00330846	0.00211741	54	135	1	0.0150716	0.00482292
54	136	0	0.0342299	0.0154035	54	137	0	0.0287058	0.00918585
54	138	0	0.0233748	0.00747995	54	139	0	0.0134804	0.00431372
54	140	0	0.00418032	0.0026754	54	141	0	0.00113133	7.24051E-4
54	142	0	2.8039E-4	1.7945E-4	54	143	1	1.57941E-5	1.01082E-5
54	143	0	1.57941E-5	1.01082E-5	54	144	0	2.70911E-6	1.73383E-6
54	145	0	1.70939E-7	1.09401E-7	54	146	0	7.02E-9	4.4928E-9
54	147	0	1.79794E-10	1.15068E-10	54	148	0	3.22E-12	2.0608E-12
55	127	0	5.63E-14	3.6032E-14	55	129	0	4.64E-11	2.9696E-11
55	131	0	6.5E-8	4.16E-8	55	132	0	1.86E-6	1.1904E-6
55	133	0	2.619E-5	1.67616E-5	55	134	1	1.23965E-4	7.93376E-5
55	134	0	1.23965E-4	7.93376E-5	55	135	1	7.21695E-4	4.61885E-4
55	135	0	7.21695E-4	4.61885E-4	55	136	1	0.00239355	0.00153188
55	136	0	0.00239355	0.00153188	55	137	0	0.0126712	0.00405479
55	138	0	0.0116746	0.00373589	55	138	1	0.0116757	0.00268541
55	139	0	0.0298219	0.009543	55	140	0	0.0207534	0.00664108
55	141	0	0.0131569	0.0042102	55	142	0	0.00766995	0.00490877
55	143	0	0.00209	0.0013376	55	144	0	4.388E-4	2.80832E-4
55	145	0	6.91E-5	4.4224E-5	55	146	0	7.2E-6	4.608E-6
55	147	0	3.97488E-7	2.54392E-7	55	148	0	2.17E-8	1.3888E-8
55	149	0	3.22513E-10	2.06408E-10	55	150	0	1.4E-11	8.96E-12
56	131	0	9.13E-12	5.8432E-12	56	132	0	7.23E-10	4.6272E-10
56	133	0	2.93E-8	1.8752E-8	56	134	0	7.54E-7	4.8256E-7
56	135	1	5.995E-6	3.8368E-6	56	135	0	5.995E-6	3.8368E-6
56	136	1	6.45E-5	4.128E-5	56	136	0	6.45E-5	4.128E-5
56	137	0	1.2103E-4	7.74592E-5	56	137	1	5.5135E-4	3.52864E-4
56	138	0	0.00294265	0.0018833	56	139	0	0.00853103	0.00545986
56	140	0	0.0132317	0.00423414	56	141	0	0.0189431	0.0060618
56	142	0	0.0245739	0.00786365	56	143	0	0.0151658	0.00485305
56	144	0	0.00738296	0.00472509	56	145	0	0.00276518	0.00176972
56	146	0	7.0059E-4	4.48378E-4	56	147	0	1.03112E-4	6.59919E-5
56	148	0	1.316E-5	8.4224E-6	56	149	0	9.06677E-7	5.80274E-7
56	150	0	5.4E-8	3.456E-8	56	151	0	8.49986E-10	5.43991E-10
56	152	0	5.69E-11	3.6416E-11	56	153	0	2.67655E-12	1.71299E-12
57	133	0	2.93E-12	1.8752E-12	57	135	0	9.38E-9	6.0032E-9
57	137	0	3.68E-6	2.3552E-6	57	138	0	4.057E-5	2.59648E-5
57	139	0	2.8405E-4	1.81792E-4	57	140	0	0.0010392	6.65088E-4
57	141	0	0.00349448	0.00223647	57	142	0	0.0101969	0.003263
57	143	0	0.0139557	0.00446582	57	144	0	0.0150497	0.0048159
57	145	0	0.0126238	0.00403963	57	146	1	0.00365727	0.00234065
57	146	0	0.00365727	0.00234065	57	147	0	0.00253382	0.00162164
57	148	0	7.7371E-4	4.95174E-4	57	149	0	1.2781E-4	8.17984E-5
57	150	0	1.897E-5	1.21408E-5	57	151	0	1.87915E-6	1.20266E-6
57	152	0	1.26E-7	8.064E-8	57	153	0	5.91732E-9	3.78709E-9
57	154	0	1.32E-10	8.448E-11	57	155	0	3.37447E-12	2.15966E-12
58	135	0	6.5E-13	4.16E-13	58	137	0	1.86E-9	1.1904E-9
58	138	0	5.37E-8	3.4368E-8	58	139	0	1.71E-7	1.0944E-7
58	139	1	7.78E-7	4.9792E-7	58	140	0	8.63E-6	5.5232E-6
58	141	0	7.258E-5	4.64512E-5	58	142	0	5.0607E-4	3.23885E-4
58	143	0	0.00161468	0.0010334	58	144	0	0.00396159	0.00253542
58	145	0	0.0074182	0.00474765	58	146	0	0.00951154	0.00608739
58	147	0	0.00732322	0.00468686	58	148	0	0.00505032	0.0032322
58	149	0	0.00188711	0.00120775	58	150	0	6.636E-4	4.24704E-4
58	151	0	1.5558E-4	9.95712E-5	58	152	0	2.576E-5	1.64864E-5
58	153	0	3.11E-6	1.9904E-6	58	154	0	1.76E-7	1.1264E-7
58	155	0	9.48663E-9	6.07144E-9	58	156	0	3.85E-10	2.464E-10
58	157	0	9.34E-12	5.9776E-12	58	158	0	1.48E-13	9.472E-14
59	139	0	2.9E-10	1.856E-10	59	140	0	6.75E-9	4.32E-9
59	141	0	1.48E-7	9.472E-8	59	142	1	1.29E-6	8.256E-7
59	142	0	1.29E-6	8.256E-7	59	143	0	2.031E-5	1.29984E-5
59	144	0	7.24E-6	4.6336E-6	59	144	1	1.134E-4	7.2576E-5
59	145	0	5.3409E-4	3.41818E-4	59	146	0	0.00157921	0.00101069
59	147	0	0.00274083	0.00175413	59	148	1	0.00209859	0.0013431
59	148	0	0.00209859	0.0013431	59	149	0	0.00340108	0.00217669
59	150	0	0.00267253	0.00171042	59	151	0	0.0013977	8.94528E-4
59	152	0	5.4019E-4	3.45722E-4	59	153	0	1.5974E-4	1.02234E-4
59	154	0	2.207E-5	1.41248E-5	59	155	0	3.04E-6	1.9456E-6
59	156	0	3.11E-7	1.9904E-7	59	157	0	1.97E-8	1.2608E-8
59	158	0	8.04E-10	5.1456E-10	59	159	0	2.03E-11	1.2992E-11
59	160	0	3.57E-13	2.2848E-13	60	140	0	4.68E-13	2.9952E-13
60	141	0	2.71E-11	1.7344E-11	60	142	0	1.22E-9	7.808E-10
60	143	0	2.45E-8	1.568E-8	60	144	0	3.67E-7	2.3488E-7
60	145	0	4.04E-6	2.5856E-6	60	146	0	2.928E-5	1.87392E-5
60	147	0	1.2181E-4	7.79584E-5	60	148	0	4.363E-4	2.79232E-4
60	149	0	7.901E-4	5.05664E-4	60	150	0	0.00138917	8.89069E-4
60	151	0	0.00157612	0.00100872	60	152	0	0.00135153	8.64979E-4
60	153	0	9.1864E-4	5.8793E-4	60	154	0	2.9224E-4	1.87034E-4
60	155	0	9.712E-5	6.21568E-5	60	156	0	2.405E-5	1.5392E-5
60	157	0	3.85E-6	2.464E-6	60	158	0	3.94E-7	2.5216E-7
60	159	0	2.59E-8	1.6576E-8	60	160	0	1.19E-9	7.616E-10
60	161	0	3.72E-11	2.3808E-11	60	162	0	7.25E-13	4.64E-13
61	143	0	2.63E-12	1.6832E-12	61	144	0	1.02E-10	6.528E-11
61	145	0	2.87E-9	1.8368E-9	61	146	0	5.29E-8	3.3856E-8
61	147	0	5.52E-7	3.5328E-7	61	148	0	8.81E-7	5.6384E-7
61	148	1	4.01E-6	2.5664E-6	61	149	0	2.103E-5	1.34592E-5
61	150	0	8.776E-5	5.61664E-5	61	151	0	2.2565E-4	1.44416E-4
61	152	2	1.45927E-4	9.33931E-5	61	152	0	1.45927E-4	9.33931E-5
61	152	1	1.45927E-4	9.33931E-5	61	153	0	6.756E-4	4.32384E-4
61	154	0	2.3778E-4	1.52179E-4	61	154	1	2.3778E-4	1.52179E-4
61	155	0	3.5989E-4	2.3033E-4	61	156	0	2.026E-4	1.29664E-4
61	157	0	7.72E-5	4.9408E-5	61	158	0	1.887E-5	1.20768E-5
61	159	0	3.1E-6	1.984E-6	61	160	0	3.64E-7	2.3296E-7
61	161	0	3.0E-8	1.92E-8	61	162	0	1.57E-9	1.0048E-9
61	163	0	5.47E-11	3.5008E-11	61	164	0	1.24E-12	7.936E-13
61	165	0	1.85E-14	1.184E-14	62	145	0	1.81E-13	1.1584E-13
62	146	0	8.6E-12	5.504E-12	62	147	0	2.31E-10	1.4784E-10
62	148	0	5.23E-9	3.3472E-9	62	149	0	5.55E-8	3.552E-8
62	150	0	5.78E-7	3.6992E-7	62	151	0	3.57E-6	2.2848E-6
62	152	0	1.666E-5	1.06624E-5	62	153	0	6.172E-5	3.95008E-5
62	154	0	9.951E-5	6.36864E-5	62	155	0	1.7236E-4	1.1031E-4
62	156	0	2.1493E-4	1.37555E-4	62	157	0	1.8538E-4	1.18643E-4
62	158	0	1.0187E-4	6.51968E-5	62	159	0	3.929E-5	2.51456E-5
62	160	0	1.112E-5	7.1168E-6	62	161	0	2.32E-6	1.4848E-6
62	162	0	3.13E-7	2.0032E-7	62	163	0	2.87E-8	1.8368E-8
62	164	0	1.73E-9	1.1072E-9	62	165	0	6.99E-11	4.4736E-11
62	166	0	1.53E-12	9.792E-13	62	167	0	4.98E-14	3.1872E-14
63	149	0	1.33E-11	8.512E-12	63	151	0	5.45E-9	3.488E-9
63	152	2	2.13333E-8	1.36533E-8	63	152	0	2.13333E-8	1.36533E-8
63	152	1	2.13333E-8	1.36533E-8	63	153	0	6.03E-7	3.8592E-7
63	154	1	1.185E-6	7.584E-7	63	154	0	1.185E-6	7.584E-7
63	155	0	9.98E-6	6.3872E-6	63	156	0	2.887E-5	1.84768E-5
63	157	0	5.761E-5	3.68704E-5	63	158	0	7.047E-5	4.51008E-5
63	159	0	6.137E-5	3.92768E-5	63	160	0	3.953E-5	2.52992E-5
63	161	0	1.957E-5	1.25248E-5	63	162	0	6.43E-6	4.1152E-6
63	163	0	1.48E-6	9.472E-7	63	164	0	2.27E-7	1.4528E-7
63	165	0	2.4E-8	1.536E-8	63	166	0	1.36E-9	8.704E-10
63	167	0	1.1E-10	7.04E-11	63	168	0	4.16E-12	2.6624E-12
63	169	0	1.38E-13	8.832E-14	63	171	0	8.92511E-17	5.71207E-17
64	151	0	7.48E-13	4.7872E-13	64	152	0	2.26E-11	1.4464E-11
64	153	0	5.58E-10	3.5712E-10	64	154	0	5.55E-9	3.552E-9
64	155	0	5.99E-8	3.8336E-8	64	156	0	4.26E-7	2.7264E-7
64	157	0	2.1E-6	1.344E-6	64	158	0	6.03E-6	3.8592E-6
64	159	0	1.231E-5	7.8784E-6	64	160	0	1.817E-5	1.16288E-5
64	161	0	2.076E-5	1.32864E-5	64	162	0	1.575E-5	1.008E-5
64	163	0	8.48E-6	5.4272E-6	64	164	0	3.15E-6	2.016E-6
64	165	0	8.2E-7	5.248E-7	64	166	0	1.15E-7	7.36E-8
64	167	0	2.25E-8	1.44E-8	64	168	0	2.13E-9	1.3632E-9
64	169	0	1.76E-10	1.1264E-10	64	170	0	7.61E-12	4.8704E-12
64	171	0	2.50911E-13	1.60583E-13	65	153	0	4.59E-14	2.9376E-14
65	155	0	3.34E-11	2.1376E-11	65	156	0	5.7E-10	3.648E-10
65	156	1	3.64E-11	2.3296E-11	65	157	0	7.7E-9	4.928E-9
65	158	0	5.17E-8	3.3088E-8	65	158	1	3.3E-9	2.112E-9
65	159	0	2.8E-7	1.792E-7	65	160	0	1.01E-6	6.464E-7
65	161	0	2.79E-6	1.7856E-6	65	162	0	2.5E-6	1.6E-6
65	162	1	2.5E-6	1.6E-6	65	163	0	6.24E-6	3.9936E-6
65	164	0	5.33E-6	3.4112E-6	65	165	0	3.24E-6	2.0736E-6
65	166	0	1.06E-6	6.784E-7	65	167	0	4.73E-7	3.0272E-7
65	168	0	1.07E-7	6.848E-8	65	169	0	2.1E-8	1.344E-8
65	170	0	2.22E-9	1.4208E-9	65	171	0	1.8E-10	1.152E-10
65	172	0	1.58E-11	1.0112E-11	66	156	0	7.73E-14	4.9472E-14
66	157	0	2.59E-12	1.6576E-12	66	158	0	4.74E-11	3.0336E-11
66	159	0	6.26E-10	4.0064E-10	66	160	0	5.77E-9	3.6928E-9
66	161	0	4.12E-8	2.6368E-8	66	162	0	1.86E-7	1.1904E-7
66	163	0	5.7E-7	3.648E-7	66	164	0	1.16E-6	7.424E-7
66	165	0	1.53E-6	9.792E-7	66	165	1	1.15E-7	7.36E-8
66	166	0	1.22E-6	7.808E-7	66	167	0	1.18E-6	7.552E-7
66	168	0	6.03E-7	3.8592E-7	66	169	0	2.67E-7	1.7088E-7
66	170	0	6.48E-8	4.1472E-8	66	171	0	1.24E-8	7.936E-9
66	172	0	2.63E-9	1.6832E-9	67	159	0	1.18E-13	7.552E-14
67	161	0	5.45E-11	3.488E-11	67	161	1	4.1E-12	2.624E-12
67	162	0	1.26E-10	8.064E-11	67	162	1	5.73E-10	3.6672E-10
67	163	0	5.18E-9	3.3152E-9	67	163	1	3.9E-10	2.496E-10
67	164	0	5.21E-9	3.3344E-9	67	164	1	2.37E-8	1.5168E-8
67	165	0	1.02E-7	6.528E-8	67	166	0	3.2E-8	2.048E-8
67	166	1	1.46E-7	9.344E-8	67	167	0	3.83E-7	2.4512E-7
67	168	0	4.35E-7	2.784E-7	67	169	0	4.17E-7	2.6688E-7
67	170	0	1.1E-7	7.04E-8	67	170	1	1.1E-7	7.04E-8
67	171	0	9.39E-8	6.0096E-8	67	172	0	4.52E-8	2.8928E-8
68	162	0	2.41E-13	1.5424E-13	68	163	0	5.15E-12	3.296E-12
68	164	0	7.11E-11	4.5504E-11	68	165	0	6.56E-10	4.1984E-10
68	166	0	2.88E-9	1.8432E-9	68	167	0	1.36E-8	8.704E-9
68	167	1	1.02E-9	6.528E-10	68	168	0	3.89E-8	2.4896E-8
68	169	0	8.37E-8	5.3568E-8	68	170	0	9.75E-8	6.24E-8
68	171	0	9.0E-8	5.76E-8	68	172	0	9.41E-8	6.0224E-8
69	165	0	3.94E-13	2.5216E-13	69	166	0	4.5E-12	2.88E-12
69	167	0	5.61E-11	3.5904E-11	69	168	0	3.71E-10	2.3744E-10
69	169	0	1.9E-9	1.216E-9	69	170	0	5.17E-9	3.3088E-9
69	171	0	1.09E-8	6.976E-9	69	172	0	2.53E-8	1.6192E-8
70	167	0	1.98E-14	1.2672E-14	70	168	0	3.35E-13	2.144E-13
70	169	0	3.95E-12	2.528E-12	70	169	1	2.98E-13	1.9072E-13
70	170	0	2.83E-11	1.8112E-11	70	171	0	1.43E-10	9.152E-11
70	172	0	7.87E-10	5.0368E-10	71	171	0	9.04E-14	5.7856E-14
71	171	1	9.04E-14	5.7856E-14	71	172	0	1.23E-12	7.872E-13
71	172	1	1.23E-12	7.872E-13