Z	A	FPS	Yield	Uncertainty	Z	A	FPS	Yield	Uncertainty
23	66	0	9.71536E-18	6.21783E-18	23	67	0	9.82825E-19	6.29008E-19
24	66	0	4.79991E-13	3.07194E-13	24	67	0	3.5699E-14	2.28474E-14
24	69	0	8.36953E-17	5.3565E-17	25	66	0	1.93E-10	1.2352E-10
25	67	0	5.98E-11	3.8272E-11	25	68	0	1.04E-11	6.656E-12
25	69	0	1.33992E-12	8.57547E-13	25	70	0	1.19E-13	7.61601E-14
25	72	0	1.41682E-16	9.06767E-17	26	66	0	1.32E-8	8.44801E-9
26	67	0	9.53001E-9	6.0992E-9	26	68	0	6.65E-9	4.256E-9
26	69	0	2.11E-9	1.3504E-9	26	70	0	7.91001E-10	5.0624E-10
26	71	0	1.22E-10	7.80801E-11	26	72	0	6.99986E-12	4.47991E-12
26	73	0	2.57E-13	1.6448E-13	26	74	0	1.49E-14	9.53601E-15
26	75	0	1.17423E-15	7.51509E-16	27	66	0	1.87E-8	1.1968E-8
27	67	0	4.65E-8	2.976E-8	27	68	0	7.03001E-8	4.4992E-8
27	69	0	8.43001E-8	5.3952E-8	27	70	0	7.45001E-8	4.768E-8
27	71	0	4.66E-8	2.9824E-8	27	72	0	6.67E-9	4.2688E-9
27	73	0	1.03E-9	6.592E-10	27	74	0	1.58E-10	1.0112E-10
27	75	0	1.87988E-11	1.20313E-11	27	76	0	6.74E-13	4.3136E-13
27	77	0	2.37585E-14	1.52054E-14	28	66	0	7.06001E-9	4.5184E-9
28	67	0	3.58E-8	2.2912E-8	28	68	0	1.8E-7	1.152E-7
28	69	0	4.38E-7	2.8032E-7	28	70	0	1.35E-6	8.64001E-7
28	71	0	1.86E-6	1.1904E-6	28	72	0	1.02E-6	6.528E-7
28	73	0	3.79E-7	2.4256E-7	28	74	0	2.45E-7	1.568E-7
28	75	0	7.33001E-8	4.6912E-8	28	76	0	1.18E-8	7.55201E-9
28	77	0	8.62977E-10	5.52305E-10	28	78	0	2.87E-11	1.8368E-11
28	79	0	4.52204E-13	2.89411E-13	29	66	0	5.13E-11	3.2832E-11
29	67	0	9.92001E-10	6.3488E-10	29	68	0	2.96E-9	1.8944E-9
29	68	1	8.00001E-9	5.12E-9	29	69	0	9.25001E-8	5.92E-8
29	70	0	1.27E-7	8.12801E-8	29	70	1	4.5E-7	2.88E-7
29	71	0	2.65E-6	1.696E-6	29	72	0	2.98E-6	1.9072E-6
29	73	0	3.92E-6	2.5088E-6	29	74	0	5.85E-6	3.744E-6
29	75	0	6.82E-6	4.3648E-6	29	76	0	2.83E-6	1.8112E-6
29	77	0	9.09001E-7	5.8176E-7	29	78	0	8.41001E-8	5.3824E-8
29	79	0	7.23955E-9	4.63331E-9	29	80	0	2.65E-10	1.696E-10
29	81	0	9.61001E-12	6.1504E-12	29	82	0	1.43E-13	9.15201E-14
30	66	0	6.02E-14	3.8528E-14	30	67	0	2.9E-12	1.856E-12
30	68	0	1.3E-10	8.32001E-11	30	69	0	4.38E-10	2.8032E-10
30	69	1	2.14E-9	1.3696E-9	30	70	0	6.04E-8	3.8656E-8
30	71	0	1.02E-7	6.528E-8	30	71	1	4.96E-7	3.1744E-7
30	72	0	2.3E-6	1.472E-6	30	73	0	6.08E-6	3.8912E-6
30	74	0	3.117E-5	1.99488E-5	30	75	0	7.54801E-5	4.83072E-5
30	76	0	1.2003E-4	7.68193E-5	30	77	0	9.33501E-5	5.9744E-5
30	78	0	3.745E-5	2.3968E-5	30	79	0	8.43001E-6	5.3952E-6
30	80	0	1.37E-6	8.76801E-7	30	81	0	1.35E-7	8.64001E-8
30	82	0	9.47001E-9	6.0608E-9	30	83	0	2.89E-10	1.8496E-10
30	84	0	6.15E-12	3.936E-12	30	85	0	1.68015E-13	1.0753E-13
31	68	0	2.19E-14	1.4016E-14	31	69	0	1.82E-12	1.1648E-12
31	70	0	1.05E-10	6.72E-11	31	71	0	4.17E-9	2.6688E-9
31	72	1	1.865E-8	1.1936E-8	31	72	0	1.865E-8	1.1936E-8
31	73	0	3.64E-7	2.3296E-7	31	74	1	2.025E-6	1.296E-6
31	74	0	2.025E-6	1.296E-6	31	75	0	3.317E-5	2.12288E-5
31	76	0	1.1113E-4	7.11233E-5	31	77	0	3.0802E-4	1.97133E-4
31	78	0	2.8473E-4	1.82227E-4	31	79	0	2.5212E-4	1.61357E-4
31	80	0	1.0204E-4	6.53056E-5	31	81	0	4.299E-5	2.75136E-5
31	82	0	8.23001E-6	5.2672E-6	31	83	0	1.16E-6	7.42401E-7
31	84	0	6.76E-8	4.3264E-8	31	85	0	2.68983E-9	1.72149E-9
31	86	0	5.82E-11	3.7248E-11	31	87	0	9.63554E-13	6.16675E-13
32	70	0	2.77E-14	1.7728E-14	32	71	0	1.39E-12	8.89601E-13
32	71	1	1.39E-12	8.89601E-13	32	72	0	1.04E-10	6.656E-11
32	73	0	2.06E-9	1.3184E-9	32	73	1	4.21E-10	2.6944E-10
32	74	0	1.12E-7	7.16801E-8	32	75	0	2.52E-7	1.6128E-7
32	75	1	1.85E-6	1.184E-6	32	76	0	2.684E-5	1.71776E-5
32	77	0	1.4301E-4	9.15265E-5	32	77	1	1.95E-5	1.248E-5
32	78	0	5.4134E-4	3.46458E-4	32	79	1	5.07575E-4	3.24848E-4
32	79	0	5.07575E-4	3.24848E-4	32	80	0	0.00149407	9.56205E-4
32	81	0	0.00145222	9.29421E-4	32	82	0	0.00115483	7.39092E-4
32	83	0	4.2538E-4	2.72243E-4	32	84	0	1.0785E-4	6.90241E-5
32	85	0	1.151E-5	7.36641E-6	32	86	0	1.16E-6	7.42401E-7
32	87	0	3.49991E-8	2.23994E-8	32	88	0	1.04E-9	6.656E-10
32	89	0	1.57397E-11	1.00734E-11	32	90	0	1.42504E-12	9.12029E-13
33	73	0	3.94E-13	2.5216E-13	33	74	0	1.26E-11	8.06401E-12
33	74	1	3.4E-11	2.176E-11	33	75	0	3.6E-9	2.304E-9
33	76	0	1.18E-7	7.55201E-8	33	77	0	2.95E-6	1.888E-6
33	78	0	2.381E-5	1.52384E-5	33	79	0	1.658E-4	1.06112E-4
33	80	0	5.2284E-4	3.34618E-4	33	81	0	0.00177766	0.0011377
33	82	0	0.00155722	9.96622E-4	33	82	1	0.00155721	9.96615E-4
33	83	0	0.00440053	0.00281634	33	84	1	0.00132444	8.47639E-4
33	84	0	0.00132444	8.47639E-4	33	85	0	0.00116949	7.48474E-4
33	86	0	3.1313E-4	2.00403E-4	33	87	0	4.037E-5	2.58368E-5
33	88	0	3.24E-6	2.0736E-6	33	89	0	2.51984E-7	1.6127E-7
33	90	0	1.6773E-8	1.07347E-8	33	91	0	6.13922E-11	3.9291E-11
33	92	0	1.78317E-12	1.14123E-12	34	75	0	5.53E-13	3.5392E-13
34	76	0	8.20001E-11	5.248E-11	34	77	0	6.55E-10	4.192E-10
34	77	1	4.8E-9	3.072E-9	34	78	0	1.97E-7	1.2608E-7
34	79	0	3.05E-6	1.952E-6	34	79	1	4.16E-7	2.6624E-7
34	80	0	4.385E-5	2.8064E-5	34	81	0	4.105E-5	2.6272E-5
34	81	1	3.0102E-4	1.92653E-4	34	82	0	0.00222802	0.00142593
34	83	0	0.00566528	0.00362578	34	83	1	0.00116034	7.42618E-4
34	84	0	0.0143097	0.00457912	34	85	0	0.0070136	0.0044887
34	85	1	0.0070003	0.00448019	34	86	0	0.0148275	0.00474479
34	87	0	0.00452617	0.00289675	34	88	0	0.00153401	9.81767E-4
34	89	0	3.0314E-4	1.9401E-4	34	90	0	3.63433E-5	2.32597E-5
34	91	0	2.22994E-6	1.42716E-6	34	92	0	8.80983E-8	5.63829E-8
34	93	0	4.25347E-10	2.72222E-10	34	94	0	2.62E-11	1.6768E-11
34	95	0	1.4589E-12	9.33696E-13	35	77	0	4.71E-14	3.0144E-14
35	77	1	1.77E-13	1.1328E-13	35	78	0	2.28E-11	1.4592E-11
35	79	0	3.77E-10	2.4128E-10	35	79	1	1.42E-9	9.08801E-10
35	80	0	1.32E-8	8.44801E-9	35	80	1	4.69E-8	3.0016E-8
35	81	0	2.0E-6	1.28E-6	35	82	0	2.423E-5	1.55072E-5
35	82	1	8.96001E-6	5.7344E-6	35	83	0	4.085E-4	2.6144E-4
35	84	0	6.1775E-4	3.9536E-4	35	84	1	0.00131271	8.40135E-4
35	85	0	0.00664215	0.00425098	35	86	0	0.00759113	0.00485832
35	86	1	0.00758725	0.00485584	35	87	0	0.016141	0.00516512
35	88	0	0.0123102	0.00393926	35	89	0	0.00932726	0.00596944
35	90	0	0.00278164	0.00178025	35	91	0	7.31101E-4	4.67904E-4
35	92	0	7.65401E-5	4.89856E-5	35	93	0	6.80958E-6	4.35813E-6
35	94	0	2.7E-7	1.728E-7	35	95	0	2.33562E-8	1.4948E-8
35	96	0	1.45E-10	9.28001E-11	35	97	0	2.53002E-12	1.61921E-12
36	79	1	4.025E-14	2.576E-14	36	79	0	4.025E-14	2.576E-14
36	80	0	1.23E-11	7.87201E-12	36	81	0	9.77001E-10	6.2528E-10
36	81	1	1.33E-10	8.51201E-11	36	82	0	8.42001E-8	5.3888E-8
36	83	0	2.31E-6	1.4784E-6	36	83	1	4.73E-7	3.0272E-7
36	84	0	5.506E-5	3.52384E-5	36	85	0	3.793E-4	2.42752E-4
36	85	1	7.76901E-5	4.97216E-5	36	86	0	0.00407572	0.00260846
36	87	0	0.00868016	0.00390607	36	88	0	0.024174	0.00773567
36	89	0	0.0383483	0.0122714	36	90	0	0.0418305	0.0133858
36	91	0	0.0253967	0.00812694	36	92	0	0.010742	0.00343744
36	93	0	0.00235236	0.00150551	36	94	0	4.0524E-4	2.59354E-4
36	95	0	3.72067E-5	2.38123E-5	36	96	0	2.62E-6	1.6768E-6
36	97	0	9.18975E-8	5.88144E-8	36	98	0	2.29E-9	1.4656E-9
36	99	0	1.36074E-11	8.70873E-12	36	100	0	2.27E-13	1.4528E-13
37	81	0	1.33E-14	8.51201E-15	37	83	0	4.43E-10	2.8352E-10
37	84	0	2.36E-8	1.5104E-8	37	85	0	8.58001E-7	5.4912E-7
37	86	1	1.011E-5	6.4704E-6	37	86	0	1.011E-5	6.4704E-6
37	87	0	1.8156E-4	1.16198E-4	37	88	0	0.00114292	7.31469E-4
37	89	0	0.00645465	0.00413098	37	90	0	0.00255129	0.00163283
37	90	1	0.0124556	0.00398579	37	91	0	0.0318775	0.0102008
37	92	0	0.0289552	0.00926566	37	93	0	0.0230453	0.0073745
37	94	0	0.00940181	0.00601716	37	95	0	0.00356474	0.00228144
37	96	0	6.4744E-4	4.14362E-4	37	97	0	9.66801E-5	6.18752E-5
37	98	0	6.3E-6	4.032E-6	37	99	0	2.17847E-7	1.39422E-7
37	100	0	7.35001E-9	4.704E-9	37	101	0	5.45096E-11	3.48862E-11
37	102	0	1.59291E-12	1.01946E-12	37	103	0	1.8442E-13	1.18029E-13
38	84	0	1.45E-12	9.28001E-13	38	85	1	7.25001E-11	4.64E-11
38	85	0	7.25001E-11	4.64E-11	38	86	0	1.59E-8	1.0176E-8
38	87	0	3.06E-7	1.9584E-7	38	87	1	6.26E-8	4.0064E-8
38	88	0	1.003E-5	6.4192E-6	38	89	0	1.3882E-4	8.88449E-5
38	90	0	0.0012941	8.28225E-4	38	91	0	0.00629805	0.00403075
38	92	0	0.0206696	0.00661427	38	93	0	0.0336112	0.00773057
38	94	0	0.0487207	0.0155906	38	95	0	0.040511	0.0129635
38	96	0	0.0281933	0.00902186	38	97	0	0.00993213	0.00635656
38	98	0	0.00264204	0.00169091	38	99	0	3.47032E-4	2.22101E-4
38	100	0	3.356E-5	2.14784E-5	38	101	0	1.97995E-6	1.26717E-6
38	102	0	7.86985E-8	5.0367E-8	38	103	0	6.69866E-9	4.28714E-9
39	87	0	1.67E-11	1.0688E-11	39	88	0	1.24E-9	7.93601E-10
39	89	0	1.26E-8	8.06401E-9	39	89	1	6.17E-8	3.9488E-8
39	90	1	9.15001E-7	5.856E-7	39	90	0	9.15001E-7	5.856E-7
39	91	1	1.8985E-5	1.21504E-5	39	91	0	1.8985E-5	1.21504E-5
39	92	0	3.0873E-4	1.97587E-4	39	93	1	9.59456E-4	6.14052E-4
39	93	0	9.59456E-4	6.14052E-4	39	94	0	0.00618272	0.00395694
39	95	0	0.0182633	0.00584425	39	96	0	0.00240969	0.0015422
39	96	1	0.0243645	0.00779664	39	97	1	0.0163875	0.010488
39	97	0	0.0163875	0.010488	39	98	0	0.00951209	0.00608774
39	98	1	0.00951187	0.00608759	39	99	0	0.00953442	0.00610203
39	100	0	0.00221499	0.00141759	39	101	0	5.2467E-4	3.35789E-4
39	102	0	5.336E-5	3.41504E-5	39	103	0	4.7033E-6	3.01011E-6
39	104	0	7.73001E-13	4.9472E-13	39	105	0	9.54674E-15	6.10991E-15
39	106	0	1.83512E-16	1.17447E-16	39	107	0	1.11418E-16	7.13073E-17
39	109	0	2.41586E-13	1.54615E-13	39	110	0	1.89045E-15	1.20989E-15
40	88	0	2.14E-14	1.3696E-14	40	89	0	3.44E-12	2.2016E-12
40	90	1	1.93E-10	1.2352E-10	40	90	0	1.93E-10	1.2352E-10
40	91	0	2.17E-8	1.3888E-8	40	92	0	7.83001E-7	5.0112E-7
40	93	0	1.237E-5	7.91681E-6	40	94	0	1.6645E-4	1.06528E-4
40	95	0	0.0011884	7.60577E-4	40	96	0	0.00664028	0.00424978
40	97	0	0.0172901	0.00553282	40	98	0	0.0343777	0.0110009
40	99	0	0.0355789	0.0113853	40	100	0	0.0292036	0.00934515
40	101	0	0.0150075	0.0048024	40	102	0	0.0059369	0.00379962
40	103	0	0.00128139	8.2009E-4	40	104	0	3.34E-6	2.1376E-6
40	105	0	2.88E-7	1.8432E-7	40	106	0	7.53001E-9	4.8192E-9
40	107	0	3.36118E-9	2.15116E-9	40	108	0	6.87E-12	4.3968E-12
40	109	0	8.7751E-9	5.61607E-9	40	110	0	9.33982E-11	5.97748E-11
40	111	0	1.32841E-13	8.50182E-14	40	112	0	1.08564E-14	6.94807E-15
41	91	0	2.68E-13	1.7152E-13	41	92	0	2.66E-11	1.7024E-11
41	93	0	1.53E-9	9.79201E-10	41	93	1	3.14E-10	2.0096E-10
41	94	0	4.22E-8	2.7008E-8	41	94	1	2.48E-8	1.5872E-8
41	95	0	1.74E-6	1.1136E-6	41	95	1	3.57E-7	2.2848E-7
41	96	0	3.015E-5	1.9296E-5	41	97	0	2.6037E-4	1.66637E-4
41	97	1	5.333E-5	3.41312E-5	41	98	0	0.00111814	7.1561E-4
41	98	1	3.1538E-4	2.01843E-4	41	99	0	4.3012E-4	2.75277E-4
41	99	1	0.00494625	0.0031656	41	100	0	0.00461727	0.00295505
41	100	1	0.00461727	0.00295505	41	101	0	0.0158022	0.00505669
41	102	1	0.006509	0.00416576	41	102	0	0.006509	0.00416576
41	103	0	0.0101103	0.00323529	41	104	1	0.00106194	6.79639E-4
41	104	0	0.00106194	6.79639E-4	41	105	0	0.00101832	6.51725E-4
41	106	0	9.30801E-5	5.95712E-5	41	107	0	1.87567E-5	1.20043E-5
41	108	0	2.02E-6	1.2928E-6	41	109	0	6.16123E-6	3.94319E-6
41	110	0	2.0E-7	1.28E-7	41	111	0	2.12671E-9	1.3611E-9
41	112	0	1.27781E-10	8.17801E-11	41	113	0	1.43699E-13	9.19672E-14
41	114	0	3.52182E-15	2.25396E-15	42	93	1	1.16E-14	7.42401E-15
42	93	0	1.16E-14	7.42401E-15	42	94	0	3.87E-12	2.4768E-12
42	95	0	3.33E-10	2.1312E-10	42	96	0	2.15E-8	1.376E-8
42	97	0	5.8E-7	3.712E-7	42	98	0	1.117E-5	7.14881E-6
42	99	0	1.0291E-4	6.58624E-5	42	100	0	6.92831E-4	4.43412E-4
42	101	0	0.00259307	0.00165957	42	102	0	0.00759961	0.00486375
42	103	0	0.0122157	0.00390904	42	104	0	0.0109531	0.00350499
42	105	0	0.010907	0.00349023	42	106	0	0.00382878	0.00245042
42	107	0	0.002011	0.00128704	42	108	0	0.00111736	7.15111E-4
42	109	0	3.4615E-4	2.21536E-4	42	110	0	6.599E-5	4.22336E-5
42	111	0	3.38788E-6	2.16824E-6	42	112	0	2.76872E-7	1.77198E-7
42	113	0	5.21955E-9	3.34051E-9	42	114	0	1.73997E-10	1.11358E-10
42	115	0	3.852E-13	2.46528E-13	42	116	0	1.2E-14	7.68001E-15
43	97	1	1.195E-11	7.64801E-12	43	97	0	1.195E-11	7.64801E-12
43	98	0	1.22E-9	7.80801E-10	43	99	0	4.04E-8	2.5856E-8
43	99	1	8.27001E-9	5.2928E-9	43	100	0	8.41001E-7	5.3824E-7
43	101	0	1.271E-5	8.13441E-6	43	102	0	4.507E-5	2.88448E-5
43	102	1	4.507E-5	2.88448E-5	43	103	0	5.5693E-4	3.56435E-4
43	104	0	1.1294E-4	7.22817E-5	43	105	0	4.7066E-4	3.01223E-4
43	106	0	3.6959E-4	2.36538E-4	43	107	0	6.5344E-4	4.18202E-4
43	108	0	7.30551E-4	4.67552E-4	43	109	0	6.6685E-4	4.26784E-4
43	110	0	3.8281E-4	2.44999E-4	43	111	0	1.0152E-4	6.49728E-5
43	112	0	2.607E-5	1.66848E-5	43	113	0	3.66478E-6	2.34546E-6
43	114	0	2.56E-7	1.6384E-7	43	115	0	6.16684E-9	3.94678E-9
43	116	0	2.73E-10	1.7472E-10	43	117	0	1.56371E-12	1.00078E-12
43	118	0	5.0196E-14	3.21254E-14	43	119	0	1.47286E-15	9.42631E-16
44	98	0	1.85E-14	1.184E-14	44	99	0	1.98E-12	1.2672E-12
44	100	0	1.52E-10	9.72801E-11	44	101	0	5.84E-9	3.7376E-9
44	102	0	1.79E-7	1.1456E-7	44	103	0	2.81E-6	1.7984E-6
44	104	0	3.04E-9	1.9456E-9	44	105	0	4.53E-8	2.8992E-8
44	106	0	2.04E-7	1.3056E-7	44	107	0	1.19E-6	7.61601E-7
44	108	0	7.31001E-6	4.6784E-6	44	109	1	1.02735E-4	6.57504E-5
44	109	0	1.02735E-4	6.57504E-5	44	110	0	5.6714E-4	3.6297E-4
44	111	0	4.0888E-4	2.61683E-4	44	112	0	4.7318E-4	3.02835E-4
44	113	0	1.839E-4	1.17696E-4	44	114	0	5.915E-5	3.7856E-5
44	115	0	9.82384E-6	6.28726E-6	44	116	0	8.87001E-7	5.6768E-7
44	117	0	5.67985E-8	3.6351E-8	44	118	0	2.47995E-9	1.58717E-9
44	119	0	5.34986E-11	3.42391E-11	44	120	0	6.48E-13	4.1472E-13
44	121	0	1.01184E-14	6.47577E-15	45	101	1	4.79E-14	3.0656E-14
45	102	0	2.36E-12	1.5104E-12	45	102	1	2.36E-12	1.5104E-12
45	103	0	3.92E-11	2.5088E-11	45	103	1	2.88E-10	1.8432E-10
45	107	0	5.55E-13	3.552E-13	45	108	0	6.84E-12	4.3776E-12
45	108	1	6.84E-12	4.3776E-12	45	109	0	1.02E-6	6.528E-7
45	109	1	1.02E-6	6.528E-7	45	110	0	9.50001E-6	6.08E-6
45	110	1	9.50001E-6	6.08E-6	45	111	0	6.676E-5	4.27264E-5
45	112	0	2.0202E-4	1.29293E-4	45	113	0	3.2014E-4	2.0489E-4
45	114	0	2.491E-4	1.59424E-4	45	115	0	1.7675E-4	1.1312E-4
45	116	0	4.239E-5	2.71296E-5	45	117	0	1.182E-5	7.56481E-6
45	118	0	1.44E-6	9.21601E-7	45	119	0	1.43E-7	9.15201E-8
45	120	0	5.19E-9	3.3216E-9	45	121	0	1.6199E-10	1.03674E-10
45	122	0	2.34E-12	1.4976E-12	45	123	0	2.78E-14	1.7792E-14
46	109	0	6.12E-10	3.9168E-10	46	109	1	1.36E-9	8.70401E-10
46	110	0	1.16E-7	7.42401E-8	46	111	0	4.32E-7	2.7648E-7
46	111	1	9.62001E-7	6.1568E-7	46	112	0	2.114E-5	1.35296E-5
46	113	0	8.89201E-5	5.69088E-5	46	114	0	2.7339E-4	1.7497E-4
46	115	0	4.5188E-4	2.89203E-4	46	116	0	4.1867E-4	2.67949E-4
46	117	0	2.7114E-4	1.7353E-4	46	118	0	1.3905E-4	8.89921E-5
46	119	0	3.561E-5	2.27904E-5	46	120	0	6.09E-6	3.8976E-6
46	121	0	5.56E-7	3.5584E-7	46	122	0	3.98E-8	2.5472E-8
46	123	0	1.38E-9	8.83201E-10	47	109	1	2.09E-14	1.3376E-14
47	109	0	2.09E-14	1.3376E-14	47	110	0	2.66E-12	1.7024E-12
47	110	1	7.19001E-12	4.6016E-12	47	111	0	8.68001E-11	5.5552E-11
47	111	1	6.37E-10	4.0768E-10	47	112	0	3.69E-8	2.3616E-8
47	113	0	9.42001E-8	6.0288E-8	47	113	1	6.91001E-7	4.4224E-7
47	114	0	6.57E-6	4.2048E-6	47	115	0	2.307E-5	1.47648E-5
47	115	1	2.307E-5	1.47648E-5	47	116	0	5.019E-5	3.21216E-5
47	116	1	5.019E-5	3.21216E-5	47	117	0	1.1689E-4	7.48097E-5
47	117	1	1.1689E-4	7.48097E-5	47	118	0	1.3409E-4	8.58177E-5
47	118	1	1.3409E-4	8.58177E-5	47	119	0	2.5915E-4	1.65856E-4
47	120	1	5.6325E-5	3.6048E-5	47	120	0	5.6325E-5	3.6048E-5
47	121	0	4.592E-5	2.93888E-5	47	122	1	4.625E-6	2.96E-6
47	122	0	4.625E-6	2.96E-6	47	123	0	1.5E-6	9.60001E-7
47	124	0	1.56E-11	9.98401E-12	47	125	0	1.24E-12	7.93601E-13
47	126	0	8.56001E-14	5.4784E-14	47	129	0	7.95562E-17	5.0916E-17
47	130	0	1.67E-10	1.0688E-10	47	131	0	3.16596E-12	2.02622E-12
47	132	0	5.30297E-14	3.3939E-14	48	111	1	2.56E-14	1.6384E-14
48	112	0	9.70001E-12	6.208E-12	48	113	0	1.41E-10	9.02401E-11
48	113	1	5.31E-10	3.3984E-10	48	114	0	2.8E-8	1.792E-8
48	115	0	1.2E-7	7.68001E-8	48	115	1	4.5E-7	2.88E-7
48	116	0	5.53E-6	3.5392E-6	48	117	0	6.5E-6	4.16E-6
48	117	1	2.446E-5	1.56544E-5	48	118	0	1.3778E-4	8.81793E-5
48	119	0	1.4526E-4	9.29665E-5	48	119	1	1.4526E-4	9.29665E-5
48	120	0	4.7749E-4	3.05594E-4	48	121	1	2.28755E-4	1.46403E-4
48	121	0	2.28755E-4	1.46403E-4	48	122	0	3.8113E-4	2.43923E-4
48	123	0	1.588E-4	1.01632E-4	48	124	0	6.42E-6	4.1088E-6
48	125	0	1.49E-6	9.53601E-7	48	126	0	4.68E-7	2.9952E-7
48	127	0	7.97001E-8	5.1008E-8	48	128	0	1.49E-8	9.53601E-9
48	129	0	2.4E-9	1.536E-9	48	130	0	2.21E-6	1.4144E-6
48	131	0	1.14997E-7	7.3598E-8	48	132	0	2.61995E-9	1.67677E-9
48	133	0	2.59206E-11	1.65892E-11	48	134	0	1.69E-13	1.0816E-13
49	113	0	1.04E-14	6.656E-15	49	114	0	3.58E-13	2.2912E-13
49	114	1	1.27E-12	8.12801E-13	49	115	0	1.4E-10	8.96001E-11
49	115	1	2.87E-11	1.8368E-11	49	116	2	1.6E-9	1.024E-9
49	116	0	1.6E-9	1.024E-9	49	116	1	1.6E-9	1.024E-9
49	117	0	9.93001E-8	6.3552E-8	49	117	1	2.03E-8	1.2992E-8
49	118	2	1.555E-7	9.95201E-8	49	118	0	1.1E-6	7.04001E-7
49	118	1	1.555E-7	9.95201E-8	49	119	0	1.013E-5	6.4832E-6
49	119	1	2.07E-6	1.3248E-6	49	120	2	1.63867E-5	1.04875E-5
49	120	0	1.63867E-5	1.04875E-5	49	120	1	1.63867E-5	1.04875E-5
49	121	0	1.5094E-4	9.66017E-5	49	121	1	3.091E-5	1.97824E-5
49	122	2	1.14713E-4	7.34166E-5	49	122	0	1.14713E-4	7.34166E-5
49	122	1	1.14713E-4	7.34166E-5	49	123	0	4.4636E-4	2.85671E-4
49	123	1	9.14201E-5	5.85088E-5	49	124	1	2.5648E-4	1.64147E-4
49	124	0	2.5648E-4	1.64147E-4	49	125	0	2.4356E-4	1.55879E-4
49	125	1	2.4356E-4	1.55879E-4	49	126	1	1.8483E-4	1.18291E-4
49	126	0	1.8483E-4	1.18291E-4	49	127	0	1.5195E-4	9.72481E-5
49	127	1	1.5195E-4	9.72481E-5	49	128	1	7.91701E-5	5.06688E-5
49	128	0	7.91701E-5	5.06688E-5	49	129	0	7.03801E-5	4.50432E-5
49	129	1	7.03801E-5	4.50432E-5	49	130	2	1.343E-4	8.59521E-5
49	130	1	1.343E-4	8.59521E-5	49	130	0	1.343E-4	8.59521E-5
49	131	1	4.7085E-5	3.01344E-5	49	131	0	4.7085E-5	3.01344E-5
49	132	0	6.36E-6	4.0704E-6	49	133	0	4.14974E-7	2.65584E-7
49	134	0	6.41E-9	4.1024E-9	49	135	0	4.18458E-11	2.67813E-11
49	136	0	7.51001E-13	4.8064E-13	50	116	0	6.11E-13	3.9104E-13
50	117	1	2.145E-11	1.3728E-11	50	117	0	2.145E-11	1.3728E-11
50	118	0	2.41E-9	1.5424E-9	50	119	0	1.18E-8	7.55201E-9
50	119	1	4.44E-8	2.8416E-8	50	120	0	1.05E-6	6.72E-7
50	121	0	2.68E-6	1.7152E-6	50	121	1	7.62001E-6	4.8768E-6
50	122	0	8.09501E-5	5.1808E-5	50	123	0	2.1535E-4	1.37824E-4
50	123	1	7.56601E-5	4.84224E-5	50	124	0	6.7406E-4	4.31399E-4
50	125	0	7.91941E-4	5.06842E-4	50	125	1	2.7825E-4	1.7808E-4
50	126	0	0.00219418	9.87382E-4	50	127	0	0.00253687	0.0016236
50	127	1	8.91331E-4	5.70452E-4	50	128	1	0.00290379	0.00185842
50	128	0	0.00290379	0.00185842	50	129	0	0.00924179	0.00591474
50	129	1	0.00324501	0.00207681	50	130	1	0.00664956	0.00425572
50	130	0	0.00664956	0.00425572	50	131	1	0.0038365	0.00245536
50	131	0	0.0038365	0.00245536	50	132	0	0.00236698	0.00151487
50	133	0	4.4058E-4	2.81971E-4	50	134	0	3.424E-5	2.19136E-5
50	135	0	1.51996E-6	9.72774E-7	50	136	0	5.83E-8	3.7312E-8
50	137	0	8.49001E-10	5.4336E-10	50	138	0	1.06E-11	6.784E-12
50	139	0	2.56707E-13	1.64293E-13	51	118	0	2.01E-14	1.2864E-14
51	118	1	3.42E-14	2.1888E-14	51	119	0	5.95E-12	3.808E-12
51	120	0	1.22E-10	7.80801E-11	51	120	1	2.08E-10	1.3312E-10
51	121	0	1.56E-8	9.98401E-9	51	122	0	1.49E-7	9.53601E-8
51	122	1	1.98E-7	1.2672E-7	51	123	0	5.43E-6	3.4752E-6
51	124	2	3.22667E-7	2.06507E-7	51	124	0	3.22667E-7	2.06507E-7
51	124	1	3.22667E-7	2.06507E-7	51	125	0	6.21E-6	3.9744E-6
51	126	2	7.90001E-6	5.056E-6	51	126	0	1.144E-5	7.32161E-6
51	126	1	7.90001E-6	5.056E-6	51	127	0	1.5641E-4	1.00102E-4
51	128	0	2.1289E-4	1.3625E-4	51	128	1	2.9399E-4	1.88154E-4
51	129	0	0.00353007	0.00225925	51	130	0	0.00412904	0.00264259
51	130	1	0.005702	0.00364928	51	131	0	0.020599	0.00659168
51	132	0	0.00810537	0.00518743	51	132	1	0.00718778	0.00460018
51	133	0	0.0120954	0.00387053	51	134	1	0.00130984	8.38295E-4
51	134	0	0.00130984	8.38295E-4	51	135	0	5.4545E-4	3.49088E-4
51	136	0	5.912E-5	3.78368E-5	51	137	0	3.99E-6	2.5536E-6
51	138	0	1.4E-7	8.96001E-8	51	139	0	4.10975E-9	2.63024E-9
51	140	0	2.69196E-11	1.72286E-11	51	141	0	2.53215E-12	1.62058E-12
52	120	0	1.48E-14	9.47201E-15	52	121	1	1.06E-12	6.784E-13
52	121	0	1.06E-12	6.784E-13	52	122	0	2.33E-10	1.4912E-10
52	123	0	2.18E-9	1.3952E-9	52	123	1	8.19001E-9	5.2416E-9
52	124	0	2.53E-12	1.6192E-12	52	125	0	9.98001E-12	6.3872E-12
52	125	1	3.75E-11	2.4E-11	52	126	0	9.25001E-10	5.92E-10
52	127	0	4.22E-9	2.7008E-9	52	127	1	1.2E-8	7.68001E-9
52	128	0	2.42E-7	1.5488E-7	52	129	0	1.35E-6	8.64001E-7
52	129	1	3.85E-6	2.464E-6	52	130	0	0.0018687	0.00119597
52	131	0	0.00230506	0.00147524	52	131	1	0.00656057	0.00419877
52	132	0	0.0250351	0.00801125	52	133	0	0.0117382	0.00375624
52	133	1	0.033409	0.0106909	52	134	0	0.0394022	0.0126087
52	135	0	0.0206098	0.00659513	52	136	0	0.00960128	0.00614482
52	137	0	0.00170247	0.00108958	52	138	0	2.6906E-4	1.72199E-4
52	139	0	2.115E-5	1.3536E-5	52	140	0	1.32997E-6	8.51183E-7
52	141	0	9.1975E-8	5.8864E-8	52	142	0	8.34001E-10	5.3376E-10
52	143	0	8.23026E-12	5.26737E-12	52	144	0	6.31394E-13	4.04092E-13
53	123	0	4.4E-13	2.816E-13	53	128	0	1.53E-14	9.79201E-15
53	129	0	1.91E-12	1.2224E-12	53	130	0	4.61E-6	2.9504E-6
53	130	1	1.7E-6	1.088E-6	53	131	0	1.2797E-4	8.19009E-5
53	132	1	4.6765E-4	2.99296E-4	53	132	0	4.6765E-4	2.99296E-4
53	133	1	0.00341074	0.00218287	53	133	0	0.00341074	0.00218287
53	134	0	0.00748773	0.00479214	53	134	1	0.00664269	0.00425132
53	135	0	0.0278252	0.00445203	53	136	0	0.0147447	0.0047183
53	136	1	0.014722	0.00471103	53	137	0	0.0201981	0.00646341
53	138	0	0.00785056	0.00502436	53	139	0	0.0025685	0.00164384
53	140	0	4.1864E-4	2.6793E-4	53	141	0	6.45781E-5	4.133E-5
53	142	0	3.14E-6	2.0096E-6	53	143	0	1.31762E-7	8.43278E-8
53	144	0	7.43162E-9	4.75623E-9	53	145	0	1.38477E-11	8.8625E-12
53	146	0	2.22644E-13	1.42492E-13	54	130	0	3.3E-9	2.112E-9
54	131	0	4.82E-8	3.0848E-8	54	131	1	1.37E-7	8.76801E-8
54	132	0	6.46E-6	4.1344E-6	54	133	0	3.395E-5	2.1728E-5
54	133	1	9.66201E-5	6.18368E-5	54	134	0	3.2904E-4	2.10586E-4
54	134	1	8.89641E-4	5.6937E-4	54	135	0	0.00174944	0.00111964
54	135	1	0.00501423	0.00320911	54	136	0	0.0239376	0.0107719
54	137	0	0.0353893	0.0113246	54	138	0	0.049908	0.0159706
54	139	0	0.0361502	0.0115681	54	140	0	0.0228153	0.00730089
54	141	0	0.00839015	0.00536969	54	142	0	0.00177872	0.00113838
54	143	1	1.04949E-4	6.71675E-5	54	143	0	1.04949E-4	6.71675E-5
54	144	0	1.61026E-5	1.03057E-5	54	145	0	5.02987E-7	3.21911E-7
54	146	0	1.09998E-8	7.03986E-9	54	147	0	1.43449E-11	9.18072E-12
54	148	0	7.92001E-13	5.0688E-13	54	149	0	8.38583E-14	5.36693E-14
55	131	0	5.92E-12	3.7888E-12	55	132	0	6.21E-10	3.9744E-10
55	133	0	6.17E-8	3.9488E-8	55	134	1	8.60001E-7	5.504E-7
55	134	0	8.60001E-7	5.504E-7	55	135	1	2.1795E-5	1.39488E-5
55	135	0	2.1795E-5	1.39488E-5	55	136	1	2.05435E-4	1.31478E-4
55	136	0	2.05435E-4	1.31478E-4	55	137	0	0.00242999	0.00155519
55	138	0	0.00388921	0.0024891	55	138	1	0.00388951	0.00248929
55	139	0	0.0198989	0.00636766	55	140	0	0.0264877	0.00847606
55	141	0	0.0340917	0.0109094	55	142	0	0.0168314	0.00538603
55	143	0	0.00836754	0.00535522	55	144	0	0.00170939	0.00109401
55	145	0	2.4528E-4	1.56979E-4	55	146	0	1.522E-5	9.74081E-6
55	147	0	2.29654E-7	1.46978E-7	55	148	0	1.4E-8	8.96001E-9
55	149	0	1.34253E-9	8.59218E-10	55	150	0	2.6E-12	1.664E-12
55	151	0	7.04789E-14	4.51065E-14	56	133	0	2.52E-12	1.6128E-12
56	134	0	3.63E-10	2.3232E-10	56	135	1	1.37E-8	8.76801E-9
56	135	0	1.37E-8	8.76801E-9	56	136	1	6.05E-7	3.872E-7
56	136	0	6.05E-7	3.872E-7	56	137	0	5.0E-6	3.2E-6
56	137	1	1.422E-5	9.10081E-6	56	138	0	2.6384E-4	1.68858E-4
56	139	0	0.00161534	0.00103382	56	140	0	0.00810438	0.0051868
56	141	0	0.022019	0.00704608	56	142	0	0.0390244	0.0124878
56	143	0	0.0434907	0.013917	56	144	0	0.0345319	0.0110502
56	145	0	0.0122888	0.00393241	56	146	0	0.00331626	0.00212241
56	147	0	3.65841E-4	2.34138E-4	56	148	0	3.544E-5	2.26816E-5
56	149	0	2.13866E-6	1.36874E-6	56	150	0	7.79001E-8	4.9856E-8
56	151	0	2.56E-9	1.6384E-9	56	152	0	1.47E-11	9.40801E-12
56	153	0	1.41782E-13	9.07407E-14	57	135	0	3.71E-13	2.3744E-13
57	137	0	3.58E-9	2.2912E-9	57	138	0	1.36E-7	8.70401E-8
57	139	0	3.64E-6	2.3296E-6	57	140	0	4.659E-5	2.98176E-5
57	141	0	5.011E-4	3.20704E-4	57	142	0	0.00213156	0.0013642
57	143	0	0.00918512	0.00587847	57	144	0	0.0162954	0.00521453
57	145	0	0.0213933	0.00684584	57	146	1	0.00662247	0.00423838
57	146	0	0.00662247	0.00423838	57	147	0	0.00572697	0.00366526
57	148	0	0.00134143	8.58516E-4	57	149	0	3.2999E-4	2.11194E-4
57	150	0	3.134E-5	2.00576E-5	57	151	0	1.79744E-6	1.15036E-6
57	152	0	7.09001E-8	4.5376E-8	57	153	0	2.26986E-9	1.45271E-9
57	154	0	2.87E-11	1.8368E-11	57	155	0	2.23269E-13	1.42892E-13
57	156	0	2.93485E-15	1.8783E-15	58	137	0	5.62E-14	3.5968E-14
58	138	0	1.01E-11	6.464E-12	58	139	0	1.93E-10	1.2352E-10
58	139	1	5.48E-10	3.5072E-10	58	140	0	4.27E-8	2.7328E-8
58	141	0	1.18E-6	7.55201E-7	58	142	0	2.24E-5	1.4336E-5
58	143	0	2.5601E-4	1.63847E-4	58	144	0	0.00190276	0.00121777
58	145	0	0.00594181	0.00380276	58	146	0	0.0138259	0.00442427
58	147	0	0.0129168	0.00413337	58	148	0	0.0107641	0.00344452
58	149	0	0.00576415	0.00368906	58	150	0	0.00214233	0.00137109
58	151	0	3.0455E-4	1.94912E-4	58	152	0	5.119E-5	3.27616E-5
58	153	0	4.07E-6	2.6048E-6	58	154	0	2.23E-7	1.4272E-7
58	155	0	8.10978E-9	5.19026E-9	58	156	0	1.44997E-10	9.27982E-11
58	157	0	1.55E-12	9.92001E-13	58	158	0	1.44E-14	9.21601E-15
58	159	0	1.43031E-16	9.15401E-17	59	140	0	5.11E-13	3.2704E-13
59	141	0	6.27E-11	4.0128E-11	59	142	1	1.67E-9	1.0688E-9
59	142	0	1.67E-9	1.0688E-9	59	143	0	1.81E-7	1.1584E-7
59	144	0	3.37E-7	2.1568E-7	59	144	1	3.41E-6	2.1824E-6
59	145	0	5.245E-5	3.3568E-5	59	146	0	3.1423E-4	2.01107E-4
59	147	0	0.00115524	7.39354E-4	59	148	1	0.00105388	6.7448E-4
59	148	0	0.00105388	6.7448E-4	59	149	0	0.00387273	0.00247855
59	150	0	0.00304368	0.00194796	59	151	0	0.00156776	0.00100337
59	152	0	6.0434E-4	3.86778E-4	59	153	0	1.8199E-4	1.16474E-4
59	154	0	2.44E-5	1.5616E-5	59	155	0	3.61E-6	2.3104E-6
59	156	0	1.62E-7	1.0368E-7	59	157	0	7.30001E-9	4.672E-9
59	158	0	1.74E-10	1.1136E-10	59	159	0	2.28986E-12	1.46551E-12
59	160	0	2.29E-14	1.4656E-14	59	161	0	1.83626E-16	1.17521E-16
59	162	0	1.42289E-18	9.10653E-19	60	142	0	6.97001E-14	4.4608E-14
60	143	0	1.11E-11	7.10401E-12	60	144	0	1.12E-9	7.16801E-10
60	145	0	4.49E-8	2.8736E-8	60	146	0	1.26E-6	8.06401E-7
60	147	0	1.23E-5	7.87201E-6	60	148	0	9.25101E-5	5.92064E-5
60	149	0	3.9134E-4	2.50458E-4	60	150	0	0.00114768	7.34516E-4
60	151	0	0.00126969	8.12602E-4	60	152	0	0.0017134	0.00109658
60	153	0	0.00104868	6.71156E-4	60	154	0	5.0654E-4	3.24186E-4
60	155	0	1.6612E-4	1.06317E-4	60	156	0	2.865E-5	1.8336E-5
60	157	0	3.11E-6	1.9904E-6	60	158	0	3.04E-7	1.9456E-7
60	159	0	1.01E-8	6.464E-9	60	160	0	4.28E-10	2.7392E-10
60	161	0	6.66982E-12	4.26869E-12	60	162	0	7.02986E-14	4.49911E-14
61	145	0	8.37001E-13	5.3568E-13	61	146	0	6.87E-11	4.3968E-11
61	147	0	3.12E-9	1.9968E-9	61	148	0	1.7E-8	1.088E-8
61	148	1	4.59E-8	2.9376E-8	61	149	0	1.12E-6	7.16801E-7
61	150	0	8.33001E-6	5.3312E-6	61	151	0	3.719E-5	2.38016E-5
61	152	2	3.85934E-5	2.46998E-5	61	152	0	3.85934E-5	2.46998E-5
61	152	1	3.85934E-5	2.46998E-5	61	153	0	2.452E-4	1.56928E-4
61	154	0	1.225E-4	7.84001E-5	61	154	1	1.225E-4	7.84001E-5
61	155	0	2.6806E-4	1.71559E-4	61	156	0	9.51601E-5	6.09024E-5
61	157	0	3.693E-5	2.36352E-5	61	158	0	8.15001E-6	5.216E-6
61	159	0	1.06E-6	6.784E-7	61	160	0	1.09E-7	6.97601E-8
61	161	0	7.01001E-9	4.4864E-9	61	162	0	1.87E-10	1.1968E-10
61	163	0	3.76E-12	2.4064E-12	61	164	0	6.15E-14	3.936E-14
61	166	0	1.92283E-18	1.23061E-18	62	147	0	6.75E-14	4.32E-14
62	148	0	6.22E-12	3.9808E-12	62	149	0	2.94E-10	1.8816E-10
62	150	0	9.78001E-9	6.2592E-9	62	151	0	1.16E-7	7.42401E-8
62	152	0	1.54E-6	9.85601E-7	62	153	0	7.66001E-6	4.9024E-6
62	154	0	2.94E-5	1.8816E-5	62	155	0	6.88601E-5	4.40704E-5
62	156	0	8.33201E-5	5.33248E-5	62	157	0	6.487E-5	4.15168E-5
62	158	0	4.805E-5	3.0752E-5	62	159	0	1.304E-5	8.34561E-6
62	160	0	4.88E-6	3.1232E-6	62	161	0	7.21001E-7	4.6144E-7
62	162	0	7.62001E-8	4.8768E-8	62	163	0	3.76E-9	2.4064E-9
62	164	0	2.64E-10	1.6896E-10	62	165	0	6.86E-12	4.3904E-12
62	166	0	9.49981E-14	6.07988E-14	63	151	0	8.13001E-12	5.2032E-12
63	152	2	9.80001E-11	6.272E-11	63	152	0	9.80001E-11	6.272E-11
63	152	1	9.80001E-11	6.272E-11	63	153	0	6.12E-9	3.9168E-9
63	154	1	2.985E-8	1.9104E-8	63	154	0	2.985E-8	1.9104E-8
63	155	0	5.57E-7	3.5648E-7	63	156	0	1.56E-6	9.98401E-7
63	157	0	4.44E-6	2.8416E-6	63	158	0	6.92001E-6	4.4288E-6
63	159	0	6.33E-6	4.0512E-6	63	160	0	4.75E-6	3.04E-6
63	161	0	2.38E-6	1.5232E-6	63	162	0	5.34E-7	3.4176E-7
63	163	0	9.74001E-8	6.2336E-8	63	164	0	1.64E-8	1.0496E-8
63	165	0	1.66E-9	1.0624E-9	63	166	0	5.87E-11	3.7568E-11
63	167	0	1.53E-12	9.79201E-13	63	168	0	3.49E-14	2.2336E-14
64	153	0	4.27E-13	2.7328E-13	64	154	0	1.83E-11	1.1712E-11
64	155	0	4.34E-10	2.7776E-10	64	156	0	5.04E-9	3.2256E-9
64	157	0	3.51E-8	2.2464E-8	64	158	0	2.15E-7	1.376E-7
64	159	0	4.48E-7	2.8672E-7	64	160	0	1.21E-6	7.74401E-7
64	161	0	1.25E-6	8.00001E-7	64	162	0	9.42001E-7	6.0288E-7
64	163	0	3.46E-7	2.2144E-7	64	164	0	2.06E-7	1.3184E-7
64	165	0	4.37E-8	2.7968E-8	64	166	0	5.99E-9	3.8336E-9
64	167	0	3.69E-10	2.3616E-10	64	168	0	3.42E-11	2.1888E-11
64	169	0	1.46E-12	9.34401E-13	64	170	0	3.77E-14	2.4128E-14
65	156	0	2.01E-13	1.2864E-13	65	156	1	1.99E-14	1.2736E-14
65	157	0	6.54E-12	4.1856E-12	65	158	0	9.21001E-11	5.8944E-11
65	158	1	9.11001E-12	5.8304E-12	65	159	0	8.66001E-10	5.5424E-10
65	160	0	5.65E-9	3.616E-9	65	161	0	2.28E-8	1.4592E-8
65	162	0	1.91E-8	1.2224E-8	65	162	1	1.91E-8	1.2224E-8
65	163	0	4.96E-8	3.1744E-8	65	164	0	6.18E-8	3.9552E-8
65	165	0	4.27E-8	2.7328E-8	65	166	0	1.22E-8	7.80801E-9
65	167	0	2.62E-9	1.6768E-9	65	168	0	5.33E-10	3.4112E-10
65	169	0	8.73001E-11	5.5872E-11	65	170	0	5.4E-12	3.456E-12
65	171	0	3.61E-13	2.3104E-13	66	159	0	1.51E-13	9.66401E-14
66	160	0	4.17E-12	2.6688E-12	66	161	0	4.21E-11	2.6944E-11
66	162	0	2.89E-10	1.8496E-10	66	163	0	8.95001E-10	5.728E-10
66	164	0	4.39E-9	2.8096E-9	66	165	0	5.7E-9	3.648E-9
66	165	1	7.77001E-10	4.9728E-10	66	166	0	6.58E-9	4.2112E-9
66	167	0	2.86E-9	1.8304E-9	66	168	0	1.94E-9	1.2416E-9
66	169	0	6.52E-10	4.1728E-10	66	170	0	1.43E-10	9.15201E-11
66	171	0	2.15E-11	1.376E-11	66	172	0	1.2E-12	7.68001E-13
67	162	1	2.22E-14	1.4208E-14	67	163	0	3.5E-13	2.24E-13
67	163	1	4.78E-14	3.0592E-14	67	164	0	1.35E-12	8.64001E-13
67	164	1	3.66E-12	2.3424E-12	67	165	0	2.9E-11	1.856E-11
67	166	0	1.93E-11	1.2352E-11	67	166	1	5.23E-11	3.3472E-11
67	167	0	1.17E-10	7.48801E-11	67	168	0	1.71E-10	1.0944E-10
67	169	0	1.96E-10	1.2544E-10	67	170	0	4.33E-11	2.7712E-11
67	170	1	4.33E-11	2.7712E-11	67	171	0	4.35E-11	2.784E-11
67	172	0	5.05E-12	3.232E-12	68	165	0	1.22E-14	7.80801E-15
68	166	0	1.29E-13	8.25601E-14	68	167	0	4.6E-13	2.944E-13
68	167	1	6.27E-14	4.0128E-14	68	168	0	3.06E-12	1.9584E-12
68	169	0	8.16001E-12	5.2224E-12	68	170	0	1.33E-11	8.51201E-12
68	171	0	1.41E-11	9.02401E-12	68	172	0	5.54E-12	3.5456E-12
69	170	0	3.53E-14	2.2592E-14	69	171	0	1.48E-13	9.47201E-14
69	172	0	1.33E-13	8.51201E-14