Z	A	FPS	Yield	Uncertainty	Z	A	FPS	Yield	Uncertainty
23	66	0	3.3253E-13	2.12819E-13	23	67	0	6.34791E-14	4.06266E-14
23	68	0	6.05364E-15	3.87433E-15	24	66	0	7.90578E-10	5.0597E-10
24	67	0	1.50919E-10	9.65884E-11	24	68	0	1.43923E-11	9.21108E-12
24	69	0	6.55811E-13	4.19719E-13	24	70	0	5.67936E-14	3.63479E-14
25	66	0	8.62902E-8	5.52257E-8	25	67	0	3.97955E-8	2.54691E-8
25	68	0	9.26895E-9	5.93213E-9	25	69	0	1.55917E-9	9.97867E-10
25	70	0	2.24975E-10	1.43984E-10	25	71	0	2.13976E-11	1.36944E-11
25	72	0	1.22754E-12	7.85628E-13	25	73	0	1.64373E-13	1.05199E-13
26	66	0	1.00989E-6	6.46327E-7	26	67	0	1.06988E-6	6.84722E-7
26	68	0	5.83934E-7	3.73718E-7	26	69	0	2.34973E-7	1.50383E-7
26	70	0	8.20907E-8	5.2538E-8	26	71	0	1.91978E-8	1.22866E-8
26	72	0	2.91844E-9	1.8678E-9	26	73	0	3.90791E-10	2.50106E-10
26	74	0	2.94967E-11	1.88779E-11	26	75	0	2.16502E-12	1.38561E-12
26	76	0	5.53937E-14	3.5452E-14	27	66	0	1.48983E-6	9.53492E-7
27	67	0	3.41961E-6	2.18855E-6	27	68	0	4.11953E-6	2.6365E-6
27	69	0	3.73958E-6	2.39333E-6	27	70	0	3.01966E-6	1.93258E-6
27	71	0	1.66981E-6	1.06868E-6	27	72	0	6.08931E-7	3.89716E-7
27	73	0	1.98977E-7	1.27346E-7	27	74	0	3.68958E-8	2.36133E-8
27	75	0	5.14725E-9	3.29424E-9	27	76	0	4.4195E-10	2.82848E-10
27	77	0	2.27432E-11	1.45556E-11	27	78	0	2.24489E-12	1.43673E-12
28	66	0	2.83968E-7	1.81739E-7	28	67	0	1.42984E-6	9.15096E-7
28	68	0	3.71958E-6	2.38053E-6	28	69	0	7.30917E-6	4.67787E-6
28	70	0	1.28685E-5	8.23587E-6	28	71	0	1.58082E-5	1.01173E-5
28	72	0	1.31585E-5	8.42145E-6	28	73	0	9.99887E-6	6.39927E-6
28	74	0	4.4095E-6	2.82208E-6	28	75	0	1.48983E-6	9.53492E-7
28	76	0	3.19964E-7	2.04777E-7	28	77	0	5.40711E-8	3.46055E-8
28	78	0	5.33715E-9	3.41578E-9	28	79	0	1.9338E-10	1.23763E-10
28	80	0	1.85979E-11	1.19027E-11	28	82	0	1.01988E-14	6.52726E-15
29	66	0	6.40927E-9	4.10194E-9	29	67	0	7.22918E-8	4.62668E-8
29	68	0	7.69913E-8	4.92744E-8	29	68	1	3.5096E-7	2.24615E-7
29	69	0	1.85979E-6	1.19027E-6	29	70	0	1.06988E-6	6.84722E-7
29	70	1	6.07931E-6	3.89076E-6	29	71	0	1.89778E-5	1.21458E-5
29	72	0	3.42261E-5	2.19047E-5	29	73	0	5.71235E-5	3.65591E-5
29	74	0	5.64836E-5	3.61495E-5	29	75	0	4.3795E-5	2.80288E-5
29	76	0	2.25974E-5	1.44624E-5	29	77	0	9.35894E-6	5.98972E-6
29	78	0	2.34973E-6	1.50383E-6	29	79	0	4.59754E-7	2.94243E-7
29	80	0	5.51937E-8	3.5324E-8	29	81	0	3.46961E-9	2.22055E-9
29	82	0	2.20975E-10	1.41424E-10	29	83	0	1.85393E-11	1.18651E-11
30	66	0	1.38984E-11	8.89499E-12	30	67	0	3.61959E-10	2.31654E-10
30	68	0	5.40939E-9	3.46201E-9	30	69	0	6.09931E-9	3.90356E-9
30	69	1	4.93944E-8	3.16124E-8	30	70	0	4.90944E-7	3.14204E-7
30	71	0	3.21964E-7	2.06057E-7	30	71	1	2.6097E-6	1.67021E-6
30	72	0	1.16487E-5	7.45516E-6	30	73	0	4.21752E-5	2.69921E-5
30	74	0	9.00598E-5	5.76383E-5	30	75	0	1.51883E-4	9.7205E-5
30	76	0	1.7711E-4	1.1335E-4	30	77	0	1.69751E-4	1.0864E-4
30	78	0	1.03498E-4	6.62389E-5	30	79	0	5.01843E-5	3.2118E-5
30	80	0	1.52283E-5	9.7461E-6	30	81	0	2.50972E-6	1.60622E-6
30	82	0	4.23952E-7	2.71329E-7	30	83	0	4.40765E-8	2.82089E-8
30	84	0	2.23975E-9	1.43344E-9	30	85	0	1.02155E-10	6.53793E-11
30	86	0	1.08988E-12	6.97521E-13	31	67	0	1.7898E-13	1.14547E-13
31	68	0	6.63925E-12	4.24912E-12	31	69	0	1.66981E-10	1.06868E-10
31	70	0	3.57959E-9	2.29094E-9	31	71	0	5.08942E-8	3.25723E-8
31	72	1	2.35973E-7	1.51023E-7	31	72	0	2.35973E-7	1.51023E-7
31	73	0	3.90956E-6	2.50212E-6	31	74	1	9.32394E-6	5.96732E-6
31	74	0	9.32394E-6	5.96732E-6	31	75	0	6.88422E-5	4.4059E-5
31	76	0	1.7718E-4	1.13395E-4	31	77	0	3.74828E-4	2.3989E-4
31	78	0	5.21461E-4	3.33735E-4	31	79	0	5.89983E-4	3.77589E-4
31	80	0	4.28491E-4	2.74235E-4	31	81	0	1.7734E-4	1.13498E-4
31	82	0	7.69213E-5	4.92296E-5	31	83	0	2.13776E-5	1.36816E-5
31	84	0	2.86967E-6	1.83659E-6	31	85	0	2.4287E-7	1.55437E-7
31	86	0	1.04988E-8	6.71924E-9	31	87	0	3.82977E-10	2.45105E-10
31	88	0	3.02682E-11	1.93716E-11	32	69	0	4.64947E-14	2.97566E-14
32	70	0	2.47972E-12	1.58702E-12	32	71	0	4.35951E-11	2.79008E-11
32	71	1	4.35951E-11	2.79008E-11	32	72	0	1.96978E-9	1.26066E-9
32	73	0	3.5296E-8	2.25894E-8	32	73	1	4.35951E-9	2.79008E-9
32	74	0	4.4395E-7	2.84128E-7	32	75	0	3.03966E-7	1.94538E-7
32	75	1	3.4996E-6	2.23975E-6	32	76	0	2.26274E-5	1.44816E-5
32	77	0	1.00609E-4	6.43895E-5	32	77	1	7.56914E-6	4.84425E-6
32	78	0	3.40891E-4	2.1817E-4	32	79	1	4.33666E-4	2.77546E-4
32	79	0	4.33666E-4	2.77546E-4	32	80	0	0.001419	9.08159E-4
32	81	0	0.00138429	8.85948E-4	32	82	0	0.00145299	9.29911E-4
32	83	0	0.00102841	6.58185E-4	32	84	0	3.5168E-4	2.25075E-4
32	85	0	7.89011E-5	5.04967E-5	32	86	0	9.20896E-6	5.89373E-6
32	87	0	9.10514E-7	5.82729E-7	32	88	0	7.19616E-8	4.60554E-8
32	89	0	2.10196E-9	1.34525E-9	32	90	0	2.70722E-10	1.73262E-10
33	71	0	1.35985E-14	8.70301E-15	33	72	0	7.69913E-13	4.92744E-13
33	73	0	3.83956E-11	2.45732E-11	33	74	0	1.89978E-10	1.21586E-10
33	74	1	8.66902E-10	5.54817E-10	33	75	0	2.19975E-8	1.40784E-8
33	76	0	3.20964E-7	2.05417E-7	33	77	0	3.67958E-6	2.35493E-6
33	78	0	2.78068E-5	1.77964E-5	33	79	0	1.65241E-4	1.05754E-4
33	80	0	6.2044E-4	3.97081E-4	33	81	0	0.0016751	0.00107206
33	82	0	0.00167502	0.00107201	33	82	1	0.00167554	0.00107235
33	83	0	0.00562858	0.00360229	33	84	1	0.00230029	0.00147219
33	84	0	0.00230029	0.00147219	33	85	0	0.00259346	0.00165981
33	86	0	7.80921E-4	4.9979E-4	33	87	0	2.03647E-4	1.30334E-4
33	88	0	4.31651E-5	2.76257E-5	33	89	0	4.99733E-6	3.19829E-6
33	90	0	6.43633E-7	4.11925E-7	33	91	0	6.11249E-9	3.91199E-9
33	92	0	4.8345E-10	3.09408E-10	33	93	0	2.17991E-11	1.39514E-11
34	74	0	2.30974E-13	1.47823E-13	34	75	0	1.19986E-11	7.67913E-12
34	76	0	4.4295E-10	2.83488E-10	34	77	0	1.01988E-9	6.52726E-10
34	77	1	1.17987E-8	7.55114E-9	34	78	0	2.43972E-7	1.56142E-7
34	79	0	3.34962E-6	2.14376E-6	34	79	1	2.51971E-7	1.61262E-7
34	80	0	3.27863E-5	2.09832E-5	34	81	0	1.42084E-5	9.09337E-6
34	81	1	1.63371E-4	1.04558E-4	34	82	0	0.00100795	6.45085E-4
34	83	0	0.00352177	0.00225393	34	83	1	4.3935E-4	2.81184E-4
34	84	0	0.0071897	0.0046014	34	85	0	0.00498738	0.00319193
34	85	1	0.00495425	0.00317072	34	86	0	0.00722933	0.00462677
34	87	0	0.00469875	0.0030072	34	88	0	0.00254344	0.0016278
34	89	0	7.53265E-4	4.82089E-4	34	90	0	1.434E-4	9.17759E-5
34	91	0	1.45322E-5	9.30063E-6	34	92	0	1.14939E-6	7.35607E-7
34	93	0	5.18266E-8	3.3169E-8	34	94	0	2.30974E-9	1.47823E-9
34	95	0	2.20396E-10	1.41054E-10	34	96	0	8.97898E-13	5.74655E-13
35	77	0	5.76935E-13	3.69238E-13	35	77	1	3.5496E-12	2.27174E-12
35	78	0	2.03977E-10	1.30545E-10	35	79	0	1.08988E-9	6.97521E-10
35	79	1	6.69924E-9	4.28751E-9	35	80	0	2.71969E-8	1.7406E-8
35	80	1	1.53983E-7	9.85488E-8	35	81	0	2.87967E-6	1.84299E-6
35	82	0	3.80757E-5	2.28454E-6	35	82	1	8.35905E-6	5.01543E-7
35	83	0	3.55E-4	2.272E-4	35	84	0	3.48541E-4	2.23066E-4
35	84	1	0.00123575	7.9088E-4	35	85	0	0.00501181	0.00320756
35	86	0	0.00426438	0.0027292	35	86	1	0.00426208	0.00272773
35	87	0	0.011362	0.00363583	35	88	0	0.0162937	0.00374756
35	89	0	0.01198	0.00383361	35	90	0	0.0056598	0.00362227
35	91	0	0.00148025	9.47361E-4	35	92	0	3.02976E-4	1.93904E-4
35	93	0	1.15468E-5	7.38998E-6	35	94	0	4.22952E-6	2.70689E-6
35	95	0	5.23985E-7	3.3535E-7	35	96	0	1.15987E-8	7.42316E-9
35	97	0	4.49819E-10	2.87884E-10	35	98	0	2.71573E-11	1.73807E-11
36	78	0	1.53983E-14	9.85488E-15	36	79	1	7.74912E-13	4.95944E-13
36	79	0	7.74912E-13	4.95944E-13	36	80	0	9.41893E-11	6.02812E-11
36	81	0	3.69958E-9	2.36773E-9	36	81	1	2.77968E-10	1.779E-10
36	82	0	9.23895E-8	5.91293E-8	36	83	0	2.95966E-6	1.89419E-6
36	83	1	3.65959E-7	2.34213E-7	36	84	0	3.85856E-5	2.46948E-5
36	85	0	2.74289E-4	1.75545E-4	36	85	1	3.38962E-5	2.16935E-5
36	86	0	0.00129058	8.25974E-4	36	87	0	0.00733591	0.00168726
36	88	0	0.0132244	0.0021159	36	89	0	0.0227889	0.00250678
36	90	0	0.0249567	0.00798616	36	91	0	0.0164887	0.00131909
36	92	0	0.00825038	9.07541E-4	36	93	0	0.0020573	2.26303E-4
36	94	0	7.32337E-4	4.68696E-4	36	95	0	1.16743E-4	7.47152E-5
36	96	0	1.35285E-5	8.65822E-6	36	97	0	1.06943E-6	6.84435E-7
36	98	0	6.45655E-8	4.13219E-8	36	99	0	1.41965E-9	9.08574E-10
36	100	0	5.35939E-11	3.43001E-11	37	81	0	4.98943E-13	3.19324E-13
37	83	0	3.06965E-9	1.96458E-9	37	84	0	9.39893E-8	6.01532E-8
37	85	0	1.99977E-6	1.27985E-6	37	86	1	7.8991E-7	5.05543E-7
37	86	0	7.8991E-7	5.05543E-7	37	87	0	2.04007E-4	1.30564E-4
37	88	0	0.00154682	9.89968E-4	37	89	0	0.00591892	0.00378811
37	90	0	0.00168156	0.0010762	37	90	1	0.0135257	0.00432823
37	91	0	0.0252245	0.00807183	37	92	0	0.0293244	0.00938379
37	93	0	0.0220189	0.00704606	37	94	0	0.013275	0.004248
37	95	0	0.00527249	0.0033744	37	96	0	0.00151014	9.66489E-4
37	97	0	3.01186E-4	1.92759E-4	37	98	0	4.56848E-5	2.92383E-5
37	99	0	3.37516E-6	2.1601E-6	37	100	0	2.44972E-7	1.56782E-7
37	101	0	5.02368E-9	3.21515E-9	37	102	0	4.49819E-10	2.87884E-10
37	103	0	8.1709E-11	5.22938E-11	38	83	0	2.55971E-13	1.63821E-13
38	84	0	2.10976E-11	1.35025E-11	38	85	1	6.1493E-10	3.93555E-10
38	85	0	6.1493E-10	3.93555E-10	38	86	0	3.65959E-8	2.34213E-8
38	87	0	8.12908E-7	5.20261E-7	38	87	1	1.00989E-7	6.46327E-8
38	88	0	1.82579E-5	1.16851E-5	38	89	0	1.7641E-4	1.12902E-4
38	90	0	0.00112372	7.19182E-4	38	91	0	0.00506547	0.0032419
38	92	0	0.0125166	0.00400532	38	93	0	0.0237752	0.00760807
38	94	0	0.0291975	0.00934321	38	95	0	0.0270648	0.00866075
38	96	0	0.0181123	0.00579593	38	97	0	0.00866468	0.00554539
38	98	0	0.00315493	0.00201916	38	99	0	7.51978E-4	4.81266E-4
38	100	0	1.03038E-4	6.59445E-5	38	101	0	1.19436E-5	7.64392E-6
38	102	0	1.06943E-6	6.84435E-7	38	103	0	1.9426E-7	1.24327E-7
38	104	0	6.46927E-9	4.14033E-9	38	105	0	4.35155E-10	2.78499E-10
38	106	0	9.14246E-11	5.85118E-11	39	85	0	6.77923E-14	4.33871E-14
39	87	0	3.82957E-10	2.45092E-10	39	88	0	2.08976E-8	1.33745E-8
39	89	0	5.71935E-8	3.66039E-8	39	89	1	4.62948E-7	2.96286E-7
39	90	1	5.06943E-6	3.24443E-6	39	90	0	5.06943E-6	3.24443E-6
39	91	1	4.53549E-5	2.90271E-5	39	91	0	4.53549E-5	2.90271E-5
39	92	0	3.95245E-4	2.52957E-4	39	93	1	0.00147846	9.46216E-4
39	93	0	0.00147846	9.46216E-4	39	94	0	0.00844343	0.0054038
39	95	0	0.0180276	0.00576882	39	96	0	0.00163268	0.00104492
39	96	1	0.0255789	0.00818526	39	97	1	0.0147208	0.00942132
39	97	0	0.0147208	0.00942132	39	98	0	0.0121024	0.00387277
39	98	1	0.0121019	0.00387261	39	99	0	0.0133995	0.00428782
39	100	0	0.00433092	0.00277179	39	101	0	0.00118898	7.60944E-4
39	102	0	2.55461E-4	1.63495E-4	39	103	0	4.32807E-5	2.76997E-5
39	104	0	7.18919E-6	4.60108E-6	39	105	0	1.03457E-6	6.62122E-7
39	106	0	2.17359E-7	1.3911E-7	39	107	0	9.8701E-10	6.31686E-10
39	108	0	2.56859E-10	1.6439E-10	39	109	0	4.26586E-11	2.73015E-11
40	87	0	1.42984E-14	9.15096E-15	40	88	0	2.15976E-12	1.38224E-12
40	89	0	1.44984E-10	9.27895E-11	40	90	1	3.22963E-9	2.06697E-9
40	90	0	3.22963E-9	2.06697E-9	40	91	0	1.84979E-7	1.18387E-7
40	92	0	3.39961E-6	2.17575E-6	40	93	0	3.84256E-5	2.45924E-5
40	94	0	2.87887E-4	1.84248E-4	40	95	0	0.0015124	9.67935E-4
40	96	0	0.00529378	0.00338802	40	97	0	0.013066	0.00418113
40	98	0	0.0236991	0.00758372	40	99	0	0.0289826	0.00927444
40	100	0	0.0209298	0.00669754	40	101	0	0.012827	0.00410464
40	102	0	0.00629694	0.00403004	40	103	0	0.00244847	0.00156702
40	104	0	7.66133E-4	4.90325E-4	40	105	0	2.30499E-4	1.47519E-4
40	106	0	4.8427E-5	3.09933E-5	40	107	0	2.34658E-6	1.50181E-6
40	108	0	6.10674E-7	3.90831E-7	40	109	0	1.01419E-7	6.49083E-8
40	110	0	2.6197E-9	1.67661E-9	40	111	0	1.39777E-10	8.94574E-11
40	112	0	2.10662E-11	1.34824E-11	41	90	0	4.31951E-13	2.76449E-13
41	91	0	3.41961E-11	2.18855E-11	41	92	0	1.68981E-9	1.08148E-9
41	93	0	4.50949E-8	2.88607E-8	41	93	1	5.56937E-9	3.5644E-9
41	94	0	7.37916E-7	4.72266E-7	41	94	1	2.58971E-7	1.65741E-7
41	95	0	1.18487E-5	7.58314E-6	41	95	1	1.45983E-6	9.34294E-7
41	96	0	3.5156E-5	2.81248E-6	41	97	0	0.00336245	0.00215197
41	97	1	4.15583E-4	2.65973E-4	41	98	0	0.00252147	0.00161374
41	98	1	4.451E-4	2.84864E-4	41	99	0	6.55676E-4	4.19632E-4
41	99	1	0.00753976	0.00482544	41	100	0	0.00656906	0.0042042
41	100	1	0.00656906	0.0042042	41	101	0	0.0173879	0.00556412
41	102	1	0.00926042	0.00592667	41	102	0	0.00926042	0.00592667
41	103	0	0.0155345	0.00497105	41	104	1	0.00440702	0.00282049
41	104	0	0.00440702	0.00282049	41	105	0	0.00429047	0.0027459
41	106	0	0.00191198	0.00122367	41	107	0	5.22813E-4	3.346E-4
41	108	0	1.24386E-4	7.9607E-5	41	109	0	2.2596E-5	1.44614E-5
41	110	0	2.97966E-6	1.90698E-6	41	111	0	3.32316E-7	2.12682E-7
41	112	0	5.00841E-8	3.20538E-8	41	113	0	3.93004E-10	2.51522E-10
41	114	0	5.21285E-11	3.33623E-11	42	92	0	7.46915E-14	4.78026E-14
42	93	1	3.02966E-12	1.93898E-12	42	93	0	3.02966E-12	1.93898E-12
42	94	0	3.20964E-10	2.05417E-10	42	95	0	1.13987E-8	7.29517E-9
42	96	0	1.60982E-7	1.03028E-7	42	97	0	4.23952E-6	2.71329E-6
42	98	0	4.10953E-5	2.6301E-5	42	99	0	2.72719E-4	1.7454E-4
42	100	0	0.0010263	6.56834E-4	42	101	0	0.0030466	0.00194983
42	102	0	0.00712788	0.00456184	42	103	0	0.012693	0.00406177
42	104	0	0.0126845	0.00405903	42	105	0	0.0101224	0.00647832
42	106	0	0.00868032	0.0055554	42	107	0	0.00509085	0.00325815
42	108	0	0.00262858	0.00168229	42	109	0	0.0010916	6.98622E-4
42	110	0	3.25083E-4	2.08053E-4	42	111	0	7.40391E-5	4.7385E-5
42	112	0	1.11586E-5	7.14152E-6	42	113	0	9.34353E-7	5.97986E-7
42	114	0	1.23934E-7	7.93176E-8	42	115	0	6.27626E-10	4.0168E-10
42	116	0	3.92955E-10	2.51491E-10	42	117	0	5.21675E-11	3.33872E-11
43	95	0	7.87911E-13	5.04263E-13	43	95	1	9.7389E-14	6.23289E-14
43	97	1	1.12987E-9	7.23118E-10	43	97	0	1.12987E-9	7.23118E-10
43	98	0	5.54937E-8	3.5516E-8	43	99	0	8.14908E-7	5.21541E-7
43	99	1	1.00989E-7	6.46327E-8	43	100	0	8.58903E-6	5.49698E-6
43	101	0	6.06131E-5	3.87924E-5	43	102	0	1.65141E-4	1.0569E-4
43	102	1	1.65141E-4	1.0569E-4	43	103	0	0.00131063	8.38804E-4
43	104	0	0.00236864	0.00151593	43	105	0	0.00406202	0.00259969
43	106	0	0.00509472	0.00326062	43	107	0	0.0062361	0.00399111
43	108	0	0.00669701	0.00428609	43	109	0	0.00597974	0.00382704
43	110	0	0.00382151	0.00244576	43	111	0	0.00195885	0.00125366
43	112	0	6.91372E-4	4.42478E-4	43	113	0	2.08172E-4	1.3323E-4
43	114	0	4.23052E-5	2.70753E-5	43	115	0	1.49216E-6	9.549821E-7
43	116	0	7.55914E-7	4.83785E-7	43	117	0	1.24026E-7	7.93769E-8
43	118	0	1.66895E-9	1.06813E-9	43	119	0	1.70679E-10	1.09235E-10
43	120	0	1.36207E-11	8.71724E-12	44	97	0	1.07988E-13	6.91122E-14
44	98	0	6.79923E-12	4.35151E-12	44	99	0	2.87967E-10	1.84299E-10
44	100	0	6.86922E-9	4.3963E-9	44	101	0	1.18987E-7	7.61514E-8
44	102	0	1.58982E-6	1.01748E-6	44	103	0	1.47783E-5	9.45813E-6
44	104	0	5.04243E-5	3.22715E-5	44	105	0	9.90988E-5	6.34232E-5
44	106	0	3.75367E-4	2.40235E-4	44	107	0	9.837491E-4	6.29599E-4
44	108	0	0.00223224	0.00142863	44	109	1	0.00211878	0.00135602
44	109	0	0.00211878	0.00135602	44	110	0	0.00561834	0.00359574
44	111	0	0.00612807	0.00392196	44	112	0	0.00477226	0.00305425
44	113	0	0.00318548	0.00203871	44	114	0	0.00145424	9.30711E-4
44	115	0	3.32449E-4	2.12768E-4	44	116	0	1.37014E-4	8.76893E-5
44	117	0	2.76328E-5	1.7685E-5	44	118	0	3.96788E-6	2.53944E-6
44	119	0	4.05783E-7	2.59701E-7	44	120	0	3.23827E-8	2.07249E-8
44	121	0	9.20657E-10	5.89221E-10	44	122	0	6.40927E-11	4.10194E-11
44	124	0	3.10965E-14	1.99017E-14	45	101	0	2.36973E-12	1.51663E-12
45	101	1	1.91978E-11	1.22866E-11	45	102	0	3.5696E-10	2.28454E-10
45	102	1	3.5696E-10	2.28454E-10	45	103	0	1.36984E-10	4.3835E-11
45	103	1	1.57982E-9	1.01109E-9	45	104	0	1.59982E-8	1.02388E-8
45	104	1	9.06897E-8	5.80414E-8	45	105	0	4.07954E-8	1.30545E-8
45	105	1	3.5496E-9	2.27174E-9	45	106	0	1.44984E-6	9.27895E-7
45	106	1	1.44984E-6	9.27895E-7	45	107	0	1.7488E-5	1.11923E-5
45	108	0	4.4345E-5	2.83808E-5	45	108	1	4.4345E-5	2.83808E-5
45	109	0	1.88409E-4	1.20582E-4	45	109	1	1.88409E-4	1.20582E-4
45	110	0	5.35159E-4	3.42502E-4	45	110	1	5.35159E-4	3.42502E-4
45	111	0	0.00250659	0.00160421	45	112	0	0.00480174	0.00307311
45	113	0	0.00599741	0.00383834	45	114	0	0.00582878	0.00373042
45	115	0	0.00290992	0.00186235	45	116	0	0.00259515	0.00166089
45	117	0	0.00116685	7.46783E-4	45	118	0	3.85666E-4	2.46826E-4
45	119	0	9.27595E-5	5.93661E-5	45	120	0	1.7258E-5	1.10451E-5
45	121	0	2.18883E-6	1.40085E-6	45	122	0	2.03977E-7	1.30545E-7
45	123	0	1.31985E-8	8.44704E-9	45	124	0	6.22929E-10	3.98675E-10
45	125	0	3.69524E-11	2.36495E-11	46	102	0	2.86967E-14	1.83659E-14
46	103	0	1.58982E-12	1.01748E-12	46	104	0	2.06977E-11	1.32465E-11
46	105	0	1.51983E-10	9.7269E-11	46	106	0	2.14976E-9	1.37584E-9
46	107	0	6.42927E-9	4.11473E-9	46	107	1	2.41973E-8	1.54862E-8
46	108	0	3.61959E-7	2.31654E-7	46	109	0	7.59914E-7	4.86345E-7
46	109	1	2.85968E-6	1.83019E-6	46	110	0	2.32974E-5	1.49103E-5
46	111	0	2.6067E-5	1.66829E-5	46	111	1	9.80489E-5	6.27513E-5
46	112	0	4.75426E-4	3.04273E-4	46	113	0	0.00147909	9.46619E-4
46	114	0	0.00304743	0.00195036	46	115	0	0.00322128	0.00206162
46	116	0	0.00596971	0.00382062	46	117	0	0.00563896	0.00360894
46	118	0	0.00407252	0.00260641	46	119	0	0.00218785	0.00140023
46	120	0	9.08257E-4	5.81285E-4	46	121	0	2.6786E-4	1.7143E-4
46	122	0	6.04332E-5	3.86772E-5	46	123	0	9.53892E-6	6.10491E-6
46	124	0	1.11987E-6	7.16719E-7	46	125	0	8.78531E-8	5.6226E-8
46	126	0	6.78923E-9	4.34511E-9	46	127	0	3.91384E-10	2.50486E-10
46	128	0	5.74935E-11	3.67958E-11	46	130	0	3.95955E-14	2.53411E-14
47	106	0	2.58971E-14	1.65741E-14	47	106	1	1.17987E-13	7.55114E-14
47	107	0	3.91956E-13	2.50852E-13	47	107	1	4.50949E-12	2.88607E-12
47	108	1	6.89922E-11	4.4155E-11	47	108	0	6.89922E-11	4.4155E-11
47	109	1	1.64981E-9	1.05588E-9	47	109	0	1.64981E-9	1.05588E-9
47	110	0	9.07897E-9	5.81054E-9	47	110	1	4.13953E-8	2.6493E-8
47	111	0	5.10942E-8	3.27003E-8	47	111	1	5.87933E-7	3.76277E-7
47	112	0	6.1393E-6	3.92915E-6	47	113	0	3.32962E-6	2.13096E-6
47	113	1	3.82957E-5	2.45092E-5	47	114	0	1.95908E-4	1.25381E-4
47	115	0	2.28664E-4	1.46345E-4	47	115	1	2.28664E-4	1.46345E-4
47	116	0	8.97678E-4	5.74514E-4	47	116	1	8.97678E-4	5.74514E-4
47	117	0	0.00176985	0.0011327	47	117	1	0.00176985	0.0011327
47	118	0	0.00270491	0.00173114	47	118	1	0.00270491	0.00173114
47	119	0	0.00617606	0.00395268	47	120	1	0.00270529	0.00173139
47	120	0	0.00270529	0.00173139	47	121	0	0.00350687	0.0022444
47	122	1	9.08967E-4	5.81739E-4	47	122	0	9.08967E-4	5.81739E-4
47	123	0	6.73774E-4	4.31215E-4	47	124	0	1.88769E-4	1.20812E-4
47	125	0	3.61159E-5	2.31142E-5	47	126	0	6.85922E-6	4.3899E-6
47	127	0	9.30503E-7	5.95522E-7	47	128	0	2.27974E-7	1.45903E-7
47	129	0	8.63484E-9	5.5263E-9	47	130	0	9.40893E-10	6.02172E-10
47	131	0	5.8014E-11	3.7129E-11	48	109	0	2.73969E-13	1.7534E-13
48	110	0	9.99887E-12	6.39927E-12	48	111	0	4.32951E-11	2.77089E-11
48	111	1	2.6597E-10	1.70221E-10	48	112	0	1.11987E-9	3.58359E-10
48	113	0	1.66981E-8	1.06868E-8	48	113	1	1.02988E-7	6.59125E-8
48	114	0	1.32985E-6	8.51104E-7	48	115	0	1.01988E-6	6.52726E-7
48	115	1	0.00399191	0.00127741	48	116	0	6.38528E-5	4.08658E-5
48	117	0	3.87156E-5	2.4778E-5	48	117	1	2.37803E-4	1.52194E-4
48	118	0	9.28205E-4	5.94051E-4	48	119	0	0.00114072	7.30061E-4
48	119	1	0.00114072	7.30061E-4	48	120	0	0.00416002	0.00266241
48	121	1	0.00276187	0.00176759	48	121	0	0.00276187	0.00176759
48	122	0	0.00643488	0.00411832	48	123	0	0.00527991	0.00337914
48	124	0	0.00334863	0.00214312	48	125	0	0.00148437	9.49998E-4
48	126	0	6.66814E-4	4.26761E-4	48	127	0	2.03187E-4	1.3004E-4
48	128	0	8.31006E-5	5.31844E-5	48	129	0	2.0529E-5	1.31386E-5
48	130	0	1.98977E-6	1.27346E-6	48	131	0	1.37926E-7	8.82729E-8
48	132	0	5.33939E-9	3.41721E-9	48	133	0	2.19024E-10	1.40175E-10
48	134	0	2.05977E-12	1.31825E-12	49	111	0	1.33985E-14	8.57503E-15
49	112	0	8.789E-14	5.62496E-14	49	112	1	7.10919E-13	4.54988E-13
49	113	0	2.85968E-11	1.83019E-11	49	113	1	3.5296E-12	2.25894E-12
49	114	0	1.28985E-10	8.25506E-11	49	114	1	7.30917E-10	4.67787E-10
49	115	0	1.00989E-8	6.46327E-9	49	115	1	1.23986E-9	7.9351E-10
49	116	2	7.73246E-8	4.94877E-8	49	116	0	7.73246E-8	4.94877E-8
49	116	1	7.73246E-8	4.94877E-8	49	117	0	2.05977E-6	1.31825E-6
49	117	1	2.54971E-7	1.63182E-7	49	118	2	1.35485E-6	8.67102E-7
49	118	0	1.53483E-5	9.82289E-6	49	118	1	1.35485E-6	8.67102E-7
49	119	0	9.00398E-5	5.76255E-5	49	119	1	1.11287E-5	7.12239E-6
49	120	2	1.34285E-4	8.59423E-5	49	120	0	1.34285E-4	8.59423E-5
49	120	1	1.34285E-4	8.59423E-5	49	121	0	0.00107393	6.87314E-4
49	121	1	1.32735E-4	8.49504E-5	49	122	2	7.44316E-4	4.76362E-4
49	122	0	0.00148857	9.52686E-4	49	122	1	7.44316E-4	4.76362E-4
49	123	0	0.00470112	0.00300872	49	123	1	5.81034E-4	3.71862E-4
49	124	1	0.00362257	0.00231844	49	124	0	0.00362257	0.00231844
49	125	0	0.00351275	0.00224816	49	125	1	0.00351275	0.00224816
49	126	1	0.00352065	0.00225322	49	126	0	0.00352065	0.00225322
49	127	0	0.00229314	0.00146761	49	127	1	0.00229314	0.00146761
49	128	1	0.00152718	9.77393E-4	49	128	0	0.00152718	9.77393E-4
49	129	0	8.13158E-4	5.20421E-4	49	129	1	8.13158E-4	5.20421E-4
49	130	2	1.32152E-4	8.45771E-5	49	130	1	1.32152E-4	8.45771E-5
49	130	0	1.32152E-4	8.45771E-5	49	131	1	3.58109E-5	2.2919E-5
49	131	0	3.58109E-5	2.2919E-5	49	132	0	7.52915E-6	4.81865E-6
49	133	0	5.20722E-7	3.33262E-7	49	134	0	2.24975E-8	1.43984E-8
49	135	0	7.10462E-10	4.54695E-10	49	136	0	1.32985E-11	8.51104E-12
50	114	0	4.96944E-14	3.18044E-14	50	115	0	1.59982E-12	1.02388E-12
50	116	0	7.82911E-11	5.01063E-11	50	117	1	9.24895E-10	5.91933E-10
50	117	0	9.24895E-10	5.91933E-10	50	118	0	3.47961E-8	2.22695E-8
50	119	0	6.48926E-8	4.15313E-8	50	119	1	3.98955E-7	2.55331E-7
50	120	0	4.23952E-6	2.71329E-6	50	121	0	5.2894E-6	3.38522E-6
50	121	1	2.40973E-5	1.54223E-5	50	122	0	1.67991E-4	1.07514E-4
50	123	0	5.53227E-4	3.54065E-4	50	123	1	1.21436E-4	7.77192E-5
50	124	0	0.00204822	0.00131086	50	125	0	0.00494631	0.00158282
50	125	1	7.77852E-4	4.97825E-4	50	126	0	0.00929389	0.00297404
50	127	0	0.0101894	0.00326062	50	127	1	0.00223671	0.00143149
50	128	1	0.00683895	0.00437693	50	128	0	0.00683895	0.00437693
50	129	0	0.0116209	0.00371867	50	129	1	0.00254885	0.00163126
50	130	1	0.00409792	0.00262267	50	130	0	0.00409792	0.00262267
50	131	1	0.00184263	0.00117928	50	131	0	0.00184263	0.00117928
50	132	0	0.00101042	6.46666E-4	50	133	0	1.90178E-4	1.21714E-4
50	134	0	2.22275E-5	1.42256E-5	50	135	0	1.6891E-6	1.08102E-6
50	136	0	9.16896E-8	5.86813E-8	50	137	0	3.15964E-9	2.02217E-9
50	138	0	1.07988E-10	6.91122E-11	51	117	0	1.32985E-13	8.51104E-14
51	118	0	1.58982E-12	1.01748E-12	51	118	1	4.52949E-12	2.89887E-12
51	119	0	1.98977E-10	1.27346E-10	51	120	0	1.11987E-9	7.16719E-10
51	120	1	3.18964E-9	2.04137E-9	51	121	0	7.15919E-8	4.58188E-8
51	122	0	2.97966E-7	1.90698E-7	51	122	1	6.95921E-7	4.4539E-7
51	123	0	9.55892E-6	6.11771E-6	51	124	2	2.27174E-5	1.45392E-5
51	124	0	2.27174E-5	1.45392E-5	51	124	1	2.27174E-5	1.45392E-5
51	125	0	3.30373E-4	2.11438E-4	51	126	2	3.40056E-4	2.17636E-4
51	126	0	9.01548E-4	5.76991E-4	51	126	1	3.40056E-4	2.17636E-4
51	127	0	0.00440571	0.00281965	51	128	0	0.00412608	0.00264069
51	128	1	0.00309399	0.00198015	51	129	0	0.0156872	0.00360807
51	130	0	0.0116621	0.00373188	51	130	1	0.00879769	0.00563052
51	131	0	0.0214981	0.00687939	51	132	0	0.00562512	0.00360008
51	132	1	0.00879827	0.00563089	51	133	0	0.00698851	0.00447265
51	134	1	0.00105623	6.75987E-4	51	134	0	0.00105623	6.75987E-4
51	135	0	4.14583E-4	2.65333E-4	51	136	0	5.75835E-5	3.68534E-5
51	137	0	5.14942E-6	3.29563E-6	51	138	0	4.3695E-7	2.79648E-7
51	139	0	2.40973E-8	1.54223E-8	51	140	0	4.62431E-10	2.95956E-10
51	141	0	4.97621E-11	3.18477E-11	52	120	0	3.94955E-13	2.52771E-13
52	121	1	8.04909E-12	5.15142E-12	52	121	0	8.04909E-12	5.15142E-12
52	122	0	5.55937E-10	3.558E-10	52	123	0	1.84979E-9	1.18387E-9
52	123	1	1.13987E-8	7.29517E-9	52	124	0	2.30974E-7	1.47823E-7
52	125	0	3.77957E-7	2.41893E-7	52	125	1	2.31974E-6	1.48463E-6
52	126	0	3.07665E-5	1.96906E-5	52	127	0	3.32462E-5	2.12776E-5
52	127	1	1.51473E-4	9.69426E-5	52	128	0	4.96744E-4	3.17916E-4
52	129	0	4.00915E-4	2.56585E-4	52	129	1	0.00182638	0.00116889
52	130	0	0.00668176	0.00427633	52	131	0	0.00291557	0.00186596
52	131	1	0.0116438	0.00372601	52	132	0	0.0254559	0.00407295
52	133	0	0.00536642	0.00343451	52	133	1	0.0244472	0.0078231
52	134	0	0.0218108	0.00697945	52	135	0	0.0104418	0.00334137
52	136	0	0.00355007	0.00227204	52	137	0	7.9294E-4	5.07482E-4
52	138	0	1.63491E-4	1.04635E-4	52	139	0	2.20975E-5	1.41424E-5
52	140	0	1.09941E-6	7.03624E-7	52	141	0	1.18308E-7	7.57168E-8
52	142	0	5.52937E-9	3.5388E-9	52	143	0	3.30388E-10	2.11448E-10
53	123	0	1.65981E-12	1.06228E-12	53	125	0	2.10976E-9	1.35025E-9
53	126	0	5.91933E-8	3.78837E-8	53	127	0	8.07908E-7	5.17061E-7
53	128	0	3.61959E-6	2.31654E-6	53	129	0	3.5346E-5	2.26214E-5
53	130	0	2.12876E-4	1.36241E-4	53	130	1	4.67247E-5	2.99038E-5
53	131	0	0.00120157	7.69007E-4	53	132	1	0.00389868	0.00249516
53	132	0	0.00389868	0.00249516	53	133	1	0.00828325	0.00530128
53	133	0	0.00828325	0.00530128	53	134	0	0.0109258	0.00349627
53	134	1	0.0173374	0.00398761	53	135	0	0.0313418	0.00501469
53	136	0	0.0122533	0.00392105	53	136	1	0.0122428	0.00391771
53	137	0	0.0128895	0.00412463	53	138	0	0.00510956	0.00327012
53	139	0	0.0019607	0.00125485	53	140	0	2.34403E-4	1.50018E-4
53	141	0	2.63586E-5	1.68695E-5	53	142	0	7.25918E-6	4.64587E-6
53	143	0	7.85485E-7	5.02711E-7	53	144	0	7.68476E-9	4.91824E-9
53	145	0	5.92752E-10	3.79361E-10	53	146	0	2.55178E-11	1.63314E-11
54	125	1	7.39916E-14	4.73546E-14	54	125	0	7.39916E-14	4.73546E-14
54	126	0	1.03988E-11	6.65525E-12	54	127	1	1.65481E-10	1.05908E-10
54	127	0	1.65481E-10	1.05908E-10	54	128	0	2.50972E-9	1.60622E-9
54	129	1	2.74969E-8	1.7598E-8	54	129	0	2.74969E-8	1.7598E-8
54	130	0	1.02988E-6	6.59125E-7	54	131	0	1.98977E-6	1.27346E-6
54	131	1	9.08897E-6	5.81694E-6	54	132	0	1.63182E-4	1.04436E-4
54	133	0	3.01446E-4	1.92925E-4	54	133	1	0.0014175	9.072E-4
54	134	0	8.59563E-4	5.5012E-4	54	134	1	0.00391578	0.0025061
54	135	0	0.00454019	7.2643E-4	54	135	1	0.00995953	0.00318705
54	136	0	0.0217126	0.00694805	54	137	0	0.0267851	0.00294636
54	138	0	0.0264545	0.00290999	54	139	0	0.0187674	0.00206442
54	140	0	0.00912556	5.47533E-4	54	141	0	0.00260497	2.86547E-4
54	142	0	9.08717E-4	5.81579E-4	54	143	1	8.75021E-5	5.60014E-5
54	143	0	8.75021E-5	5.60014E-5	54	144	0	1.82702E-5	1.1693E-5
54	145	0	1.40925E-6	9.01918E-7	54	146	0	6.06676E-8	3.88273E-8
54	147	0	6.0951E-10	3.90086E-10	54	148	0	2.6197E-11	1.67661E-11
55	127	0	1.20986E-14	7.74312E-15	55	129	0	7.79912E-12	4.99143E-12
55	131	0	1.09988E-8	7.0392E-9	55	132	0	4.3695E-7	2.79648E-7
55	133	0	8.32906E-6	5.3306E-6	55	134	1	4.54099E-5	2.90623E-5
55	134	0	4.54099E-5	2.90623E-5	55	135	1	3.02661E-4	1.93703E-4
55	135	0	3.02661E-4	1.93703E-4	55	136	1	0.00112988	7.23121E-4
55	136	0	0.00112988	7.23121E-4	55	137	0	0.00947521	0.00303207
55	138	0	0.00665282	0.0042578	55	138	1	0.00665282	0.0042578
55	139	0	0.02364	0.00756479	55	140	0	0.0260372	0.00833192
55	141	0	0.021953	0.00702494	55	142	0	0.013242	0.00423746
55	143	0	0.00565183	0.00361717	55	144	0	0.00148041	9.47464E-4
55	145	0	2.86618E-4	1.83435E-4	55	146	0	3.30663E-5	2.11624E-5
55	147	0	1.44909E-6	9.27417E-7	55	148	0	1.05988E-7	6.78323E-8
55	149	0	1.24856E-9	7.9908E-10	55	150	0	5.01943E-11	3.21244E-11
55	151	0	5.99475E-12	3.83664E-12	56	131	0	9.82889E-13	6.29049E-13
56	132	0	1.07988E-10	6.91122E-11	56	133	0	5.76935E-9	3.69238E-9
56	134	0	1.70981E-7	1.09428E-7	56	135	1	1.48983E-6	9.53492E-7
56	135	0	1.48983E-6	9.53492E-7	56	136	1	1.40534E-5	8.99418E-6
56	136	0	1.40534E-5	8.99418E-6	56	137	0	3.86756E-5	2.47524E-5
56	137	1	1.7619E-4	1.12762E-4	56	138	0	9.91098E-4	6.34303E-4
56	139	0	0.00381452	0.00244129	56	140	0	0.0095544	0.00429948
56	141	0	0.0183916	0.0058853	56	142	0	0.0226769	0.00725662
56	143	0	0.0212777	0.00680886	56	144	0	0.0131656	0.00421301
56	145	0	0.00605526	0.00387537	56	146	0	0.00178034	0.00113942
56	147	0	3.22854E-4	2.06626E-4	56	148	0	3.97155E-5	2.54179E-5
56	149	0	2.96841E-6	1.89979E-6	56	150	0	1.37984E-7	8.831E-8
56	151	0	1.42523E-8	9.12148E-9	56	152	0	1.13987E-10	7.29517E-11
56	153	0	4.24595E-12	2.71741E-12	56	154	0	1.95978E-14	1.25426E-14
57	133	0	3.58959E-13	2.29734E-13	57	135	0	1.36984E-9	8.76701E-10
57	137	0	6.61925E-7	4.23632E-7	57	138	0	7.38916E-6	4.72906E-6
57	139	0	6.66125E-5	4.2632E-5	57	140	0	3.33972E-4	2.13742E-4
57	141	0	0.0018618	0.00119155	57	142	0	0.00500781	0.003205
57	143	0	0.0104622	0.00334792	57	144	0	0.014868	0.00475777
57	145	0	0.0154316	0.0049381	57	146	1	0.00541535	0.00346582
57	146	0	0.00541535	0.00346582	57	147	0	0.00483427	0.00309393
57	148	0	0.00149248	9.55188E-4	57	149	0	2.88787E-4	1.84824E-4
57	150	0	3.5566E-5	2.27622E-5	57	151	0	3.17538E-6	2.03224E-6
57	152	0	2.08976E-7	1.33745E-7	57	153	0	1.00946E-8	6.46055E-9
57	154	0	2.59971E-10	1.66381E-10	57	155	0	6.7683E-12	4.33171E-12
58	135	0	5.64936E-14	3.61559E-14	58	137	0	1.88979E-10	1.20946E-10
58	138	0	5.24941E-9	3.35962E-9	58	139	0	2.09976E-8	1.34385E-8
58	139	1	9.56892E-8	6.12411E-8	58	140	0	1.63981E-6	1.04948E-6
58	141	0	1.7408E-5	1.11411E-5	58	142	0	1.21896E-4	7.80136E-5
58	143	0	6.30659E-4	4.03621E-4	58	144	0	0.00216257	0.00138405
58	145	0	0.00514435	0.00329238	58	146	0	0.00849782	0.0054386
58	147	0	0.00888512	0.00399831	58	148	0	0.006499	0.00415936
58	149	0	0.00304946	0.00195166	58	150	0	9.36634E-4	5.99446E-4
58	151	0	2.15006E-4	1.37604E-4	58	152	0	3.62259E-5	2.31846E-5
58	153	0	4.57948E-6	2.93087E-6	58	154	0	3.09965E-7	1.98378E-7
58	155	0	1.60914E-8	1.02985E-8	58	156	0	6.38928E-10	4.08914E-10
58	157	0	1.66981E-11	1.06868E-11	58	158	0	3.17964E-13	2.03497E-13
59	139	0	1.86979E-11	1.19666E-11	59	140	0	6.55926E-10	4.19792E-10
59	141	0	1.70981E-8	1.09428E-8	59	142	1	1.51983E-7	9.7269E-8
59	142	0	1.51983E-7	9.7269E-8	59	143	0	3.98955E-6	2.55331E-6
59	144	0	2.07976E-6	1.33105E-6	59	144	1	3.25863E-5	2.08552E-5
59	145	0	2.04337E-4	1.30776E-4	59	146	0	8.40695E-4	5.38045E-4
59	147	0	0.0021286	0.0013623	59	148	1	0.00184278	0.00117938
59	148	0	0.00184278	0.00117938	59	149	0	0.00408504	0.00261442
59	150	0	0.00293751	0.00188	59	151	0	0.00161502	0.00103361
59	152	0	6.56806E-4	4.20356E-4	59	153	0	2.05897E-4	1.31774E-4
59	154	0	3.5376E-5	2.26406E-5	59	155	0	4.53949E-6	2.90527E-6
59	156	0	4.62948E-7	2.96286E-7	59	157	0	3.05965E-8	1.95818E-8
59	158	0	1.44984E-9	9.27895E-10	59	159	0	3.73958E-11	2.39333E-11
59	160	0	8.46904E-13	5.42019E-13	59	161	0	4.49819E-14	2.87884E-14
60	140	0	2.32974E-14	1.49103E-14	60	141	0	1.52983E-12	9.79089E-13
60	142	0	6.98921E-11	4.47309E-11	60	143	0	2.38973E-9	1.52943E-9
60	144	0	5.51937E-8	3.5324E-8	60	145	0	8.33905E-7	5.337E-7
60	146	0	9.05897E-6	5.79774E-6	60	147	0	5.92833E-5	3.79413E-5
60	148	0	2.58451E-4	1.65408E-4	60	149	0	6.95041E-4	4.44826E-4
60	150	0	0.00119911	7.67433E-4	60	151	0	0.0015516	9.93027E-4
60	152	0	0.00145035	9.28221E-4	60	153	0	0.0010593	6.77952E-4
60	154	0	4.34171E-4	2.77869E-4	60	155	0	1.30705E-4	8.36513E-5
60	156	0	3.26963E-5	2.09256E-5	60	157	0	5.2994E-6	3.39162E-6
60	158	0	6.11931E-7	3.91636E-7	60	159	0	3.95955E-8	2.53411E-8
60	160	0	2.22975E-9	1.42704E-9	60	161	0	1.06943E-10	6.84435E-11
60	162	0	2.6697E-12	1.70861E-12	60	163	0	5.55937E-14	3.558E-14
61	143	0	1.28985E-13	8.25506E-14	61	144	0	8.01909E-12	5.13222E-12
61	145	0	3.17964E-10	2.03497E-10	61	146	0	9.41893E-9	6.02812E-9
61	147	0	1.65981E-7	1.06228E-7	61	148	0	1.23986E-8	7.9351E-9
61	148	1	9.41893E-8	6.02812E-8	61	149	0	1.35185E-5	8.65182E-6
61	150	0	9.02898E-6	5.77855E-6	61	151	0	1.89948E-4	1.21567E-4
61	152	2	1.39524E-4	8.92955E-5	61	152	0	1.39524E-4	8.92955E-5
61	152	1	1.39524E-4	8.92955E-5	61	153	0	7.0669E-4	4.52282E-4
61	154	0	3.32352E-4	2.12705E-4	61	154	1	3.32352E-4	2.12705E-4
61	155	0	4.4403E-4	2.84179E-4	61	156	0	2.56231E-4	1.63988E-4
61	157	0	9.61191E-5	6.15162E-5	61	158	0	2.57071E-5	1.64525E-5
61	159	0	4.02954E-6	2.57891E-6	61	160	0	5.45938E-7	3.494E-7
61	161	0	6.42927E-8	4.11473E-8	61	162	0	3.95955E-9	2.53411E-9
61	163	0	1.99977E-10	1.27985E-10	61	164	0	7.27918E-12	4.65867E-12
61	165	0	1.67981E-13	1.07508E-13	61	166	0	5.42305E-15	3.47075E-15
62	145	0	1.07988E-14	6.91122E-15	62	146	0	8.849E-13	5.66336E-13
62	147	0	4.30951E-11	2.75809E-11	62	148	0	1.36984E-9	8.76701E-10
62	149	0	2.6597E-8	1.70221E-8	62	150	0	3.05965E-7	1.95818E-7
62	151	0	2.56971E-6	1.64461E-6	62	152	0	1.42384E-5	9.11257E-6
62	153	0	5.88933E-5	3.76917E-5	62	154	0	1.32035E-4	8.45024E-5
62	155	0	1.97188E-4	1.262E-4	62	156	0	2.56341E-4	1.64058E-4
62	157	0	2.12236E-4	1.35831E-4	62	158	0	1.24236E-4	7.9511E-5
62	159	0	4.4455E-5	2.84512E-5	62	160	0	1.37584E-5	8.8054E-6
62	161	0	3.78957E-6	2.42533E-6	62	162	0	5.55937E-7	3.558E-7
62	163	0	6.63925E-8	4.24912E-8	62	164	0	5.93933E-9	3.80117E-9
62	165	0	3.38962E-10	2.16935E-10	62	166	0	1.28931E-11	8.25159E-12
62	167	0	4.46949E-13	2.86048E-13	62	169	0	5.33897E-16	3.41694E-16
63	149	0	4.68947E-12	3.00126E-12	63	151	0	3.38962E-9	2.16935E-9
63	152	2	1.64648E-8	1.05375E-8	63	152	0	1.64648E-8	1.05375E-8
63	152	1	1.64648E-8	1.05375E-8	63	153	0	5.02943E-7	3.21884E-7
63	154	1	1.50483E-6	9.63091E-7	63	154	0	1.50483E-6	9.63091E-7
63	155	0	1.06488E-5	6.81523E-6	63	156	0	3.27363E-5	2.09512E-5
63	157	0	6.12531E-5	3.9202E-5	63	158	0	7.79812E-5	4.99079E-5
63	159	0	6.1493E-5	3.93555E-5	63	160	0	4.13253E-5	2.64482E-5
63	161	0	2.50872E-5	1.60558E-5	63	162	0	8.28906E-6	5.305E-6
63	163	0	2.22975E-6	1.42704E-6	63	164	0	4.69947E-7	3.00766E-7
63	165	0	6.42927E-8	4.11473E-8	63	166	0	5.97932E-9	3.82677E-9
63	167	0	5.07942E-10	3.25083E-10	63	168	0	2.6697E-11	1.70861E-11
63	169	0	1.26932E-12	8.12366E-13	63	170	0	2.41973E-14	1.54862E-14
63	171	0	7.56705E-16	4.84291E-16	64	151	0	4.05954E-13	2.59811E-13
64	152	0	1.58982E-11	1.01748E-11	64	153	0	4.31951E-10	2.76449E-10
64	154	0	6.82923E-9	4.3707E-9	64	155	0	5.83934E-8	3.73718E-8
64	156	0	4.4095E-7	2.82208E-7	64	157	0	2.07976E-6	1.33105E-6
64	158	0	6.08931E-6	3.89716E-6	64	159	0	1.09988E-5	7.0392E-6
64	160	0	1.62282E-5	1.0386E-5	64	161	0	2.13376E-5	1.36561E-5
64	162	0	1.52283E-5	9.7461E-6	64	163	0	8.76901E-6	5.61216E-6
64	164	0	4.09954E-6	2.6237E-6	64	165	0	1.26986E-6	8.12708E-7
64	166	0	2.74969E-7	1.7598E-7	64	167	0	5.54937E-8	3.5516E-8
64	168	0	7.0192E-9	4.49229E-9	64	169	0	8.14908E-10	5.21541E-10
64	170	0	3.84956E-11	2.46372E-11	64	171	0	1.79904E-12	1.15139E-12
64	172	0	9.80889E-14	6.27769E-14	65	153	0	3.33962E-14	2.13736E-14
65	155	0	3.10965E-11	1.99017E-11	65	156	0	5.72935E-10	3.66678E-10
65	156	1	3.64959E-11	2.33574E-11	65	157	0	7.21918E-9	4.62028E-9
65	158	0	4.78946E-8	3.06525E-8	65	158	1	3.05965E-9	1.95818E-9
65	159	0	2.15976E-7	1.38224E-7	65	160	0	2.10976E-7	1.35025E-7
65	161	0	2.29974E-6	1.47183E-6	65	162	0	1.81979E-6	1.16467E-6
65	162	1	1.81979E-6	1.16467E-6	65	163	0	4.48949E-6	2.87327E-6
65	164	0	4.52949E-6	2.89887E-6	65	165	0	3.04965E-6	1.95178E-6
65	166	0	1.44984E-6	9.27895E-7	65	167	0	6.51926E-7	4.17233E-7
65	168	0	1.88979E-7	1.20946E-7	65	169	0	5.13942E-8	3.28923E-8
65	170	0	5.78934E-9	3.70518E-9	65	171	0	6.42927E-10	4.11473E-10
65	172	0	8.58903E-11	5.49698E-11	66	156	0	7.64913E-14	4.89545E-14
66	157	0	2.31974E-12	1.48463E-12	66	158	0	4.07954E-11	2.6109E-11
66	159	0	4.35951E-10	2.79008E-10	66	160	0	3.77957E-9	2.41893E-9
66	161	0	2.6697E-8	1.70861E-8	66	162	0	1.01988E-7	6.52726E-8
66	163	0	2.82968E-7	1.81099E-7	66	164	0	6.43927E-7	4.12113E-7
66	165	0	8.88899E-7	5.68896E-7	66	165	1	6.68924E-8	4.28111E-8
66	166	0	9.83888E-7	6.29689E-7	66	167	0	9.57891E-7	6.13051E-7
66	168	0	6.03932E-7	3.86516E-7	66	169	0	3.61959E-7	2.31654E-7
66	170	0	9.21896E-8	5.90013E-8	66	171	0	2.30974E-8	1.47823E-8
66	172	0	7.27918E-9	4.65867E-9	67	159	0	7.48915E-14	4.79306E-14
67	161	0	2.83968E-11	1.81739E-11	67	161	1	2.13976E-12	1.36944E-12
67	162	0	5.12942E-11	3.28283E-11	67	162	1	2.33973E-10	1.49743E-10
67	163	0	1.7498E-9	1.11987E-9	67	163	1	1.30985E-10	8.38305E-11
67	164	0	1.83979E-9	1.17747E-9	67	164	1	8.37905E-9	5.36259E-9
67	165	0	3.5496E-8	2.27174E-8	67	166	0	1.45983E-8	9.34294E-9
67	166	1	6.65925E-8	4.26192E-8	67	167	0	1.82979E-7	1.17107E-7
67	168	0	2.51971E-7	1.61262E-7	67	169	0	3.27963E-7	2.09896E-7
67	170	0	8.99898E-8	5.75935E-8	67	170	1	8.99898E-8	5.75935E-8
67	171	0	9.64891E-8	6.1753E-8	67	172	0	6.75923E-8	4.32591E-8
68	162	0	7.38916E-14	4.72906E-14	68	163	0	1.17987E-12	7.55114E-13
68	164	0	1.58982E-11	1.01748E-11	68	165	0	1.34985E-10	8.63902E-11
68	166	0	7.44916E-10	4.76746E-10	68	167	0	3.69958E-9	2.36773E-9
68	167	1	2.77968E-10	1.779E-10	68	168	0	1.27985E-8	8.19107E-9
68	169	0	3.75957E-8	2.40613E-8	68	170	0	4.58948E-8	2.93727E-8
68	171	0	5.24941E-8	3.35962E-8	68	172	0	7.9591E-8	5.09382E-8
69	165	0	4.78946E-14	3.06525E-14	69	166	0	6.55926E-13	4.19792E-13
69	167	0	8.60902E-12	5.50978E-12	69	168	0	6.72924E-11	4.30671E-11
69	169	0	4.66947E-10	2.98846E-10	69	170	0	1.36984E-9	8.76701E-10
69	171	0	3.5296E-9	2.25894E-9	69	172	0	1.07988E-8	6.91122E-9
70	168	0	3.32962E-14	2.13096E-14	70	169	0	5.3294E-13	3.41081E-13
70	169	1	4.00955E-14	2.56611E-14	70	170	0	4.10953E-12	2.6301E-12
70	171	0	2.50972E-11	1.60622E-11	70	172	0	1.83979E-10	1.17747E-10
71	172	0	1.53983E-13	9.85488E-14	71	172	1	1.53983E-13	9.85488E-14