Z	A	FPS	Yield	Uncertainty	Z	A	FPS	Yield	Uncertainty
23	66	0	2.05032E-19	1.3122E-19	24	66	0	2.40981E-14	1.54228E-14
24	69	0	2.10819E-18	1.34924E-18	25	66	0	7.19949E-12	4.60767E-12
25	67	0	5.37962E-12	3.44296E-12	25	68	0	6.65953E-13	4.2621E-13
25	69	0	8.02922E-14	5.1387E-14	25	72	0	6.08289E-18	3.89305E-18
25	73	0	6.41071E-19	4.10286E-19	26	66	0	3.75973E-10	2.40623E-10
26	67	0	6.86951E-10	4.39649E-10	26	68	0	3.91972E-10	2.50862E-10
26	69	0	1.21991E-10	7.80745E-11	26	70	0	3.23977E-11	2.07345E-11
26	71	0	4.91965E-12	3.14858E-12	26	72	0	7.14943E-13	4.57564E-13
26	73	0	5.53954E-14	3.54531E-14	26	75	0	1.00027E-16	6.40174E-17
27	66	0	2.8098E-10	1.79827E-10	27	67	0	1.99986E-9	1.27991E-9
27	68	0	2.46983E-9	1.58069E-9	27	69	0	3.24977E-9	2.07985E-9
27	70	0	2.08985E-9	1.33751E-9	27	71	0	1.4799E-9	9.47133E-10
27	72	0	5.79959E-10	3.71174E-10	27	73	0	2.20984E-10	1.4143E-10
27	74	0	2.99979E-11	1.91986E-11	27	75	0	3.80963E-12	2.43816E-12
27	76	0	2.52982E-13	1.61909E-13	27	77	0	6.52643E-15	4.17691E-15
27	78	0	4.27929E-16	2.73875E-16	28	66	0	5.77959E-11	3.69894E-11
28	67	0	9.03936E-10	5.78519E-10	28	68	0	4.1897E-9	2.68141E-9
28	69	0	1.11992E-8	7.16749E-9	28	70	0	2.7798E-8	1.77907E-8
28	71	0	4.34969E-8	2.7838E-8	28	72	0	7.59946E-8	4.86366E-8
28	73	0	7.1295E-8	4.56288E-8	28	74	0	4.57968E-8	2.93099E-8
28	75	0	1.52989E-8	9.79131E-9	28	76	0	5.01965E-9	3.21257E-9
28	77	0	5.63954E-10	3.6093E-10	28	78	0	5.0296E-11	3.21895E-11
28	80	0	1.55989E-14	9.98329E-15	29	66	0	1.4299E-13	9.15135E-14
29	67	0	9.67932E-12	6.19476E-12	29	68	0	3.14978E-11	2.01586E-11
29	68	1	7.35948E-11	4.71007E-11	29	69	0	1.13992E-9	7.29548E-10
29	70	0	1.48989E-9	9.53533E-10	29	70	1	4.45968E-9	2.8542E-9
29	71	0	3.47975E-8	2.22704E-8	29	72	0	1.26991E-7	8.12743E-8
29	73	0	4.70967E-7	3.01419E-7	29	74	0	6.81952E-7	4.36449E-7
29	75	0	1.00993E-6	6.46354E-7	29	76	0	8.27941E-7	5.29883E-7
29	77	0	4.44969E-7	2.8478E-7	29	78	0	1.08992E-7	6.97551E-8
29	80	0	5.24963E-10	3.35976E-10	29	82	0	1.4799E-12	9.47133E-13
29	83	0	7.3133E-15	4.68051E-15	30	68	0	4.73967E-13	3.03339E-13
30	69	0	2.47982E-12	1.58709E-12	30	69	1	1.05993E-11	6.78352E-12
30	70	0	3.02979E-10	1.93906E-10	30	71	0	7.70946E-10	4.93405E-10
30	71	1	3.28977E-9	2.10545E-9	30	72	0	6.09957E-8	3.90372E-8
30	73	0	4.62967E-7	2.96299E-7	30	74	0	2.50982E-6	1.60629E-6
30	75	0	7.66946E-6	4.90845E-6	30	76	0	1.83787E-5	1.17624E-5
30	77	0	3.14378E-5	2.01202E-5	30	78	0	3.56475E-5	2.28144E-5
30	79	0	1.63888E-5	7.37498E-6	30	80	0	2.41983E-6	1.54869E-6
30	82	0	1.07992E-7	6.91151E-8	30	83	0	6.31948E-10	4.04447E-10
30	84	0	1.21991E-8	7.80745E-9	30	85	0	1.54373E-13	9.87986E-14
30	86	0	2.27984E-12	1.4591E-12	31	70	0	1.4699E-13	9.40734E-14
31	71	0	9.38934E-12	6.00918E-12	31	72	1	1.92986E-10	1.23511E-10
31	72	0	1.92986E-10	1.23511E-10	31	73	0	1.20991E-8	7.74345E-9
31	74	1	7.29948E-8	4.67167E-8	31	74	0	7.29948E-8	4.67167E-8
31	75	0	1.92986E-6	1.23511E-6	31	76	0	1.04593E-5	6.69393E-6
31	77	0	4.08171E-5	2.6123E-5	31	78	0	1.02813E-4	6.58001E-5
31	79	0	1.71078E-4	1.88186E-5	31	80	0	1.17062E-4	1.87299E-5
31	81	0	8.17742E-5	2.61678E-5	31	82	0	6.26156E-5	4.0074E-5
31	83	0	1.91986E-6	1.22871E-6	31	84	0	1.10672E-4	7.08302E-5
31	85	0	5.87943E-9	3.76284E-9	31	86	0	3.27977E-7	2.09905E-7
31	87	0	2.54114E-10	1.62633E-10	31	88	0	4.42392E-12	2.83131E-12
32	72	0	3.63974E-13	2.32944E-13	32	73	0	2.37983E-11	1.52309E-11
32	73	1	5.5896E-12	3.57735E-12	32	74	0	1.66988E-9	1.06872E-9
32	75	0	6.80952E-9	4.35809E-9	32	75	1	4.55968E-8	2.91819E-8
32	76	0	1.29991E-6	8.31941E-7	32	77	0	5.95958E-6	3.81413E-6
32	77	1	8.90937E-7	5.702E-7	32	78	0	6.94151E-5	4.44257E-5
32	79	1	1.16247E-4	7.43979E-5	32	79	0	1.16247E-4	7.43979E-5
32	80	0	0.00101818	4.07271E-5	32	81	0	0.00126259	5.05036E-5
32	82	0	0.00126469	5.05876E-5	32	83	0	4.78856E-4	3.06468E-4
32	84	0	1.89947E-4	4.36877E-5	32	85	0	2.12985E-5	1.3631E-5
32	86	0	0.00628666	0.00100586	32	87	0	2.19582E-5	1.40532E-5
32	88	0	5.19959E-7	3.32774E-7	32	89	0	4.0431E-11	2.58758E-11
32	90	0	1.17072E-12	7.4926E-13	32	91	0	6.13734E-14	3.9279E-14
33	74	0	4.98965E-14	3.19337E-14	33	74	1	1.15992E-13	7.42348E-14
33	75	0	2.55982E-11	1.63828E-11	33	76	0	1.64988E-9	1.05593E-9
33	77	0	4.3097E-8	2.75821E-8	33	78	0	1.29991E-6	2.98979E-7
33	79	0	2.65681E-5	1.19557E-5	33	80	0	1.3695E-4	8.76482E-5
33	81	0	6.09047E-4	4.87238E-5	33	82	0	0.0012875	8.23999E-4
33	82	1	2.71051E-4	1.73473E-4	33	83	0	0.00290689	1.16276E-4
33	84	1	9.86965E-4	6.31658E-4	33	84	0	9.86965E-4	6.31658E-4
33	85	0	0.00121362	7.7672E-4	33	86	0	1.99226E-4	1.27505E-4
33	87	0	5.05324E-4	3.23408E-4	33	88	0	0.00124298	7.95509E-4
33	89	0	1.53985E-6	9.85504E-7	33	90	0	3.27811E-8	2.09799E-8
33	91	0	2.33746E-9	1.49598E-9	33	92	0	3.54764E-12	2.27049E-12
33	93	0	2.84347E-13	1.81982E-13	34	76	0	3.03979E-13	1.94546E-13
34	77	0	2.74981E-12	1.75988E-12	34	77	1	1.83987E-11	1.17752E-11
34	78	0	2.46983E-9	1.58069E-9	34	79	0	1.09992E-7	7.0395E-8
34	79	1	1.64988E-8	1.05593E-8	34	80	0	4.88965E-6	3.12938E-6
34	81	0	1.03793E-5	2.38723E-6	34	81	1	6.92651E-5	1.5931E-5
34	82	0	3.70984E-4	2.96787E-5	34	83	0	0.0014292	8.57519E-5
34	83	1	3.35246E-4	2.01148E-5	34	84	0	0.00630945	1.26189E-4
34	85	0	0.00446688	0.00285881	34	85	1	0.00446688	0.00285881
34	86	0	0.00835835	2.34034E-4	34	87	0	0.00731048	2.92419E-4
34	88	0	0.00267874	1.60724E-4	34	89	0	4.85486E-4	5.34034E-5
34	90	0	1.26988E-4	8.12725E-5	34	91	0	6.65719E-6	4.2606E-6
34	92	0	4.16967E-7	2.66859E-7	34	93	0	2.45707E-8	1.57252E-8
34	94	0	1.70988E-10	1.09432E-10	34	95	0	6.62575E-13	4.24048E-13
34	96	0	1.27991E-13	8.19142E-14	35	78	0	4.93965E-14	3.16138E-14
35	79	0	3.10978E-12	1.99026E-12	35	79	1	1.03993E-11	6.65553E-12
35	80	0	3.70974E-10	2.37423E-10	35	80	1	1.10992E-9	7.1035E-10
35	81	0	8.85937E-8	5.67E-8	35	82	0	3.82973E-7	2.45103E-7
35	82	1	1.62988E-7	1.04313E-7	35	83	0	1.95376E-4	3.12602E-5
35	84	0	1.85797E-4	2.04377E-5	35	84	1	1.67248E-4	1.33799E-5
35	85	0	0.00235019	1.41012E-4	35	86	0	0.00229736	6.4326E-5
35	86	1	0.00229736	0.00147031	35	87	0	0.0127177	3.56095E-4
35	88	0	0.0138742	2.77485E-4	35	89	0	0.0103927	4.15707E-4
35	90	0	0.00552553	3.31532E-4	35	91	0	0.00223704	2.46075E-4
35	92	0	2.67711E-4	1.71335E-4	35	93	0	3.08432E-5	1.97397E-5
35	94	0	1.65988E-6	1.06232E-6	35	95	0	2.52348E-8	1.61503E-8
35	96	0	1.90987E-8	1.22231E-8	35	97	0	3.43679E-12	2.19955E-12
35	98	0	1.38928E-10	8.8914E-11	36	80	0	6.24956E-14	3.99972E-14
36	81	0	9.42933E-12	6.03477E-12	36	81	1	1.4099E-12	9.02336E-13
36	82	0	3.34976E-10	2.14385E-10	36	83	0	6.62953E-8	4.2429E-8
36	83	1	1.54989E-8	9.9193E-9	36	84	0	3.24977E-6	2.07985E-6
36	85	0	2.55332E-4	4.08531E-5	36	85	1	5.89058E-5	9.42493E-6
36	86	0	8.72228E-4	6.97783E-5	36	87	0	0.00463375	2.78025E-4
36	88	0	0.0173221	6.92885E-4	36	89	0	0.0343845	4.81383E-4
36	90	0	0.0439695	6.15573E-4	36	91	0	0.0315598	3.15598E-4
36	92	0	0.016581	4.64268E-4	36	93	0	0.00486312	1.94525E-4
36	94	0	8.68149E-4	9.54964E-5	36	95	0	7.18697E-5	4.59966E-5
36	96	0	3.78113E-4	2.41992E-4	36	97	0	2.96976E-7	1.90064E-7
36	98	0	1.63287E-5	1.04504E-5	36	99	0	1.2276E-11	7.85662E-12
36	100	0	1.14992E-8	7.35948E-9	36	101	0	4.13579E-13	2.64691E-13
37	83	0	2.29984E-12	1.4719E-12	37	84	0	2.15985E-11	1.3823E-11
37	85	0	2.37483E-5	1.51989E-5	37	86	1	3.22477E-8	2.06385E-8
37	86	0	3.22477E-8	2.06385E-8	37	87	0	2.50182E-5	1.60117E-5
37	88	0	2.23014E-4	1.78411E-5	37	89	0	0.00204542	8.18166E-5
37	90	0	0.00138623	8.31739E-5	37	90	1	0.0070662	0.00452237
37	91	0	0.0222492	3.11489E-4	37	92	0	0.0313173	6.26347E-4
37	93	0	0.0306672	4.29341E-4	37	94	0	0.0156647	4.38612E-4
37	95	0	0.00763687	3.05475E-4	37	96	0	0.00168422	1.34738E-4
37	97	0	3.79373E-4	3.03499E-5	37	98	0	2.35883E-5	1.06147E-5
37	99	0	4.67542E-7	2.99227E-7	37	100	0	3.47615E-4	2.22474E-4
37	101	0	1.57516E-8	1.0081E-8	37	102	0	1.4718E-11	9.41955E-12
37	103	0	2.38107E-13	1.52389E-13	38	85	1	3.92472E-13	2.51182E-13
38	85	0	3.92472E-13	2.51182E-13	38	86	0	1.18992E-10	7.61546E-11
38	87	0	1.06992E-8	6.84752E-9	38	87	1	2.50982E-9	1.60629E-9
38	88	0	7.67946E-7	4.91485E-7	38	89	0	1.75198E-4	1.12126E-4
38	90	0	7.37128E-4	4.42277E-5	38	91	0	0.00250483	1.5029E-4
38	92	0	0.0107518	6.45107E-4	38	93	0	0.0256971	5.13941E-4
38	94	0	0.0451267	6.31774E-4	38	95	0	0.0453728	9.07456E-4
38	96	0	0.0356811	7.13623E-4	38	97	0	0.0172068	4.81791E-4
38	98	0	0.00808091	4.84855E-4	38	99	0	0.00133158	1.46474E-4
38	100	0	8.15242E-5	5.21755E-5	38	101	0	4.48611E-5	2.87111E-5
38	102	0	1.72986E-6	1.10711E-6	38	103	0	2.0575E-8	1.3168E-8
38	104	0	1.30991E-9	8.38341E-10	39	87	0	9.99929E-14	6.39955E-14
39	88	0	1.69988E-11	1.08792E-11	39	89	0	4.39969E-10	2.8158E-10
39	89	1	1.87987E-9	1.20311E-9	39	90	1	4.48468E-8	2.8702E-8
39	90	0	4.48468E-8	2.8702E-8	39	91	1	1.64988E-6	1.05593E-6
39	91	0	1.64988E-6	1.05593E-6	39	92	0	7.14829E-4	3.21673E-4
39	93	1	5.43342E-4	3.47739E-4	39	93	0	5.43342E-4	3.47739E-4
39	94	0	0.00389833	3.11867E-4	39	95	0	0.011054	0.00353729
39	96	0	0.00224388	0.00143608	39	96	1	0.020195	0.00646239
39	97	1	0.0157025	0.0100496	39	97	0	0.0157025	0.0100496
39	98	0	0.0110632	0.00354023	39	98	1	0.0110632	0.00354023
39	99	0	0.0194933	0.0011696	39	100	0	0.00567391	0.0036313
39	101	0	0.00278002	3.05803E-4	39	102	0	0.00267979	0.00171507
39	103	0	2.58276E-5	1.65297E-5	39	104	0	5.6796E-6	3.63494E-6
39	105	0	4.66997E-12	2.98878E-12	39	106	0	4.97911E-17	3.18663E-17
39	107	0	6.27991E-18	4.01914E-18	39	108	0	9.18765E-21	5.88009E-21
39	109	0	4.45818E-14	2.85324E-14	39	110	0	7.9035E-16	5.05824E-16
40	89	0	2.06985E-14	1.32471E-14	40	90	1	2.09485E-12	1.34071E-12
40	90	0	2.09485E-12	1.34071E-12	40	91	0	4.41969E-10	2.8286E-10
40	92	0	1.18982E-4	7.61482E-5	40	93	0	1.3699E-6	8.76738E-7
40	94	0	1.94946E-4	1.24766E-4	40	95	0	0.00127244	2.0359E-4
40	96	0	0.0033705	3.70755E-4	40	97	0	0.0109237	6.55425E-4
40	98	0	0.0257356	0.011581	40	99	0	0.0358394	0.00824306
40	100	0	0.0497641	0.0159245	40	101	0	0.0278782	0.00111513
40	102	0	0.0178133	7.12534E-4	40	103	0	0.00498868	0.00319275
40	104	0	8.27871E-4	1.32459E-4	40	105	0	0.00115837	7.41356E-4
40	106	0	1.67988E-8	1.07512E-8	40	107	0	1.55771E-9	9.96933E-10
40	108	0	3.09978E-12	1.98386E-12	40	109	0	3.85235E-9	2.4655E-9
40	110	0	9.28926E-11	5.94513E-11	40	111	0	2.10107E-14	1.34469E-14
40	112	0	8.89352E-16	5.69185E-16	41	92	0	2.26984E-13	1.4527E-13
41	93	0	3.61974E-11	2.31664E-11	41	93	1	8.4894E-12	5.43322E-12
41	94	0	1.4599E-9	9.34334E-10	41	94	1	1.00993E-9	6.46354E-10
41	95	0	1.05993E-6	6.78352E-7	41	95	1	2.47982E-7	1.58709E-7
41	96	0	5.43962E-6	3.48135E-6	41	97	0	1.07552E-4	1.72084E-5
41	97	1	2.44683E-5	5.6277E-6	41	98	0	0.00115633	7.4005E-4
41	98	1	3.85493E-4	2.46715E-4	41	99	0	2.99649E-4	3.29614E-5
41	99	1	0.00406579	3.25263E-4	41	100	0	0.00318902	0.00204098
41	100	1	0.00318902	0.00204098	41	101	0	0.0191624	7.66497E-4
41	102	1	0.0078944	0.00505242	41	102	0	0.0078944	0.00505242
41	103	0	0.0141029	0.00324366	41	104	1	0.00285216	0.00182538
41	104	0	0.00285216	0.00182538	41	105	0	0.00138613	1.10891E-4
41	106	0	1.57369E-4	1.00716E-4	41	107	0	2.31368E-5	1.48076E-5
41	108	0	8.99936E-7	5.75959E-7	41	109	0	4.83581E-6	3.09492E-6
41	110	0	1.52989E-7	9.79131E-8	41	111	0	8.00212E-10	5.12136E-10
41	112	0	2.49026E-11	1.59376E-11	41	113	0	1.28956E-14	8.25316E-15
41	114	0	3.74332E-16	2.39572E-16	42	94	0	2.99979E-14	1.91986E-14
42	95	0	4.93965E-12	3.16138E-12	42	96	0	5.32962E-10	3.41096E-10
42	97	0	2.48982E-8	1.59349E-8	42	98	0	9.57932E-7	6.13077E-7
42	99	0	4.2814E-4	6.85024E-5	42	100	0	7.29498E-4	2.3344E-4
42	101	0	0.00185841	2.97345E-4	42	102	0	0.00650731	5.20585E-4
42	103	0	0.0103685	6.22109E-4	42	104	0	0.0112745	6.76472E-4
42	105	0	0.00668015	2.67206E-4	42	106	0	0.0035919	1.43676E-4
42	107	0	0.00121442	7.77231E-4	42	108	0	3.02039E-4	1.93305E-4
42	109	0	1.55269E-4	9.93722E-5	42	110	0	3.88673E-5	2.4875E-5
42	111	0	2.27904E-6	1.45858E-6	42	112	0	9.64683E-8	6.17397E-8
42	113	0	1.11432E-9	7.13162E-10	42	114	0	4.39965E-11	2.81578E-11
42	115	0	2.36831E-14	1.51572E-14	42	117	0	2.32224E-16	1.48623E-16
43	97	1	8.79938E-14	5.6316E-14	43	97	0	8.79938E-14	5.6316E-14
43	98	0	8.88937E-9	5.6892E-9	43	99	0	1.22991E-9	7.87144E-10
43	99	1	2.8898E-10	1.84947E-10	43	100	0	5.5896E-8	3.57735E-8
43	101	0	1.60989E-6	1.03033E-6	43	102	0	9.55432E-5	6.11477E-5
43	102	1	9.55432E-5	6.11477E-5	43	103	0	8.21682E-4	5.25876E-4
43	104	0	9.26325E-4	1.48212E-4	43	105	0	4.84586E-4	3.10135E-4
43	106	0	2.67671E-4	1.71309E-4	43	107	0	2.24314E-4	1.43561E-4
43	108	0	2.37663E-4	1.52104E-4	43	109	0	1.3444E-4	8.60419E-5
43	110	0	1.16392E-4	7.44907E-5	43	111	0	4.49068E-5	2.87404E-5
43	112	0	6.85952E-6	4.39009E-6	43	113	0	1.39879E-6	8.95224E-7
43	114	0	7.0095E-8	4.48608E-8	43	115	0	9.01994E-10	5.77276E-10
43	116	0	6.30955E-11	4.03811E-11	43	117	0	8.84445E-12	5.66045E-12
43	118	0	5.88722E-15	3.76782E-15	43	119	0	7.57945E-17	4.85085E-17
44	99	0	1.09992E-14	7.0395E-15	44	100	0	2.11985E-12	1.3567E-12
44	101	0	1.61989E-10	1.03673E-10	44	102	0	9.75931E-9	6.24596E-9
44	103	0	2.35983E-7	1.51029E-7	44	104	0	3.26977E-6	2.09265E-6
44	105	0	1.10992E-9	7.1035E-10	44	106	0	9.06936E-9	5.80439E-9
44	107	0	4.93965E-8	3.16138E-8	44	108	0	1.66988E-7	1.06872E-7
44	109	1	8.56439E-6	5.48121E-6	44	109	0	8.56439E-6	5.48121E-6
44	110	0	9.8853E-5	6.32659E-5	44	111	0	1.18252E-4	7.56811E-5
44	112	0	9.9213E-5	6.34963E-5	44	113	0	6.05457E-5	3.87493E-5
44	114	0	1.72588E-5	1.10456E-5	44	115	0	2.56892E-6	1.64411E-6
44	116	0	2.45983E-7	1.57429E-7	44	117	0	2.51894E-8	1.61212E-8
44	118	0	6.91945E-10	4.42845E-10	44	119	0	6.54946E-12	4.19166E-12
44	120	0	3.02979E-12	1.93906E-12	44	121	0	3.78056E-15	2.41956E-15
45	101	0	3.25977E-13	2.08625E-13	45	102	0	5.90958E-12	3.78213E-12
45	102	1	4.72967E-12	3.02699E-12	45	103	0	6.37955E-13	4.08291E-13
45	103	1	4.2697E-12	2.73261E-12	45	104	0	4.88965E-11	3.12938E-11
45	104	1	1.4699E-10	9.40734E-11	45	109	0	2.05985E-8	1.31831E-8
45	109	1	2.05985E-8	1.31831E-8	45	110	0	5.6496E-7	3.61574E-7
45	110	1	5.6496E-7	3.61574E-7	45	111	0	8.79938E-6	5.6316E-6
45	112	0	2.29584E-5	1.46934E-5	45	113	0	6.84252E-5	4.37921E-5
45	114	0	5.02664E-5	3.21705E-5	45	115	0	3.62874E-5	2.3224E-5
45	116	0	8.68939E-6	5.56121E-6	45	117	0	4.64967E-6	2.97579E-6
45	118	0	3.62974E-7	2.32304E-7	45	119	0	1.85987E-8	1.19032E-8
45	120	0	2.38983E-8	1.52949E-8	45	121	0	1.43986E-10	9.21511E-11
45	122	0	2.8498E-12	1.82387E-12	45	123	0	8.5194E-14	5.45241E-14
45	124	0	1.03993E-14	6.65553E-15	46	109	0	2.93979E-12	1.88147E-12
46	109	1	5.45961E-12	3.49415E-12	46	110	0	2.14985E-9	1.3759E-9
46	111	0	2.53982E-8	1.62549E-8	46	111	1	4.71967E-8	3.02059E-8
46	112	0	1.27991E-6	8.19142E-7	46	113	0	1.16292E-5	7.44267E-6
46	114	0	4.15571E-5	2.65965E-5	46	115	0	7.1285E-5	4.56224E-5
46	116	0	6.81552E-5	4.36193E-5	46	117	0	8.77138E-5	5.61368E-5
46	118	0	3.17778E-5	2.03378E-5	46	119	0	4.34969E-6	2.7838E-6
46	120	0	2.70981E-5	1.73428E-5	46	121	0	4.72967E-7	3.02699E-7
46	122	0	4.76966E-8	3.05258E-8	46	123	0	3.98972E-9	2.55342E-9
46	124	0	2.72981E-9	1.74708E-9	46	128	0	1.33991E-14	8.57539E-15
46	130	0	6.78952E-13	4.34529E-13	47	110	1	2.27984E-14	1.4591E-14
47	111	0	1.23991E-12	7.93544E-13	47	111	1	8.27941E-12	5.29883E-12
47	112	0	8.28941E-9	5.30523E-9	47	113	0	5.41962E-9	3.46855E-9
47	113	1	3.61974E-8	2.31664E-8	47	114	0	9.16935E-6	5.86839E-6
47	115	0	1.92986E-6	1.23511E-6	47	115	1	1.3699E-5	8.76738E-6
47	116	0	4.74366E-5	3.03595E-5	47	116	1	7.64946E-6	4.89565E-6
47	117	0	1.51889E-5	3.49345E-6	47	117	1	1.51889E-5	3.49345E-6
47	118	0	3.41576E-5	7.85624E-6	47	118	1	2.99279E-5	1.91538E-5
47	119	0	7.25349E-5	2.32112E-5	47	120	1	4.37469E-6	2.7998E-6
47	120	0	4.37469E-6	2.7998E-6	47	121	0	2.57782E-5	1.6498E-5
47	122	1	3.33976E-6	2.13745E-6	47	122	0	3.33976E-6	2.13745E-6
47	123	0	2.74981E-6	1.75988E-6	47	124	0	5.51961E-6	3.53255E-6
47	125	0	1.65988E-11	1.06232E-11	47	126	0	4.74966E-12	3.03979E-12
47	127	0	1.57989E-12	1.01113E-12	47	128	0	1.11992E-13	7.16749E-14
47	129	0	2.9186E-17	1.86791E-17	47	130	0	6.65953E-8	4.2621E-8
47	131	0	1.59446E-9	1.02046E-9	48	112	0	1.05993E-11	3.39176E-12
48	113	0	2.58982E-12	1.65748E-12	48	113	1	8.67939E-12	5.55481E-12
48	114	0	7.64946E-10	4.89565E-10	48	115	0	8.99936E-9	2.8798E-9
48	115	1	5.52961E-8	1.76947E-8	48	116	0	2.99979E-7	1.91986E-7
48	117	0	1.11992E-6	7.16749E-7	48	117	1	3.72974E-6	2.38703E-6
48	118	0	1.71488E-5	1.09752E-5	48	119	0	2.44683E-5	1.56597E-5
48	119	1	2.24884E-5	1.43926E-5	48	120	0	8.38841E-5	5.36858E-5
48	121	1	3.61924E-5	2.31632E-5	48	121	0	3.61924E-5	2.31632E-5
48	122	0	1.19302E-4	7.6353E-5	48	123	0	1.01013E-4	6.46482E-5
48	124	0	1.21421E-4	5.46396E-5	48	125	0	5.54561E-5	3.54919E-5
48	126	0	8.07843E-5	5.17019E-5	48	127	0	8.15442E-5	5.21883E-5
48	128	0	3.55275E-5	2.27376E-5	48	129	0	7.23949E-9	4.63327E-9
48	130	0	8.77978E-4	5.61906E-4	48	131	0	1.37779E-4	8.81783E-5
48	133	0	4.48941E-11	2.87322E-11	48	134	0	9.32934E-13	5.97078E-13
49	115	0	1.62988E-12	1.04313E-12	49	115	1	3.81973E-13	2.44463E-13
49	116	2	2.56649E-11	1.64255E-11	49	116	0	2.56649E-11	1.64255E-11
49	116	1	2.56649E-11	1.64255E-11	49	117	0	3.65974E-9	2.34223E-9
49	117	1	8.58939E-10	5.49721E-10	49	118	2	8.4494E-9	5.40762E-9
49	118	0	5.05964E-8	3.23817E-8	49	118	1	8.4494E-9	5.40762E-9
49	119	0	4.71967E-6	1.51029E-6	49	119	1	1.58989E-7	1.01753E-7
49	120	2	2.09985E-6	1.34391E-6	49	120	0	2.09985E-6	1.34391E-6
49	120	1	2.09985E-6	1.34391E-6	49	121	0	2.47183E-5	7.90984E-6
49	121	1	3.23977E-6	2.07345E-6	49	122	2	8.37941E-6	5.36282E-6
49	122	0	8.37941E-6	5.36282E-6	49	122	1	8.37941E-6	5.36282E-6
49	123	0	3.91072E-5	2.50286E-5	49	123	1	2.50982E-6	1.60629E-6
49	124	1	1.69538E-5	1.08504E-5	49	124	0	1.69538E-5	1.08504E-5
49	125	0	4.72267E-5	1.51125E-5	49	125	1	4.72267E-5	1.51125E-5
49	126	1	1.64788E-5	1.05465E-5	49	126	0	1.64788E-5	1.05465E-5
49	127	0	4.11691E-4	1.31741E-4	49	127	1	6.25456E-5	2.81455E-5
49	128	1	1.31471E-4	8.41413E-5	49	128	0	1.31471E-4	8.41413E-5
49	129	0	2.75381E-4	1.23921E-4	49	129	1	2.53412E-4	1.62184E-4
49	130	2	3.14011E-5	2.00967E-5	49	130	1	3.14011E-5	2.00967E-5
49	130	0	3.14011E-5	2.00967E-5	49	131	1	5.55961E-5	3.55815E-5
49	131	0	5.55961E-5	3.55815E-5	49	132	0	6.22656E-5	1.9925E-5
49	133	0	1.70983E-6	1.09429E-6	49	134	0	3.46975E-8	2.22064E-8
49	135	0	7.25545E-11	4.64349E-11	49	136	0	1.67988E-12	1.07512E-12
49	137	0	2.15233E-12	1.37749E-12	50	117	1	2.49482E-13	1.59669E-13
50	117	0	2.49482E-13	1.59669E-13	50	118	0	4.09971E-11	2.62381E-11
50	119	0	3.39976E-10	2.17585E-10	50	119	1	1.13992E-9	7.29548E-10
50	120	0	2.99979E-8	1.91986E-8	50	121	0	3.57975E-6	2.29104E-6
50	121	1	2.7898E-7	1.78547E-7	50	122	0	3.64974E-6	2.33583E-6
50	123	0	8.03943E-6	3.61774E-6	50	123	1	3.09978E-6	9.919301E-7
50	124	0	1.06912E-4	6.8424E-5	50	125	0	8.5424E-5	6.83392E-6
50	125	1	1.04573E-4	1.67316E-5	50	126	0	4.44699E-4	2.84607E-4
50	127	0	8.66709E-4	5.20025E-5	50	127	1	7.91744E-5	5.06716E-5
50	128	1	0.0015049	9.63138E-4	50	128	0	0.0015049	9.63138E-4
50	129	0	0.00230314	2.53345E-4	50	129	1	0.00195858	1.17515E-4
50	130	1	0.00542239	0.00347033	50	130	0	0.00542239	0.00347033
50	131	1	0.004405	0.0028192	50	131	0	0.004405	0.0028192
50	132	0	0.00591824	2.3673E-4	50	133	0	0.0013772	8.8141E-4
50	134	0	1.76927E-4	1.13234E-4	50	135	0	6.26948E-6	4.01247E-6
50	136	0	1.56989E-7	1.00473E-7	50	137	0	1.85985E-7	1.1903E-7
50	138	0	3.28977E-11	2.10545E-11	50	139	0	3.67554E-13	2.35235E-13
51	119	0	3.88973E-14	2.48942E-14	51	120	0	9.02936E-13	5.77879E-13
51	120	1	1.29991E-12	8.31941E-13	51	121	0	3.52975E-11	1.12952E-11
51	122	0	1.83987E-9	1.17752E-9	51	122	1	2.07985E-9	1.33111E-9
51	123	0	5.16963E-8	3.30857E-8	51	124	2	1.20991E-8	7.74345E-9
51	124	0	7.60946E-8	4.87006E-8	51	124	1	1.20991E-8	7.74345E-9
51	125	0	2.73981E-7	1.75348E-7	51	126	2	8.59439E-6	5.50041E-6
51	126	0	6.50954E-6	4.16611E-6	51	126	1	8.59439E-6	5.50041E-6
51	127	0	7.0895E-5	1.63058E-5	51	128	0	1.06672E-4	6.82704E-5
51	128	1	6.36555E-5	4.07395E-5	51	129	0	6.40685E-4	2.88308E-4
51	130	0	0.0021451	0.00137286	51	130	1	0.00356752	0.00228321
51	131	0	0.0165069	6.60274E-4	51	132	0	0.0130348	7.82087E-4
51	132	1	0.00862766	5.1766E-4	51	133	0	0.0225655	0.00135393
51	134	1	0.00358248	0.00229279	51	134	0	0.00358248	0.00229279
51	135	0	0.00145137	1.16109E-4	51	136	0	1.14892E-4	7.35308E-5
51	137	0	7.43307E-4	4.75717E-4	51	138	0	3.91972E-7	2.50862E-7
51	139	0	1.39986E-8	8.95913E-9	51	140	0	1.43888E-9	9.20883E-10
51	141	0	3.7504E-12	2.40026E-12	51	142	0	1.76106E-13	1.12708E-13
52	122	0	6.09957E-13	3.90372E-13	52	123	0	5.13964E-12	3.28937E-12
52	123	1	1.71988E-11	1.10072E-11	52	124	0	3.41976E-9	2.18865E-9
52	125	0	6.87951E-14	4.40289E-14	52	125	1	2.29984E-13	1.4719E-13
52	126	0	8.24942E-12	5.27963E-12	52	127	0	9.9193E-11	6.34835E-11
52	127	1	2.42983E-10	1.55509E-10	52	128	0	1.71988E-6	5.50361E-7
52	129	0	5.7296E-8	3.66694E-8	52	129	1	1.3999E-7	8.95937E-8
52	130	0	5.78719E-4	9.25951E-5	52	131	0	9.69901E-4	1.06689E-4
52	131	1	0.00233331	1.86664E-4	52	132	0	0.0153084	9.18503E-4
52	133	0	0.0114813	6.88881E-4	52	133	1	0.0298605	0.00179163
52	134	0	0.062155	0.0024862	52	135	0	0.0321618	0.00192971
52	136	0	0.0131733	0.00105387	52	137	0	0.00392386	3.13909E-4
52	138	0	6.61823E-4	4.23567E-4	52	139	0	6.66353E-5	4.26466E-5
52	140	0	1.69117E-4	1.08235E-4	52	141	0	3.24075E-7	2.07408E-7
52	142	0	2.06984E-8	1.3247E-8	52	143	0	4.88094E-12	3.1238E-12
52	144	0	5.57665E-13	3.56906E-13	53	126	0	1.69988E-12	1.08792E-12
53	128	0	1.03993E-8	6.65553E-9	53	130	0	1.54989E-6	9.919301E-7
53	130	1	6.65953E-7	4.2621E-7	53	131	0	3.91572E-5	4.3073E-6
53	132	1	9.13085E-5	5.84375E-5	53	132	0	9.13085E-5	5.84375E-5
53	133	1	8.25122E-4	5.28078E-4	53	133	0	8.25122E-4	5.28078E-4
53	134	0	0.00500237	3.00142E-4	53	134	1	0.00364183	0.00233077
53	135	0	0.0292737	8.19663E-4	53	136	0	0.0131936	0.00105549
53	136	1	0.0125125	7.50752E-4	53	137	0	0.0262236	0.00104895
53	138	0	0.0142412	3.98753E-4	53	139	0	0.00771429	6.17144E-4
53	140	0	0.00136749	3.14523E-4	53	141	0	4.06807E-4	9.35656E-5
53	142	0	5.85659E-5	3.74822E-5	53	143	0	1.85895E-7	1.18973E-7
53	144	0	1.56151E-8	9.99365E-9	53	145	0	8.28533E-12	5.30261E-12
53	146	0	9.01799E-13	5.77152E-13	53	147	0	2.06341E-13	1.32058E-13
54	128	0	8.32941E-13	2.66541E-13	54	130	0	1.96986E-10	6.30355E-11
54	131	0	1.4199E-9	9.08736E-10	54	131	1	3.47975E-9	2.22704E-9
54	132	0	4.2197E-7	2.70061E-7	54	133	0	6.65953E-6	3.99572E-7
54	133	1	1.88587E-5	1.20695E-5	54	134	0	1.05483E-4	6.75088E-5
54	134	1	2.46123E-4	1.57518E-4	54	135	0	7.85125E-4	4.71075E-5
54	135	1	0.00178122	1.06873E-4	54	136	0	0.0219242	0.0098659
54	137	0	0.031942	8.94376E-4	54	138	0	0.0481413	0.00134796
54	139	0	0.0432328	8.64656E-4	54	140	0	0.0350576	9.81612E-4
54	141	0	0.0121914	3.4136E-4	54	142	0	0.00434173	2.60504E-4
54	143	1	2.64718E-4	1.6942E-4	54	143	0	2.64718E-4	1.6942E-4
54	144	0	6.04901E-5	3.87137E-5	54	145	0	7.15941E-7	4.58202E-7
54	146	0	1.05992E-7	6.78346E-8	54	147	0	1.78301E-8	1.14113E-8
54	148	0	1.09992E-11	7.0395E-12	54	149	0	9.51933E-14	6.09237E-14
55	131	0	2.53982E-14	1.62549E-14	55	132	0	7.37948E-10	4.72287E-10
55	133	0	7.91944E-9	2.53422E-9	55	134	1	3.85473E-8	2.46703E-8
55	134	0	3.85473E-8	2.46703E-8	55	135	1	2.45483E-6	1.57109E-6
55	135	0	2.45483E-6	1.57109E-6	55	136	1	2.7688E-5	1.77203E-5
55	136	0	2.7688E-5	1.77203E-5	55	137	0	5.99988E-4	6.59986E-5
55	138	0	0.00243195	2.67514E-4	55	138	1	0.00223374	2.45712E-4
55	139	0	0.0130586	5.22345E-4	55	140	0	0.0206988	5.79568E-4
55	141	0	0.0291513	5.83025E-4	55	142	0	0.0227813	6.37875E-4
55	143	0	0.0140295	5.61179E-4	55	144	0	0.00417681	2.50609E-4
55	145	0	7.56187E-4	6.04949E-5	55	146	0	7.64046E-5	8.40451E-6
55	147	0	2.23819E-5	1.43244E-5	55	148	0	1.30991E-7	8.38341E-8
55	149	0	3.62552E-9	2.32034E-9	55	150	0	1.98986E-11	1.27351E-11
55	151	0	9.46903E-14	6.06018E-14	55	152	0	1.26762E-15	8.11279E-16
56	133	0	1.03993E-14	6.65553E-15	56	134	0	5.25963E-12	3.36616E-12
56	135	1	3.81973E-10	2.44463E-10	56	135	0	3.81973E-10	2.44463E-10
56	136	1	2.36483E-8	1.51349E-8	56	136	0	2.36483E-8	1.51349E-8
56	137	0	5.42962E-7	3.47495E-7	56	137	1	1.32991E-6	8.5114E-7
56	138	0	4.11571E-5	2.63405E-5	56	139	0	6.87681E-4	3.09457E-4
56	140	0	0.0048836	0.00112323	56	141	0	0.0165949	0.00182544
56	142	0	0.0301423	0.00180854	56	143	0	0.041004	0.00164016
56	144	0	0.0397478	0.00111294	56	145	0	0.0186621	0.00111973
56	146	0	0.00913827	3.65531E-4	56	147	0	0.00243638	3.8982E-4
56	148	0	2.21844E-4	1.4198E-4	56	149	0	1.03256E-5	6.60841E-6
56	150	0	5.01965E-7	3.21257E-7	56	151	0	8.18226E-9	5.23665E-9
56	152	0	1.48988E-10	9.53524E-11	56	153	0	3.72805E-13	2.38595E-13
57	137	0	6.92951E-11	4.43489E-11	57	138	0	3.17978E-7	2.03506E-7
57	139	0	2.26984E-7	1.4527E-7	57	140	0	5.21563E-5	3.338E-5
57	141	0	1.84907E-4	2.95851E-5	57	142	0	9.65172E-4	3.08855E-4
57	143	0	0.00379478	0.00242866	57	144	0	0.0106974	6.41847E-4
57	145	0	0.0191497	0.00153197	57	146	1	0.00744941	0.00476762
57	146	0	0.00744941	0.00476762	57	147	0	0.00643265	7.07591E-4
57	148	0	0.00336285	0.00215223	57	149	0	7.98754E-4	5.11202E-4
57	150	0	1.04223E-4	6.67025E-5	57	151	0	1.02711E-5	6.5735E-6
57	152	0	4.52968E-7	2.899E-7	57	153	0	1.41986E-8	9.08712E-9
57	154	0	1.4599E-10	9.34334E-11	57	155	0	2.95078E-13	1.8885E-13
57	156	0	4.87482E-15	3.11989E-15	57	157	0	5.3114E-17	3.3993E-17
58	138	0	4.74966E-12	3.03979E-12	58	139	0	2.8698E-12	1.83667E-12
58	139	1	7.0295E-12	4.49888E-12	58	140	0	1.14992E-9	7.35948E-10
58	141	0	4.98965E-8	3.19337E-8	58	142	0	1.75988E-6	1.12632E-6
58	143	0	3.13348E-4	3.44683E-5	58	144	0	3.45456E-4	2.21092E-4
58	145	0	8.5438E-4	5.46803E-4	58	146	0	0.00582932	6.41225E-4
58	147	0	0.00997971	0.00109777	58	148	0	0.0123548	0.00284161
58	149	0	0.00697909	0.00111665	58	150	0	0.00391764	0.00250729
58	151	0	9.9025E-4	6.3376E-4	58	152	0	2.05365E-4	1.31434E-4
58	153	0	1.70488E-5	1.09112E-5	58	154	0	9.11936E-7	5.83639E-7
58	155	0	2.54979E-8	1.63187E-8	58	156	0	5.72955E-10	3.66691E-10
58	157	0	4.58962E-12	2.93736E-12	58	158	0	3.86973E-14	2.47662E-14
58	159	0	1.28119E-16	8.19961E-17	59	141	0	4.68967E-13	3.00139E-13
59	142	1	2.31484E-11	1.4815E-11	59	142	0	2.31484E-11	1.4815E-11
59	143	0	4.49968E-9	2.8798E-9	59	144	0	1.4299E-8	9.15135E-9
59	144	1	1.27991E-7	8.19142E-8	59	145	0	3.32976E-6	2.13105E-6
59	146	0	3.62374E-5	2.3192E-5	59	147	0	0.00359546	0.00230109
59	148	1	3.88608E-4	2.48709E-4	59	148	0	3.88608E-4	2.48709E-4
59	149	0	0.00296816	9.49811E-4	59	150	0	0.00218338	0.00139736
59	151	0	0.0023856	0.00152678	59	152	0	0.00102554	6.56344E-4
59	153	0	3.67444E-4	2.35164E-4	59	154	0	5.02065E-5	3.21321E-5
59	155	0	6.72952E-6	4.3069E-6	59	156	0	4.06971E-7	2.60462E-7
59	157	0	1.64988E-8	1.05593E-8	59	158	0	3.74973E-10	2.39983E-10
59	159	0	4.87953E-12	3.1229E-12	59	160	0	2.8198E-14	1.80467E-14
59	161	0	7.12816E-17	4.56202E-17	59	162	0	2.96062E-19	1.8948E-19
60	143	0	4.79966E-14	3.07178E-14	60	144	0	9.56932E-11	1.05263E-11
60	145	0	5.54961E-10	3.55175E-10	60	146	0	3.18977E-8	2.04146E-8
60	147	0	6.71953E-7	4.3005E-7	60	148	0	9.9293E-6	6.35475E-6
60	149	0	6.80752E-5	4.35681E-5	60	150	0	3.27227E-4	2.09425E-4
60	151	0	7.95114E-4	5.08873E-4	60	152	0	0.00140984	6.34428E-4
60	153	0	0.00110947	4.99262E-4	60	154	0	5.80219E-4	3.7134E-4
60	155	0	1.75378E-4	1.12242E-4	60	156	0	4.70167E-5	3.00907E-5
60	157	0	4.84966E-6	3.10378E-6	60	158	0	5.18963E-7	3.32137E-7
60	159	0	1.76987E-8	1.13272E-8	60	160	0	5.03964E-10	3.22537E-10
60	161	0	6.15949E-12	3.94208E-12	60	162	0	3.47972E-14	2.22702E-14
61	146	0	4.49968E-12	2.8798E-12	61	147	0	2.48982E-11	1.59349E-11
61	148	0	4.44969E-11	2.8478E-11	61	148	1	8.09943E-11	5.18363E-11
61	149	0	3.86973E-8	2.47662E-8	61	150	0	2.99979E-7	1.91986E-7
61	151	0	6.41955E-6	4.10851E-6	61	152	2	9.27934E-6	5.93878E-6
61	152	0	9.27934E-6	5.93878E-6	61	152	1	9.27934E-6	5.93878E-6
61	153	0	8.80038E-5	5.63224E-5	61	154	0	5.41362E-5	3.46472E-5
61	154	1	5.41362E-5	3.46472E-5	61	155	0	1.26091E-4	8.06983E-5
61	156	0	7.0635E-5	4.52064E-5	61	157	0	2.93379E-5	1.87763E-5
61	158	0	7.0595E-6	4.51808E-6	61	159	0	1.05993E-6	6.78352E-7
61	160	0	7.54947E-8	4.83166E-8	61	161	0	4.39969E-9	2.8158E-9
61	162	0	6.79952E-11	4.35169E-11	61	163	0	1.81987E-12	1.16472E-12
61	164	0	1.65988E-14	1.06232E-14	61	166	0	5.47035E-19	3.50102E-19
62	148	0	1.63988E-14	1.04953E-14	62	149	0	1.70988E-12	1.09432E-12
62	150	0	1.21991E-10	7.80745E-11	62	151	0	4.74966E-9	3.03979E-9
62	152	0	9.64932E-8	6.17556E-8	62	153	0	8.00943E-7	5.12604E-7
62	154	0	4.72967E-6	3.02699E-6	62	155	0	1.30991E-5	8.38341E-6
62	156	0	3.03079E-5	1.9397E-5	62	157	0	2.66681E-5	1.70676E-5
62	158	0	2.39783E-5	1.53461E-5	62	159	0	7.41948E-6	4.74846E-6
62	160	0	2.10985E-6	1.3503E-6	62	161	0	2.8298E-7	1.81107E-7
62	162	0	2.02986E-8	1.29911E-8	62	163	0	1.3699E-9	8.76738E-10
62	164	0	6.03957E-11	3.86533E-11	62	165	0	2.54982E-12	1.63188E-12
62	166	0	6.42949E-14	4.11487E-14	63	151	0	2.48982E-12	7.96744E-13
63	152	2	9.06603E-13	5.80226E-13	63	152	0	9.06603E-13	5.80226E-13
63	152	1	9.06603E-13	5.80226E-13	63	153	0	2.32984E-9	7.45547E-10
63	154	1	9.69931E-10	6.20756E-10	63	154	0	9.69931E-10	6.20756E-10
63	155	0	2.62981E-8	1.68308E-8	63	156	0	1.61989E-7	1.03673E-7
63	157	0	6.34955E-7	4.06371E-7	63	158	0	1.27991E-6	8.19142E-7
63	159	0	1.55989E-6	9.98329E-7	63	160	0	9.02936E-7	5.77879E-7
63	161	0	4.53968E-7	2.90539E-7	63	162	0	6.98951E-8	4.47328E-8
63	163	0	1.93986E-8	1.24151E-8	63	164	0	2.00986E-9	1.28631E-9
63	165	0	3.86973E-10	2.47662E-10	63	166	0	2.49982E-11	1.59989E-11
63	167	0	2.23984E-12	1.4335E-12	63	168	0	2.8498E-14	1.82387E-14
64	154	0	1.11992E-13	7.16749E-14	64	155	0	4.07971E-12	2.61102E-12
64	156	0	1.4299E-10	9.15135E-11	64	157	0	1.4799E-9	9.47133E-10
64	158	0	1.4799E-8	9.47133E-9	64	159	0	3.70974E-8	2.37423E-8
64	160	0	1.00993E-7	6.46354E-8	64	161	0	1.10992E-7	7.1035E-8
64	162	0	6.78952E-8	4.34529E-8	64	163	0	3.80973E-8	2.43823E-8
64	164	0	1.48989E-8	9.53533E-9	64	165	0	6.13957E-9	3.92932E-9
64	166	0	1.65988E-9	1.06232E-9	64	167	0	3.67974E-10	2.35503E-10
64	168	0	2.17985E-11	1.3951E-11	64	169	0	1.18992E-12	7.61546E-13
64	170	0	2.67981E-14	1.71508E-14	65	157	0	4.92965E-14	3.15498E-14
65	158	0	1.19992E-12	7.67946E-13	65	158	1	1.32991E-13	8.5114E-14
65	159	0	1.69988E-11	1.08792E-11	65	160	0	2.8398E-10	1.81747E-10
65	161	0	5.95958E-10	3.81413E-10	65	162	0	4.51968E-10	2.8926E-10
65	162	1	4.51968E-10	2.8926E-10	65	163	0	2.13985E-9	1.3695E-9
65	164	0	1.79987E-9	1.15192E-9	65	165	0	2.8098E-9	1.79827E-9
65	166	0	1.53989E-9	9.8553E-10	65	167	0	1.33991E-9	8.57539E-10
65	168	0	1.72988E-10	1.10712E-10	65	169	0	4.06971E-11	2.60462E-11
65	170	0	2.23984E-12	1.4335E-12	65	171	0	2.91979E-13	1.86867E-13
65	172	0	1.04993E-14	6.71953E-15	66	160	0	1.92986E-14	1.23511E-14
66	161	0	2.50982E-13	1.60629E-13	66	162	0	2.02986E-12	1.29911E-12
66	163	0	1.23991E-11	7.93544E-12	66	164	0	4.77966E-11	3.05898E-11
66	165	0	1.52989E-10	9.79131E-11	66	165	1	2.28984E-11	1.4655E-11
66	166	0	3.97972E-10	2.54702E-10	66	167	0	7.50947E-10	4.80606E-10
66	168	0	3.63974E-10	2.32944E-10	66	169	0	1.73988E-10	1.11352E-10
66	170	0	3.72974E-11	2.38703E-11	66	171	0	1.08992E-11	6.97551E-12
66	172	0	1.76987E-12	1.13272E-12	67	165	0	2.04986E-13	1.31191E-13
67	166	0	4.02972E-13	2.57902E-13	67	166	1	9.40933E-13	6.02197E-13
67	167	0	1.02993E-11	6.59153E-12	67	168	0	1.15992E-11	7.42348E-12
67	169	0	2.22984E-11	1.4271E-11	67	170	0	4.92965E-12	3.15498E-12
67	170	1	4.92965E-12	3.15498E-12	67	171	0	1.06992E-11	6.84752E-12
67	172	0	3.68974E-12	2.36143E-12	68	167	0	1.09992E-14	7.0395E-15
68	168	0	6.78952E-14	4.34529E-14	68	169	0	3.26977E-13	2.09265E-13
68	170	0	6.41955E-13	4.10851E-13	68	171	0	1.57989E-12	1.01113E-12
68	172	0	2.19984E-12	1.4079E-12	69	172	0	1.67988E-14	1.07512E-14