Z	A	FPS	Yield	Uncertainty	Z	A	FPS	Yield	Uncertainty
23	66	0	4.48456E-18	2.87012E-18	23	67	0	7.3375E-19	4.696E-19
24	66	0	4.02992E-13	2.57915E-13	24	67	0	4.87988E-14	3.12313E-14
24	69	0	2.89474E-17	1.85263E-17	25	66	0	9.43992E-11	6.04155E-11
25	67	0	5.30995E-11	3.39837E-11	25	68	0	6.65994E-12	4.26236E-12
25	69	0	8.91963E-13	5.70857E-13	25	70	0	5.77995E-14	3.69917E-14
25	72	0	1.19069E-16	7.62042E-17	25	73	0	1.25249E-17	8.01592E-18
26	66	0	3.94997E-9	2.52798E-9	26	67	0	5.13996E-9	3.28957E-9
26	68	0	2.84998E-9	1.82398E-9	26	69	0	9.56992E-10	6.12475E-10
26	70	0	2.81998E-10	1.80478E-10	26	71	0	5.14996E-11	3.29597E-11
26	72	0	1.06998E-11	6.84786E-12	26	73	0	8.3298E-13	5.33107E-13
26	74	0	3.48997E-14	2.23358E-14	26	75	0	1.10987E-15	7.10314E-16
27	66	0	2.68998E-9	1.72159E-9	27	67	0	1.29999E-8	8.31993E-9
27	68	0	1.51999E-8	9.72792E-9	27	69	0	2.07998E-8	1.33119E-8
27	70	0	1.38999E-8	8.89592E-9	27	71	0	1.13999E-8	7.29594E-9
27	72	0	6.01995E-9	3.85277E-9	27	73	0	2.20998E-9	1.41439E-9
27	74	0	2.43998E-10	1.56159E-10	27	75	0	3.41986E-11	2.18871E-11
27	76	0	3.52997E-12	2.25918E-12	27	77	0	6.13463E-14	3.92616E-14
27	78	0	2.85988E-15	1.83032E-15	28	66	0	4.94996E-10	3.16797E-10
28	67	0	5.02996E-9	3.21917E-9	28	68	0	2.17998E-8	1.39519E-8
28	69	0	5.96995E-8	3.82077E-8	28	70	0	1.45999E-7	9.34392E-8
28	71	0	2.56998E-7	1.64479E-7	28	72	0	5.62995E-7	3.60317E-7
28	73	0	4.94996E-7	3.16797E-7	28	74	0	2.47998E-7	1.58719E-7
28	75	0	8.86992E-8	5.67675E-8	28	76	0	4.35996E-8	2.79038E-8
28	77	0	4.0799E-9	2.61114E-9	28	78	0	2.56995E-10	1.64477E-10
28	79	0	1.51227E-12	9.67855E-13	28	80	0	1.27999E-13	8.19193E-14
28	81	0	3.03753E-15	1.94402E-15	29	66	0	1.12999E-12	7.23194E-13
29	67	0	5.07996E-11	3.25117E-11	29	68	0	1.36999E-10	8.76792E-11
29	68	1	3.70997E-10	2.37438E-10	29	69	0	5.56995E-9	3.56477E-9
29	70	0	6.04995E-9	3.87197E-9	29	70	1	2.14998E-8	1.37599E-8
29	71	0	1.77998E-7	1.13919E-7	29	72	0	7.82993E-7	5.01116E-7
29	73	0	2.60998E-6	1.67039E-6	29	74	0	2.86998E-6	1.83678E-6
29	75	0	4.35996E-6	2.79038E-6	29	76	0	5.20995E-6	3.33437E-6
29	77	0	2.23998E-6	1.43359E-6	29	78	0	3.74997E-7	2.39998E-7
29	79	0	4.65981E-8	2.98228E-8	29	80	0	2.53998E-9	1.62559E-9
29	81	0	9.35962E-11	5.99015E-11	29	82	0	1.61999E-12	1.03679E-12
29	83	0	3.69882E-14	2.36725E-14	30	67	0	4.53996E-14	2.90557E-14
30	68	0	2.11998E-12	1.35679E-12	30	69	0	9.78992E-12	6.26555E-12
30	69	1	4.77996E-11	3.05917E-11	30	70	0	1.19999E-9	7.67993E-10
30	71	0	3.00997E-9	1.92638E-9	30	71	1	1.46999E-8	9.40792E-9
30	72	0	3.04997E-7	1.95198E-7	30	73	0	2.07998E-6	1.33119E-6
30	74	0	8.35993E-6	5.35035E-6	30	75	0	2.57198E-5	1.64607E-5
30	76	0	1.18929E-4	7.61145E-5	30	77	0	1.14539E-4	7.3305E-5
30	78	0	8.55893E-5	5.47771E-5	30	79	0	2.61998E-5	1.67679E-5
30	80	0	7.07994E-6	4.53116E-6	30	81	0	7.23994E-7	4.63356E-7
30	82	0	6.43994E-8	4.12156E-8	30	83	0	2.45994E-9	1.57436E-9
30	84	0	7.16994E-11	4.58876E-11	30	85	0	7.23685E-13	4.63158E-13
31	69	0	1.07999E-14	6.91194E-15	31	70	0	5.64995E-13	3.61597E-13
31	71	0	3.83997E-11	2.45758E-11	31	72	1	8.09993E-10	5.18396E-10
31	72	0	8.09993E-10	5.18396E-10	31	73	0	4.74996E-8	3.03997E-8
31	74	1	2.11998E-7	1.35679E-7	31	74	0	2.11998E-7	1.35679E-7
31	75	0	5.01996E-6	3.21277E-6	31	76	0	4.68696E-5	2.99965E-5
31	77	0	1.64999E-4	1.05599E-4	31	78	0	2.60628E-4	1.66802E-4
31	79	0	3.15647E-4	2.02014E-4	31	80	0	2.07878E-4	1.33042E-4
31	81	0	9.96391E-5	6.3769E-5	31	82	0	2.37098E-5	1.51743E-5
31	83	0	4.68996E-6	3.00157E-6	31	84	0	3.82997E-7	2.45118E-7
31	85	0	2.22991E-8	1.42714E-8	31	86	0	4.84996E-10	3.10397E-10
31	87	0	4.75133E-12	3.04085E-12	31	88	0	1.53566E-13	9.8282E-14
32	72	0	1.35999E-12	8.70392E-13	32	73	0	8.50993E-11	5.44635E-11
32	73	1	1.73998E-11	1.11359E-11	32	74	0	4.18996E-9	2.68158E-9
32	75	0	1.43999E-8	9.21592E-9	32	75	1	1.04999E-7	6.71994E-8
32	76	0	4.70996E-6	3.01437E-6	32	77	0	3.17797E-5	2.0339E-5
32	77	1	4.32996E-6	2.77118E-6	32	78	0	2.21128E-4	1.41522E-4
32	79	1	2.68408E-4	1.71781E-4	32	79	0	2.68408E-4	1.71781E-4
32	80	0	0.00136613	8.74322E-4	32	81	0	0.00145985	9.34302E-4
32	82	0	0.00149917	9.59467E-4	32	83	0	7.67733E-4	4.91349E-4
32	84	0	3.00507E-4	1.92325E-4	32	85	0	4.91196E-5	3.14365E-5
32	86	0	5.41995E-6	3.46877E-6	32	87	0	3.15993E-7	2.02235E-7
32	88	0	1.37997E-8	8.83183E-9	32	89	0	6.81497E-11	4.36158E-11
32	90	0	3.26532E-12	2.0898E-12	32	91	0	1.31255E-13	8.40035E-14
33	74	0	1.08999E-13	6.97594E-14	33	74	1	2.94997E-13	1.88798E-13
33	75	0	5.47995E-11	3.50717E-11	33	76	0	5.47995E-9	3.50717E-9
33	77	0	1.89998E-7	1.21599E-7	33	78	0	2.84998E-6	1.82398E-6
33	79	0	2.85098E-5	1.82462E-5	33	80	0	1.64029E-4	1.04978E-4
33	81	0	6.82804E-4	4.36995E-4	33	82	0	7.38834E-4	4.72854E-4
33	82	1	7.38834E-4	4.72854E-4	33	83	0	0.00306922	0.0019643
33	84	1	0.00137796	8.81896E-4	33	84	0	0.00137796	8.81896E-4
33	85	0	0.00207053	0.00132514	33	86	0	5.88585E-4	3.76694E-4
33	87	0	1.67579E-4	1.0725E-4	33	88	0	2.01198E-5	1.28767E-5
33	89	0	2.09991E-6	1.34394E-6	33	90	0	7.44643E-8	4.76572E-8
33	91	0	4.04441E-9	2.58842E-9	33	92	0	6.1315E-12	3.92416E-12
33	93	0	8.78913E-12	5.62505E-12	34	76	0	9.34992E-13	5.98395E-13
34	77	0	1.01999E-11	6.52794E-12	34	77	1	7.47994E-11	4.78716E-11
34	78	0	6.20995E-9	3.97437E-9	34	79	0	1.37999E-7	8.83192E-8
34	79	1	1.87998E-8	1.20319E-8	34	80	0	4.26996E-6	2.73278E-6
34	81	0	5.25995E-6	3.36637E-6	34	81	1	3.85797E-5	2.4691E-5
34	82	0	4.02097E-4	2.57342E-4	34	83	0	0.00155948	9.98065E-4
34	83	1	3.19477E-4	2.04465E-4	34	84	0	0.00594017	0.00190085
34	85	0	0.00533887	0.00341688	34	85	1	0.0053132	0.00340045
34	86	0	0.0122675	0.00392561	34	87	0	0.00675035	0.00303766
34	88	0	0.00446696	0.00285886	34	89	0	0.00121718	7.78995E-4
34	90	0	2.38473E-4	1.52623E-4	34	91	0	9.58587E-6	6.13496E-6
34	92	0	5.50989E-7	3.52633E-7	34	93	0	5.84531E-7	3.741E-7
34	94	0	1.57999E-10	1.01119E-10	34	95	0	3.09949E-12	1.98367E-12
34	96	0	3.07997E-14	1.97118E-14	35	78	0	1.23999E-13	7.93593E-14
35	79	0	3.16997E-12	2.02878E-12	35	79	1	1.18999E-11	7.61593E-12
35	80	0	2.51998E-10	1.61279E-10	35	80	1	8.94992E-10	5.72795E-10
35	81	0	5.86995E-8	3.75677E-8	35	82	0	1.03999E-6	6.65594E-7
35	82	1	3.84997E-7	2.46398E-7	35	83	0	3.17797E-5	2.0339E-5
35	84	0	8.41993E-5	5.38875E-5	35	84	1	1.78918E-4	1.14508E-4
35	85	0	0.00184183	0.00117877	35	86	0	0.00224876	0.00143921
35	86	1	0.0022429	0.00143546	35	87	0	0.014254	8.5524E-4
35	88	0	0.0166928	0.00100157	35	89	0	0.0132885	0.00425232
35	90	0	0.00725716	5.80573E-4	35	91	0	0.00136232	8.71884E-4
35	92	0	2.09288E-4	1.33944E-4	35	93	0	6.4189E-4	4.1081E-4
35	94	0	8.13993E-7	5.20955E-7	35	95	0	9.55053E-8	6.11234E-8
35	96	0	2.27998E-9	1.45919E-9	35	97	0	1.72912E-11	1.10664E-11
35	98	0	4.80727E-13	3.07665E-13	36	80	0	4.30996E-14	2.75838E-14
36	81	0	5.50995E-12	3.52637E-12	36	81	1	7.51993E-13	4.81276E-13
36	82	0	7.79993E-10	4.99196E-10	36	83	0	4.12996E-8	2.64318E-8
36	83	1	8.46993E-9	5.42075E-9	36	84	0	2.01998E-6	1.29279E-6
36	85	0	3.09397E-5	1.98014E-5	36	85	1	6.33995E-6	4.05756E-6
36	86	0	0.001542	4.93439E-4	36	87	0	0.00350431	8.05991E-4
36	88	0	0.0124732	7.4839E-4	36	89	0	0.0255753	0.00204602
36	90	0	0.0402432	0.00160973	36	91	0	0.029162	0.00116648
36	92	0	0.0135368	0.00216589	36	93	0	0.00305278	2.44223E-4
36	94	0	6.18905E-4	3.96099E-4	36	95	0	2.26363E-4	1.44872E-4
36	96	0	2.30898E-5	1.47775E-5	36	97	0	1.14997E-6	7.35983E-7
36	98	0	4.31991E-8	2.76475E-8	36	99	0	2.95535E-11	1.89143E-11
36	100	0	9.59992E-12	6.14395E-12	36	101	0	3.51064E-13	2.24681E-13
37	83	0	1.29999E-12	8.31993E-13	37	84	0	1.48999E-10	9.53592E-11
37	85	0	1.44999E-8	9.27992E-9	37	86	1	2.18998E-7	1.40159E-7
37	86	0	2.18998E-7	1.40159E-7	37	87	0	1.33099E-5	8.51833E-6
37	88	0	5.47855E-4	3.50627E-4	37	89	0	0.00389926	0.00249552
37	90	0	0.00128501	8.22406E-4	37	90	1	0.00689361	0.00441191
37	91	0	0.0200984	0.00643149	37	92	0	0.0279003	0.00892811
37	93	0	0.0340824	0.0013633	37	94	0	0.0189055	0.00113433
37	95	0	0.00898065	0.00574762	37	96	0	0.00227937	0.0014588
37	97	0	5.37125E-4	3.4376E-4	37	98	0	5.34695E-5	3.42205E-5
37	99	0	9.10641E-7	5.8281E-7	37	100	0	1.54999E-7	9.91991E-8
37	101	0	1.08174E-8	6.92315E-9	37	102	0	1.85837E-11	1.18936E-11
37	103	0	7.59104E-13	4.85826E-13	37	104	0	7.71167E-15	4.93547E-15
38	85	1	2.15998E-13	1.38239E-13	38	85	0	2.15998E-13	1.38239E-13
38	86	0	6.73994E-11	4.31356E-11	38	87	0	4.77996E-9	3.05917E-9
38	87	1	9.78992E-10	6.26555E-10	38	88	0	3.63997E-7	2.32958E-7
38	89	0	8.31993E-6	5.32475E-6	38	90	0	3.43157E-4	1.54421E-4
38	91	0	0.0068519	0.00438522	38	92	0	0.0161423	0.00516555
38	93	0	0.0214448	0.00235893	38	94	0	0.0378687	0.00227212
38	95	0	0.0436722	0.00480395	38	96	0	0.0438316	0.00701306
38	97	0	0.0236963	0.00758282	38	98	0	0.0104358	0.00333946
38	99	0	0.00215836	0.00138135	38	100	0	3.55737E-4	2.27672E-4
38	101	0	2.5639E-5	1.64089E-5	38	102	0	1.66997E-6	1.06878E-6
38	103	0	5.0485E-8	3.23104E-8	38	104	0	6.92986E-10	4.43511E-10
39	87	0	4.02997E-14	2.57918E-14	39	88	0	7.27994E-12	4.65916E-12
39	89	0	1.37999E-10	8.83192E-11	39	89	1	6.73994E-10	4.31356E-10
39	90	1	2.29498E-8	1.46879E-8	39	90	0	2.29498E-8	1.46879E-8
39	91	1	8.59993E-7	5.50395E-7	39	91	0	8.59993E-7	5.50395E-7
39	92	0	2.89897E-5	1.85534E-5	39	93	1	0.00103401	6.61767E-4
39	93	0	0.00103401	6.61767E-4	39	94	0	0.00677415	0.00155805
39	95	0	0.0117795	0.00270928	39	96	0	0.00133016	8.51301E-4
39	96	1	0.0134612	0.00430759	39	97	1	0.0151362	0.0096872
39	97	0	0.0151362	0.0096872	39	98	0	0.0138524	0.00443277
39	98	1	0.013851	0.00443233	39	99	0	0.0225104	0.00720332
39	100	0	0.00869977	0.00556786	39	101	0	0.00283096	0.00181181
39	102	0	4.58116E-4	2.93194E-4	39	103	0	5.5439E-5	3.5481E-5
39	104	0	2.31998E-6	1.48479E-6	39	105	0	1.86582E-13	1.19413E-13
39	106	0	6.89182E-15	4.41076E-15	39	107	0	6.04955E-16	3.87171E-16
39	108	0	4.65324E-18	2.97807E-18	39	109	0	2.14229E-13	1.37107E-13
39	110	0	4.82953E-15	3.0909E-15	40	90	1	8.89992E-13	5.69595E-13
40	90	0	8.89992E-13	5.69595E-13	40	91	0	2.00998E-10	1.28639E-10
40	92	0	1.66999E-8	1.06879E-8	40	93	0	4.92996E-7	3.15517E-7
40	94	0	1.29099E-5	8.26233E-6	40	95	0	1.47749E-4	9.45592E-5
40	96	0	0.0012463	7.97632E-4	40	97	0	0.00560655	0.00358819
40	98	0	0.020377	0.0046867	40	99	0	0.0336336	0.0107628
40	100	0	0.0489287	0.0156572	40	101	0	0.0341132	0.0109162
40	102	0	0.0222015	0.0071045	40	103	0	0.00625857	0.00400548
40	104	0	0.00116425	7.4512E-4	40	105	0	5.48995E-6	3.51357E-6
40	106	0	2.73998E-7	1.75358E-7	40	107	0	1.78E-8	1.1392E-8
40	108	0	1.84998E-10	1.18399E-10	40	109	0	1.42475E-8	9.11842E-9
40	110	0	4.33991E-10	2.77755E-10	40	111	0	9.55331E-14	6.11412E-14
40	112	0	6.03649E-15	3.86336E-15	41	92	0	8.35993E-14	5.35035E-14
41	93	0	1.02999E-11	6.59194E-12	41	93	1	2.11998E-12	1.35679E-12
41	94	0	5.80995E-10	3.71837E-10	41	94	1	3.40997E-10	2.18238E-10
41	95	0	4.41996E-8	2.82878E-8	41	95	1	9.04992E-9	5.79195E-9
41	96	0	1.19999E-6	7.67993E-7	41	97	0	2.16898E-5	1.38815E-5
41	97	1	4.43996E-6	2.84158E-6	41	98	0	1.78118E-4	1.13996E-4
41	98	1	5.02396E-5	3.21533E-5	41	99	0	1.23669E-4	7.91481E-5
41	99	1	0.001422	9.10079E-4	41	100	0	0.00248383	0.00158965
41	100	1	0.00248383	0.00158965	41	101	0	0.0135791	0.00434532
41	102	1	0.00863186	0.00552439	41	102	0	0.00863186	0.00552439
41	103	0	0.0180568	0.00577818	41	104	1	0.00357096	0.00228541
41	104	0	0.00357096	0.00228541	41	105	0	0.00277348	0.00177502
41	106	0	4.34756E-4	2.78244E-4	41	107	0	1.01841E-4	6.51784E-5
41	108	0	8.18993E-6	5.24155E-6	41	109	0	1.56456E-5	1.00132E-5
41	110	0	5.53995E-7	3.54557E-7	41	111	0	2.94369E-9	1.88396E-9
41	112	0	1.3766E-10	8.81023E-11	41	113	0	6.63481E-14	4.24628E-14
41	114	0	5.0966E-15	3.26182E-15	41	115	0	2.01804E-15	1.29155E-15
42	95	0	1.49999E-12	9.59992E-13	42	96	0	1.66999E-10	1.06879E-10
42	97	0	9.93991E-9	6.36154E-9	42	98	0	4.22996E-7	2.70718E-7
42	99	0	7.23994E-6	4.63356E-6	42	100	0	1.07399E-4	6.87354E-5
42	101	0	6.92764E-4	4.43369E-4	42	102	0	0.00365223	0.00233743
42	103	0	0.00797168	0.00358726	42	104	0	0.0120413	0.00276949
42	105	0	0.00916739	0.00293357	42	106	0	0.00479012	5.26913E-4
42	107	0	0.0026645	0.00170528	42	108	0	0.00107449	6.87674E-4
42	109	0	4.19266E-4	2.6833E-4	42	110	0	1.11609E-4	7.14298E-5
42	111	0	6.977E-6	4.46528E-6	42	112	0	4.40859E-7	2.82149E-7
42	113	0	4.41255E-9	2.82403E-9	42	114	0	4.57991E-10	2.93114E-10
42	115	0	1.34212E-10	8.58957E-11	42	116	0	5.84995E-14	3.74397E-14
42	117	0	2.08038E-15	1.33144E-15	43	97	1	3.03997E-14	1.94558E-14
43	97	0	3.03997E-14	1.94558E-14	43	98	0	7.13994E-12	4.56956E-12
43	99	0	4.84996E-10	3.10397E-10	43	99	1	9.93991E-11	6.36154E-11
43	100	0	2.36998E-8	1.51679E-8	43	101	0	7.60993E-7	4.87036E-7
43	102	0	4.87996E-6	3.12317E-6	43	102	1	4.87996E-6	3.12317E-6
43	103	0	9.42892E-5	6.03451E-5	43	104	0	3.15727E-4	2.02065E-4
43	105	0	7.47394E-5	4.78332E-5	43	106	0	1.02889E-4	6.5849E-5
43	107	0	2.56828E-4	1.6437E-4	43	108	0	2.23708E-4	1.43173E-4
43	109	0	3.39107E-4	2.17029E-4	43	110	0	3.04537E-4	1.94904E-4
43	111	0	1.19539E-4	7.65049E-5	43	112	0	2.47098E-5	1.58143E-5
43	113	0	4.84555E-6	3.10115E-6	43	114	0	4.49996E-7	2.87998E-7
43	115	0	1.47382E-7	9.43245E-8	43	116	0	9.14992E-10	5.85595E-10
43	117	0	6.41032E-11	4.10261E-11	43	118	0	7.66716E-14	4.90698E-14
43	119	0	2.04488E-15	1.30872E-15	44	100	0	7.25994E-13	4.64636E-13
44	101	0	6.40994E-11	4.10236E-11	44	102	0	3.95997E-9	2.53438E-9
44	103	0	9.93991E-8	6.36154E-8	44	104	0	1.58999E-6	1.01759E-6
44	105	0	1.00999E-9	6.46394E-10	44	106	0	8.69992E-9	5.56795E-9
44	107	0	8.40993E-8	5.38235E-8	44	108	0	4.90996E-7	3.14237E-7
44	109	1	1.99998E-5	1.27999E-5	44	109	0	1.99998E-5	1.27999E-5
44	110	0	2.32368E-4	1.48716E-4	44	111	0	2.78298E-4	1.7811E-4
44	112	0	2.88488E-4	1.84632E-4	44	113	0	1.54549E-4	9.89111E-5
44	114	0	7.07394E-5	4.52732E-5	44	115	0	1.43924E-5	9.21111E-6
44	116	0	2.02998E-6	1.29919E-6	44	117	0	1.51935E-7	9.72381E-8
44	118	0	6.88986E-9	4.40951E-9	44	119	0	1.35997E-10	8.70379E-11
44	120	0	1.82998E-12	1.17119E-12	44	121	0	1.38896E-14	8.88932E-15
45	103	0	2.03998E-13	1.30559E-13	45	103	1	1.49999E-12	9.59992E-13
45	104	0	1.61999E-11	1.03679E-11	45	104	1	5.73995E-11	3.67357E-11
45	105	0	6.15995E-10	1.97118E-10	45	105	1	8.39993E-11	5.37595E-11
45	108	0	6.80994E-14	4.35836E-14	45	108	1	6.80994E-14	4.35836E-14
45	109	0	5.24995E-8	3.35997E-8	45	109	1	5.24995E-8	3.35997E-8
45	110	0	1.32999E-6	8.51193E-7	45	110	1	1.32999E-6	8.51193E-7
45	111	0	2.07698E-5	1.32927E-5	45	112	0	6.04895E-5	3.87133E-5
45	113	0	1.46229E-4	9.35864E-5	45	114	0	1.55209E-4	9.93335E-5
45	115	0	1.35109E-4	8.64697E-5	45	116	0	4.80896E-5	3.07773E-5
45	117	0	1.84598E-5	1.18143E-5	45	118	0	2.45998E-6	1.57439E-6
45	119	0	2.67998E-7	1.71519E-7	45	120	0	1.07999E-8	6.91194E-9
45	121	0	4.27982E-10	2.73909E-10	45	122	0	8.11993E-12	5.19676E-12
45	123	0	1.36999E-13	8.76792E-14	46	109	0	7.00994E-12	4.48636E-12
46	109	1	1.55999E-11	9.98391E-12	46	110	0	5.07996E-9	3.25117E-9
46	111	0	5.16996E-8	3.30877E-8	46	111	1	1.14999E-7	7.35994E-8
46	112	0	2.97997E-6	1.90718E-6	46	113	0	2.04498E-5	1.30879E-5
46	114	0	9.56792E-5	6.12347E-5	46	115	0	1.81648E-4	1.16255E-4
46	116	0	2.63358E-4	1.68549E-4	46	117	0	2.41968E-4	1.54859E-4
46	118	0	1.50779E-4	9.64984E-5	46	119	0	4.51896E-5	2.89213E-5
46	120	0	9.35992E-6	5.99035E-6	46	121	0	1.03999E-6	6.65594E-7
46	122	0	9.99991E-8	6.39994E-8	46	123	0	4.78996E-9	3.06557E-9
46	124	0	2.33998E-10	1.49759E-10	46	130	0	2.55998E-14	1.63839E-14
47	110	0	2.39998E-14	1.53599E-14	47	110	1	6.47994E-14	4.14716E-14
47	111	0	2.87998E-12	1.84318E-12	47	111	1	2.10998E-11	1.35039E-11
47	112	0	1.50999E-9	9.66392E-10	47	113	0	7.79993E-9	4.99196E-9
47	113	1	5.71995E-8	3.66077E-8	47	114	0	8.57993E-7	5.49115E-7
47	115	0	3.71997E-6	2.38078E-6	47	115	1	3.71997E-6	2.38078E-6
47	116	0	1.30099E-5	8.32633E-6	47	116	1	1.30099E-5	8.32633E-6
47	117	0	5.08996E-5	3.25757E-5	47	117	1	5.08996E-5	3.25757E-5
47	118	0	7.23294E-5	4.62908E-5	47	118	1	7.23294E-5	4.62908E-5
47	119	0	1.85938E-4	1.19001E-4	47	120	1	4.68746E-5	2.99997E-5
47	120	0	4.68746E-5	2.99997E-5	47	121	0	4.80096E-5	3.07261E-5
47	122	1	5.98495E-6	3.83037E-6	47	122	0	5.98495E-6	3.83037E-6
47	123	0	2.79998E-6	1.79198E-6	47	124	0	3.64997E-7	2.33598E-7
47	125	0	2.34998E-11	1.50399E-11	47	126	0	1.84998E-12	1.18399E-12
47	127	0	3.89997E-13	2.49598E-13	47	128	0	1.51999E-14	9.72792E-15
47	129	0	1.27787E-15	8.17836E-16	47	130	0	1.44999E-9	9.27992E-10
47	131	0	1.47051E-11	9.41125E-12	47	132	0	1.7916E-13	1.14662E-13
48	112	0	1.14999E-13	7.35994E-14	48	113	0	3.58997E-12	2.29758E-12
48	113	1	1.34999E-11	8.63993E-12	48	114	0	1.25999E-9	8.06393E-10
48	115	0	6.43994E-9	4.12156E-9	48	115	1	2.41998E-8	1.54879E-8
48	116	0	5.44995E-7	3.48797E-7	48	117	0	1.21999E-6	7.80793E-7
48	117	1	4.58996E-6	2.93757E-6	48	118	0	3.82897E-5	2.45054E-5
48	119	0	5.83795E-5	3.73629E-5	48	119	1	5.83795E-5	3.73629E-5
48	120	0	2.39168E-4	1.53067E-4	48	121	1	1.34164E-4	8.58649E-5
48	121	0	1.34164E-4	8.58649E-5	48	122	0	2.73428E-4	1.74994E-4
48	123	0	1.52449E-4	9.75672E-5	48	124	0	8.86992E-5	5.67675E-5
48	125	0	5.21995E-6	3.34077E-6	48	126	0	1.91998E-6	1.22879E-6
48	127	0	1.05999E-6	6.78394E-7	48	128	0	2.29998E-7	1.47199E-7
48	129	0	3.75997E-8	2.40638E-8	48	130	0	1.11999E-5	7.16794E-6
48	131	0	9.77977E-7	6.25905E-7	48	132	0	1.60997E-8	1.03038E-8
48	133	0	8.7621E-11	5.60775E-11	48	134	0	3.01997E-12	1.93278E-12
48	135	0	2.22272E-13	1.42254E-13	49	114	1	1.30999E-14	8.38393E-15
49	115	0	1.81998E-12	1.16479E-12	49	115	1	3.72997E-13	2.38718E-13
49	116	2	3.87997E-11	2.48318E-11	49	116	0	3.87997E-11	2.48318E-11
49	116	1	3.87997E-11	2.48318E-11	49	117	0	5.67995E-9	3.63517E-9
49	117	1	1.15999E-9	7.42394E-10	49	118	2	1.44499E-8	9.24792E-9
49	118	0	1.02999E-7	6.59194E-8	49	118	1	1.44499E-8	9.24792E-9
49	119	0	1.68999E-6	1.08159E-6	49	119	1	3.45997E-7	2.21438E-7
49	120	2	3.5133E-6	2.24851E-6	49	120	0	3.5133E-6	2.24851E-6
49	120	1	3.5133E-6	2.24851E-6	49	121	0	4.11596E-5	2.63422E-5
49	121	1	8.42993E-6	5.39515E-6	49	122	2	3.59197E-5	2.29886E-5
49	122	0	3.59197E-5	2.29886E-5	49	122	1	3.59197E-5	2.29886E-5
49	123	0	1.92168E-4	1.22988E-4	49	123	1	3.93597E-5	2.51902E-5
49	124	1	1.42714E-4	9.13368E-5	49	124	0	1.42714E-4	9.13368E-5
49	125	0	1.83518E-4	1.17452E-4	49	125	1	1.83518E-4	1.17452E-4
49	126	1	1.45339E-4	9.30168E-5	49	126	0	1.45339E-4	9.30168E-5
49	127	0	3.30407E-4	2.11461E-4	49	127	1	3.30407E-4	2.11461E-4
49	128	1	1.96653E-4	1.25858E-4	49	128	0	1.96653E-4	1.25858E-4
49	129	0	1.66469E-4	1.0654E-4	49	129	1	1.66469E-4	1.0654E-4
49	130	2	2.86368E-4	1.83275E-4	49	130	1	2.86368E-4	1.83275E-4
49	130	0	2.86368E-4	1.83275E-4	49	131	1	1.87683E-4	1.20117E-4
49	131	0	1.87683E-4	1.20117E-4	49	132	0	1.80698E-5	1.15647E-5
49	133	0	2.69989E-6	1.72793E-6	49	134	0	5.96995E-8	3.82077E-8
49	135	0	6.84892E-9	4.38331E-9	49	136	0	6.86994E-12	4.39676E-12
49	137	0	5.62341E-14	3.59898E-14	50	117	1	3.18997E-13	2.04158E-13
50	117	0	3.18997E-13	2.04158E-13	50	118	0	6.95994E-11	4.45436E-11
50	119	0	6.88994E-10	4.40956E-10	50	119	1	2.58998E-9	1.65759E-9
50	120	0	8.87992E-8	5.68315E-8	50	121	0	2.89997E-7	1.85598E-7
50	121	1	8.23993E-7	5.27355E-7	50	122	0	1.08199E-5	6.92474E-6
50	123	0	3.96297E-5	2.5363E-5	50	123	1	1.39199E-5	8.90872E-6
50	124	0	2.55328E-4	1.6341E-4	50	125	0	2.27668E-4	1.45708E-4
50	125	1	7.99893E-5	5.11932E-5	50	126	0	6.78764E-4	4.34409E-4
50	127	0	0.00176146	0.00112734	50	127	1	6.16635E-4	3.94646E-4
50	128	1	0.00227157	0.00145381	50	128	0	0.00227157	0.00145381
50	129	0	0.0054959	0.00247316	50	129	1	0.00191043	0.00122268
50	130	1	0.00661321	0.00423246	50	130	0	0.00661321	0.00423246
50	131	1	0.00693282	0.004437	50	131	0	0.00693282	0.004437
50	132	0	0.00321367	3.53504E-4	50	133	0	0.00138078	8.83698E-4
50	134	0	1.66419E-4	1.06508E-4	50	135	0	1.6233E-5	1.03891E-5
50	136	0	3.23997E-7	2.07358E-7	50	137	0	3.73991E-9	2.39354E-9
50	138	0	1.74998E-10	1.11999E-10	50	139	0	1.26564E-12	8.10008E-13
50	140	0	1.23741E-13	7.91944E-14	51	119	0	8.85992E-14	5.67035E-14
51	120	0	2.67998E-12	1.71519E-12	51	120	1	4.55996E-12	2.91837E-12
51	121	0	4.76996E-10	3.05277E-10	51	122	0	5.41995E-9	3.46877E-9
51	122	1	7.18994E-9	4.60156E-9	51	123	0	2.99997E-7	1.91998E-7
51	124	2	1.16666E-6	7.4666E-7	51	124	0	1.16666E-6	7.4666E-7
51	124	1	1.16666E-6	7.4666E-7	51	125	0	3.79997E-7	2.43198E-7
51	126	2	5.44995E-7	3.48797E-7	51	126	0	7.91993E-7	5.06876E-7
51	126	1	5.44995E-7	3.48797E-7	51	127	0	2.47398E-5	1.58335E-5
51	128	0	4.35396E-5	2.78654E-5	51	128	1	6.01295E-5	3.84829E-5
51	129	0	6.07975E-4	3.89104E-4	51	130	0	0.00151689	9.70808E-4
51	130	1	0.00209432	0.00134037	51	131	0	0.014956	0.00343987
51	132	0	0.0171981	0.00550338	51	132	1	0.0154315	0.00493809
51	133	0	0.0152368	0.00121894	51	134	1	0.00244227	0.00156305
51	134	0	0.00244227	0.00156305	51	135	0	0.00245877	0.00157361
51	136	0	1.40139E-4	8.96888E-5	51	137	0	8.40993E-6	5.38235E-6
51	138	0	1.13999E-6	7.29594E-7	51	139	0	3.89984E-8	2.4959E-8
51	140	0	2.82187E-9	1.806E-9	51	141	0	2.30563E-12	1.4756E-12
51	142	0	1.55791E-13	9.97064E-14	52	121	1	7.84993E-15	5.02396E-15
52	121	0	7.84993E-15	5.02396E-15	52	122	0	2.14998E-12	1.37599E-12
52	123	0	3.00997E-11	1.92638E-11	52	123	1	1.12999E-10	7.23194E-11
52	124	0	8.12993E-9	5.20315E-9	52	125	0	1.07999E-13	6.91194E-14
52	125	1	4.04996E-13	2.59198E-13	52	126	0	1.24999E-11	7.99993E-12
52	127	0	1.09999E-10	7.03994E-11	52	127	1	3.12997E-10	2.00318E-10
52	128	0	9.45992E-9	6.05435E-9	52	129	0	4.13996E-8	2.64958E-8
52	129	1	1.17999E-7	7.55193E-8	52	130	0	2.40188E-4	1.5372E-4
52	131	0	7.54103E-4	4.82626E-4	52	131	1	0.00223833	0.00143253
52	132	0	0.0107473	0.00171957	52	133	0	0.0261837	0.00837879
52	133	1	0.0205108	0.00225619	52	134	0	0.0601889	0.00240755
52	135	0	0.0247357	0.00568922	52	136	0	0.0101984	4.07935E-4
52	137	0	0.00160813	0.0010292	52	138	0	0.00108758	6.96052E-4
52	139	0	9.79292E-5	6.26747E-5	52	140	0	9.0371E-6	5.78374E-6
52	141	0	1.53338E-7	9.81366E-8	52	142	0	1.39997E-8	8.95982E-9
52	143	0	8.70734E-12	5.5727E-12	52	145	0	1.16474E-13	7.45432E-14
53	130	0	1.29999E-7	8.31993E-8	53	130	1	4.79996E-8	3.07197E-8
53	131	0	1.08099E-5	6.91834E-6	53	132	1	5.12146E-5	3.27773E-5
53	132	0	5.12146E-5	3.27773E-5	53	133	1	0.00191884	0.00122806
53	133	0	0.00191884	0.00122806	53	134	0	0.00744722	0.00238311
53	134	1	0.00338058	0.00216357	53	135	0	0.0360323	0.00288258
53	136	0	0.0185293	0.00592938	53	136	1	0.0144876	0.00333214
53	137	0	0.0240156	0.00144094	53	138	0	0.012507	7.50423E-4
53	139	0	0.00460471	3.68377E-4	53	140	0	0.00111389	7.1289E-4
53	141	0	1.68385E-4	1.07767E-4	53	142	0	2.26298E-5	1.44831E-5
53	143	0	2.68301E-7	1.71713E-7	53	145	0	3.58894E-9	2.29692E-9
53	146	0	3.7835E-12	2.42144E-12	53	147	0	3.36909E-13	2.15622E-13
54	130	0	1.89998E-11	1.21599E-11	54	131	0	8.45993E-10	5.41435E-10
54	131	1	2.40998E-9	1.54239E-9	54	132	0	1.70999E-7	1.09439E-7
54	133	0	1.45499E-5	8.72992E-7	54	133	1	4.22996E-5	2.70718E-5
54	134	0	5.06096E-5	3.23901E-5	54	134	1	1.36829E-4	8.75704E-5
54	135	0	0.0011961	2.75103E-4	54	135	1	0.00185584	0.00118774
54	136	0	0.0171223	0.00188345	54	137	0	0.0353304	0.00141322
54	138	0	0.0468308	0.00131126	54	139	0	0.0379271	0.00151708
54	140	0	0.0258746	0.00103499	54	141	0	0.0087995	9.67945E-4
54	142	0	0.00566732	0.00362709	54	143	1	3.17958E-4	2.03493E-4
54	143	0	3.17958E-4	2.03493E-4	54	145	0	8.50634E-6	5.44406E-6
54	146	0	3.39993E-7	2.17596E-7	54	147	0	2.24065E-8	1.43401E-8
54	148	0	6.20995E-11	3.97437E-11	54	149	0	3.50927E-13	2.24593E-13
55	131	0	1.61999E-14	1.03679E-14	55	132	0	2.61998E-12	1.67679E-12
55	133	0	7.51993E-10	4.81276E-10	55	134	1	2.51998E-8	1.61279E-8
55	134	0	2.51998E-8	1.61279E-8	55	135	1	1.02999E-6	6.59194E-7
55	135	0	1.02999E-6	6.59194E-7	55	136	1	5.86395E-5	3.75293E-5
55	136	0	5.86395E-5	3.75293E-5	55	137	0	0.00228352	7.30726E-4
55	138	0	0.00554215	0.00127469	55	138	1	0.00114786	7.3463E-4
55	139	0	0.0209661	0.00943477	55	140	0	0.0304691	0.00182815
55	141	0	0.0349117	0.0111717	55	142	0	0.022656	0.00135936
55	143	0	0.0120089	9.60709E-4	55	144	0	0.00380411	3.04329E-4
55	145	0	0.00137307	8.78764E-4	55	146	0	1.52039E-4	9.73048E-5
55	147	0	2.46052E-5	1.57473E-5	55	148	0	4.05996E-7	2.59838E-7
55	149	0	1.08132E-8	6.92045E-9	55	150	0	1.12999E-10	7.23194E-11
55	151	0	3.23806E-13	2.07236E-13	55	152	0	9.14717E-15	5.85419E-15
56	134	0	1.88998E-12	1.20959E-12	56	135	1	1.22499E-10	7.83993E-11
56	135	0	1.22499E-10	7.83993E-11	56	136	1	3.16497E-8	2.02558E-8
56	136	0	3.16497E-8	2.02558E-8	56	137	0	2.20998E-7	1.41439E-7
56	137	1	6.29995E-7	4.03197E-7	56	138	0	2.12998E-5	1.36319E-5
56	139	0	2.00798E-4	1.28511E-4	56	140	0	0.0023551	0.00150726
56	141	0	0.0155707	0.00700684	56	142	0	0.0266072	0.00159643
56	143	0	0.0361057	0.00216634	56	144	0	0.0301256	0.00180754
56	145	0	0.023198	0.00742336	56	146	0	0.0115105	0.00368335
56	147	0	0.00240278	0.00153778	56	148	0	3.86187E-4	2.47159E-4
56	149	0	2.5629E-5	1.64025E-5	56	150	0	1.48999E-6	9.53592E-7
56	151	0	2.15351E-8	1.37824E-8	56	152	0	8.21984E-10	5.2607E-10
56	153	0	1.93091E-12	1.23578E-12	56	154	0	3.64997E-14	2.33598E-14
56	155	0	1.60134E-15	1.02486E-15	57	137	0	2.62998E-11	1.68319E-11
57	138	0	9.76992E-8	6.25275E-8	57	139	0	8.91992E-8	5.70875E-8
57	140	0	2.03998E-6	1.30559E-6	57	141	0	4.65796E-5	2.98109E-5
57	142	0	2.99087E-4	1.91416E-4	57	143	0	0.00864931	0.00198934
57	144	0	0.01852	0.0059264	57	145	0	0.012425	0.00397599
57	146	1	0.00664231	0.00425108	57	146	0	0.00664231	0.00425108
57	147	0	0.0111544	0.0035694	57	148	0	0.00422294	0.00270268
57	149	0	0.00125961	8.0615E-4	57	150	0	1.89018E-4	1.20972E-4
57	151	0	2.36483E-5	1.51349E-5	57	152	0	1.36999E-6	8.76792E-7
57	153	0	5.94976E-8	3.80784E-8	57	154	0	7.99993E-10	5.11996E-10
57	155	0	4.93426E-11	3.15793E-11	57	156	0	4.6181E-14	2.95558E-14
57	157	0	9.98381E-16	6.38964E-16	58	138	0	1.19999E-12	7.67993E-13
58	139	0	7.88993E-13	5.04956E-13	58	139	1	2.24998E-12	1.43999E-12
58	140	0	3.56997E-10	2.28478E-10	58	141	0	3.21997E-7	1.03039E-7
58	142	0	7.11994E-7	4.55676E-7	58	143	0	1.39299E-5	8.91512E-6
58	144	0	1.67989E-4	1.07513E-4	58	145	0	9.18462E-4	5.87816E-4
58	146	0	0.00426799	0.00273152	58	147	0	0.00765368	0.00244918
58	148	0	0.0116469	0.00267878	58	149	0	0.00757686	0.0024246
58	150	0	0.00456916	0.00292426	58	151	0	0.00136694	8.7484E-4
58	152	0	3.53657E-4	2.2634E-4	58	153	0	3.92997E-5	2.51518E-5
58	154	0	2.45998E-6	1.57439E-6	58	155	0	1.1695E-7	7.48478E-8
58	156	0	4.14992E-9	2.65595E-9	58	157	0	6.63984E-11	4.2495E-11
58	158	0	9.24992E-13	5.91995E-13	58	159	0	3.31013E-15	2.11848E-15
59	141	0	1.77998E-13	1.13919E-13	59	142	1	7.84993E-12	5.02396E-12
59	142	0	7.84993E-12	5.02396E-12	59	143	0	1.60999E-9	1.03039E-9
59	144	0	4.80996E-9	3.07837E-9	59	144	1	4.85996E-8	3.11037E-8
59	145	0	1.44999E-6	9.27992E-7	59	146	0	1.82598E-5	1.16863E-5
59	147	0	1.52949E-4	9.78872E-5	59	148	1	2.79448E-4	1.78846E-4
59	148	0	2.79448E-4	1.78846E-4	59	149	0	0.00148579	9.50904E-4
59	150	0	0.00189731	0.00121428	59	151	0	0.00219108	0.00140229
59	152	0	0.00120274	7.69753E-4	59	153	0	5.47675E-4	3.50512E-4
59	154	0	7.91093E-5	5.063E-5	59	155	0	1.65799E-5	1.06111E-5
59	156	0	1.47999E-6	9.47192E-7	59	157	0	1.10999E-7	7.10394E-8
59	158	0	4.03997E-9	2.58558E-9	59	159	0	1.01996E-10	6.52773E-11
59	160	0	9.10992E-13	5.83035E-13	59	161	0	1.95466E-15	1.25098E-15
59	162	0	1.20182E-17	7.69164E-18	60	143	0	1.36999E-14	8.76792E-15
60	144	0	1.28999E-10	4.12796E-11	60	145	0	1.82998E-10	1.17119E-10
60	146	0	1.21999E-8	7.80793E-9	60	147	0	2.80998E-7	1.79838E-7
60	148	0	5.17996E-6	3.31517E-6	60	149	0	3.45997E-5	2.21438E-5
60	150	0	2.01988E-4	1.29272E-4	60	151	0	5.34985E-4	3.42391E-4
60	152	0	0.00113424	7.25914E-4	60	153	0	0.0010181	4.58146E-4
60	154	0	5.66145E-4	3.62333E-4	60	155	0	2.50118E-4	1.60075E-4
60	156	0	9.08192E-5	5.81243E-5	60	157	0	1.60399E-5	1.02655E-5
60	158	0	2.61998E-6	1.67679E-6	60	159	0	1.66999E-7	1.06879E-7
60	160	0	7.05994E-9	4.51836E-9	60	161	0	1.29997E-10	8.3198E-11
60	162	0	1.07998E-12	6.91186E-13	61	146	0	7.22994E-14	4.62716E-14
61	147	0	8.61993E-12	5.51675E-12	61	148	0	1.25999E-10	8.06393E-11
61	148	1	3.40997E-10	2.18238E-10	61	149	0	1.63999E-8	1.04959E-8
61	150	0	2.50998E-7	1.60639E-7	61	151	0	3.18997E-6	2.04158E-6
61	152	2	5.49995E-6	3.51997E-6	61	152	0	5.49995E-6	3.51997E-6
61	152	1	5.49995E-6	3.51997E-6	61	153	0	6.49994E-5	4.15996E-5
61	154	0	3.66897E-5	2.34814E-5	61	154	1	3.66897E-5	2.34814E-5
61	155	0	1.19959E-4	7.67737E-5	61	156	0	8.71392E-5	5.57691E-5
61	157	0	5.75495E-5	3.68317E-5	61	158	0	2.01998E-5	1.29279E-5
61	159	0	5.33995E-6	3.41757E-6	61	160	0	5.41995E-7	3.46877E-7
61	161	0	4.52996E-8	2.89917E-8	61	162	0	9.60992E-10	6.15035E-10
61	163	0	1.63999E-11	1.04959E-11	61	164	0	4.00997E-13	2.56638E-13
61	166	0	1.07273E-17	6.8655E-18	61	167	0	2.46588E-19	1.57816E-19
62	149	0	5.71995E-13	3.66077E-13	62	150	0	4.56996E-11	2.92477E-11
62	151	0	1.62999E-9	1.04319E-9	62	152	0	4.08996E-8	2.61758E-8
62	153	0	4.18996E-7	2.68158E-7	62	154	0	2.08998E-6	1.33759E-6
62	155	0	7.92993E-6	5.07516E-6	62	156	0	2.30598E-5	1.47583E-5
62	157	0	3.16497E-5	2.02558E-5	62	158	0	4.07296E-5	2.6067E-5
62	159	0	2.16298E-5	1.38431E-5	62	160	0	8.33993E-6	5.33755E-6
62	161	0	1.52999E-6	9.79192E-7	62	162	0	1.37999E-7	8.83192E-8
62	163	0	5.51995E-9	3.53277E-9	62	164	0	6.20995E-10	3.97437E-10
62	165	0	2.65998E-11	1.70239E-11	62	166	0	9.63981E-13	6.16948E-13
62	167	0	1.63996E-14	1.04958E-14	62	169	0	3.69955E-19	2.36771E-19
62	171	0	1.68346E-22	1.07742E-22	63	151	0	9.54992E-12	3.05597E-12
63	152	2	3.11997E-13	1.99678E-13	63	152	0	3.11997E-13	1.99678E-13
63	152	1	3.11997E-13	1.99678E-13	63	153	0	4.59996E-11	2.94397E-11
63	154	1	3.10497E-10	1.98718E-10	63	154	0	3.10497E-10	1.98718E-10
63	155	0	1.09999E-8	7.03994E-9	63	156	0	8.27993E-8	5.29915E-8
63	157	0	4.73996E-7	3.03357E-7	63	158	0	1.38999E-6	8.89592E-7
63	159	0	2.88998E-6	1.84958E-6	63	160	0	2.27998E-6	1.45919E-6
63	161	0	1.52999E-6	9.79192E-7	63	162	0	2.78998E-7	1.78558E-7
63	163	0	4.19996E-8	2.68798E-8	63	164	0	1.05999E-8	6.78394E-9
63	165	0	1.94998E-9	1.24799E-9	63	166	0	1.73998E-10	1.11359E-10
63	167	0	1.37999E-11	8.83192E-12	63	168	0	2.80998E-13	1.79838E-13
63	169	0	1.13995E-14	7.2957E-15	63	171	0	5.1873E-18	3.31987E-18
64	154	0	2.57998E-14	1.65119E-14	64	155	0	1.32999E-12	8.51193E-13
64	156	0	3.91997E-11	2.50878E-11	64	157	0	6.49994E-10	4.15996E-10
64	158	0	8.77992E-9	5.61915E-9	64	159	0	4.47996E-8	2.86718E-8
64	160	0	1.50999E-7	9.66392E-8	64	161	0	2.25998E-7	1.44639E-7
64	162	0	1.58999E-7	1.01759E-7	64	163	0	4.70996E-8	3.01437E-8
64	164	0	4.32996E-8	2.77118E-8	64	165	0	1.63999E-8	1.04959E-8
64	166	0	5.77995E-9	3.69917E-9	64	167	0	1.03999E-9	6.65594E-10
64	168	0	9.34992E-11	5.98395E-11	64	169	0	9.46992E-12	6.06075E-12
64	170	0	4.35996E-13	2.79038E-13	64	171	0	1.22947E-14	7.86861E-15
65	157	0	1.47999E-14	9.47192E-15	65	158	0	4.82996E-13	3.09117E-13
65	158	1	4.76996E-14	3.05277E-14	65	159	0	1.26999E-11	8.12793E-12
65	160	0	1.11999E-10	7.16794E-11	65	161	0	7.65993E-10	4.90236E-10
65	162	0	6.48994E-10	4.15356E-10	65	162	1	6.48994E-10	4.15356E-10
65	163	0	1.56999E-9	1.00479E-9	65	164	0	3.15997E-9	2.02238E-9
65	165	0	4.52996E-9	2.89917E-9	65	166	0	3.19997E-9	2.04798E-9
65	167	0	2.11998E-9	1.35679E-9	65	168	0	3.96997E-10	2.54078E-10
65	169	0	1.61999E-10	1.03679E-10	65	170	0	1.73998E-11	1.11359E-11
65	171	0	2.17998E-12	1.39519E-12	65	172	0	1.04999E-13	6.71994E-14
66	160	0	1.19999E-14	7.67993E-15	66	161	0	2.14998E-13	1.37599E-13
66	162	0	1.72999E-12	1.10719E-12	66	163	0	5.17996E-12	3.31517E-12
66	164	0	4.69996E-11	3.00797E-11	66	165	0	1.40999E-10	9.02392E-11
66	165	1	1.92998E-11	1.23519E-11	66	166	0	4.67996E-10	2.99517E-10
66	167	0	6.63994E-10	4.24956E-10	66	168	0	4.61996E-10	2.95677E-10
66	169	0	3.76997E-10	2.41278E-10	66	170	0	1.49999E-10	9.59992E-11
66	171	0	4.00997E-11	2.56638E-11	66	172	0	7.72993E-12	4.94716E-12
67	165	0	1.11999E-13	7.16794E-14	67	166	0	2.22998E-13	1.42719E-13
67	166	1	6.02995E-13	3.85917E-13	67	167	0	5.22995E-12	3.34717E-12
67	168	0	8.52993E-12	5.45915E-12	67	169	0	2.81998E-11	1.80478E-11
67	170	0	1.17999E-11	7.55193E-12	67	170	1	1.17999E-11	7.55193E-12
67	171	0	2.30998E-11	1.47839E-11	67	172	0	8.67992E-12	5.55515E-12
68	168	0	2.73998E-14	1.75358E-14	68	169	0	2.25998E-13	1.44639E-13
68	170	0	8.30993E-13	5.31835E-13	68	171	0	1.87998E-12	1.20319E-12
68	172	0	2.70998E-12	1.73438E-12	69	172	0	1.12999E-14	7.23194E-15