Z	A	FPS	Yield	Uncertainty	Z	A	FPS	Yield	Uncertainty
23	66	0	1.87064E-17	1.19721E-17	23	67	0	2.02328E-18	1.2949E-18
24	66	0	6.25013E-13	4.00008E-13	24	67	0	6.76014E-14	4.32649E-14
24	69	0	4.39974E-17	2.81584E-17	25	66	0	1.34007E-10	8.57643E-11
25	67	0	5.9603E-11	3.81459E-11	25	68	0	1.00005E-11	6.40032E-12
25	69	0	1.47003E-12	9.40819E-13	25	70	0	9.73049E-14	6.22751E-14
25	72	0	4.04058E-16	2.58597E-16	25	73	0	3.5617E-17	2.27949E-17
26	66	0	4.38022E-9	2.80334E-9	26	67	0	4.75024E-9	3.04015E-9
26	68	0	3.10015E-9	1.9841E-9	26	69	0	1.20006E-9	7.68038E-10
26	70	0	3.40017E-10	2.17611E-10	26	71	0	6.81034E-11	4.35862E-11
26	72	0	1.35003E-11	8.64017E-12	26	73	0	1.19002E-12	7.61615E-13
26	74	0	8.97045E-14	5.74109E-14	26	75	0	2.14001E-15	1.36961E-15
27	66	0	3.25016E-9	2.0801E-9	27	67	0	1.16006E-8	7.42437E-9
27	68	0	1.71009E-8	1.09445E-8	27	69	0	2.38012E-8	1.52328E-8
27	70	0	1.73009E-8	1.10726E-8	27	71	0	1.37007E-8	8.76844E-9
27	72	0	7.48037E-9	4.78744E-9	27	73	0	2.92015E-9	1.86889E-9
27	74	0	6.32032E-10	4.045E-10	27	75	0	7.15014E-11	4.57609E-11
27	76	0	4.12021E-12	2.63693E-12	27	77	0	1.22115E-13	7.81538E-14
27	78	0	5.20786E-15	3.33303E-15	28	66	0	5.31027E-10	3.39857E-10
28	67	0	4.28021E-9	2.73934E-9	28	68	0	2.0801E-8	1.33127E-8
28	69	0	6.22031E-8	3.981E-8	28	70	0	1.54008E-7	9.85649E-8
28	71	0	2.80014E-7	1.79209E-7	28	72	0	5.80029E-7	3.71219E-7
28	73	0	6.1003E-7	3.90419E-7	28	74	0	5.46027E-7	3.49457E-7
28	75	0	1.72009E-7	1.10085E-7	28	76	0	4.29021E-8	2.74574E-8
28	77	0	4.08008E-9	2.61125E-9	28	78	0	1.74003E-10	1.11362E-10
28	79	0	1.18524E-12	7.58552E-13	28	80	0	1.00005E-13	6.40032E-14
28	81	0	2.75657E-15	1.76421E-15	29	66	0	1.52008E-12	9.72849E-13
29	67	0	4.79024E-11	3.06575E-11	29	68	0	1.54008E-10	9.85649E-11
29	68	1	4.16021E-10	2.66253E-10	29	69	0	6.0703E-9	3.88499E-9
29	70	0	7.54038E-9	4.82584E-9	29	70	1	2.67013E-8	1.70889E-8
29	71	0	2.0401E-7	1.30567E-7	29	72	0	9.34047E-7	5.9779E-7
29	73	0	3.52018E-6	2.25291E-6	29	74	0	7.59038E-6	4.85784E-6
29	75	0	9.30046E-6	5.9523E-6	29	76	0	6.17031E-6	3.949E-6
29	77	0	2.46012E-6	1.57448E-6	29	78	0	2.95015E-7	1.88809E-7
29	79	0	3.96008E-8	2.53445E-8	29	80	0	2.15011E-9	1.37607E-9
29	81	0	9.21018E-11	5.89452E-11	29	82	0	1.65008E-12	1.05605E-12
29	83	0	6.10577E-14	3.90769E-14	30	67	0	4.79024E-14	3.06575E-14
30	68	0	2.34012E-12	1.49767E-12	30	69	0	1.11006E-11	7.10435E-12
30	69	1	5.43027E-11	3.47537E-11	30	70	0	1.47007E-9	9.40847E-10
30	71	0	3.57018E-9	2.28491E-9	30	71	1	1.74009E-8	1.11366E-8
30	72	0	3.44017E-7	2.20171E-7	30	73	0	2.97015E-6	1.90089E-6
30	74	0	2.15011E-5	1.37607E-5	30	75	0	5.89329E-5	3.77171E-5
30	76	0	1.39387E-4	8.92077E-5	30	77	0	1.37227E-4	8.78252E-5
30	78	0	6.52633E-5	4.17685E-5	30	79	0	2.36712E-5	1.51496E-5
30	80	0	5.44027E-6	3.48177E-6	30	81	0	6.62033E-7	4.23701E-7
30	82	0	5.37027E-8	3.43697E-8	30	83	0	2.04004E-9	1.30563E-9
30	84	0	6.0403E-11	3.86579E-11	30	85	0	6.70437E-13	4.2908E-13
31	69	0	1.53008E-14	9.79249E-15	31	70	0	9.64048E-13	6.16991E-13
31	71	0	5.61028E-11	3.59058E-11	31	72	1	1.22506E-9	7.84039E-10
31	72	0	1.22506E-9	7.84039E-10	31	73	0	8.49042E-8	5.43387E-8
31	74	1	7.40037E-7	4.73624E-7	31	74	0	7.40037E-7	4.73624E-7
31	75	0	1.42007E-5	9.08845E-6	31	76	0	7.42837E-5	4.75416E-5
31	77	0	2.45732E-4	1.57269E-4	31	78	0	2.66003E-4	1.70242E-4
31	79	0	3.52348E-4	2.25502E-4	31	80	0	2.0489E-4	1.3113E-4
31	81	0	1.00675E-4	6.4432E-5	31	82	0	2.30912E-5	1.47783E-5
31	83	0	3.87019E-6	2.47692E-6	31	84	0	3.38017E-7	2.16331E-7
31	85	0	2.24004E-8	1.43363E-8	31	86	0	5.10025E-10	3.26416E-10
31	87	0	1.00865E-11	6.45535E-12	31	88	0	4.63919E-13	2.96908E-13
32	72	0	2.35012E-12	1.50408E-12	32	73	0	1.9401E-10	1.24166E-10
32	73	1	3.9802E-11	2.54733E-11	32	74	0	1.69008E-8	1.08165E-8
32	75	0	5.09025E-8	3.25776E-8	32	75	1	3.73019E-7	2.38732E-7
32	76	0	8.43042E-6	5.39547E-6	32	77	0	5.79329E-5	3.70771E-5
32	77	1	7.90039E-6	5.05625E-6	32	78	0	2.44152E-4	1.56257E-4
32	79	1	3.55638E-4	2.27608E-4	32	79	0	3.55638E-4	2.27608E-4
32	80	0	0.00139997	8.95981E-4	32	81	0	0.00160191	0.00102522
32	82	0	0.00141597	9.06221E-4	32	83	0	6.32892E-4	4.05051E-4
32	84	0	2.34822E-4	1.50286E-4	32	85	0	4.45122E-5	2.84878E-5
32	86	0	4.53023E-6	2.89934E-6	32	87	0	3.37007E-7	2.15684E-7
32	88	0	1.55003E-8	9.9202E-9	32	89	0	7.03361E-11	4.50151E-11
32	90	0	4.77084E-12	3.05334E-12	32	91	0	4.90401E-13	3.13857E-13
33	73	0	1.32007E-14	8.44842E-15	33	74	0	7.37037E-13	4.71704E-13
33	74	1	1.9901E-12	1.27366E-12	33	75	0	2.94015E-10	1.88169E-10
33	76	0	1.61008E-8	1.03045E-8	33	77	0	5.14026E-7	3.28976E-7
33	78	0	4.89024E-6	3.12976E-6	33	79	0	5.28226E-5	3.38065E-5
33	80	0	2.40442E-4	1.53883E-4	33	81	0	9.28176E-4	5.94033E-4
33	82	0	9.26556E-4	5.92996E-4	33	82	1	9.26556E-4	5.92996E-4
33	83	0	0.0029323	0.00187667	33	84	1	0.00133628	8.5522E-4
33	84	0	0.00133628	8.5522E-4	33	85	0	0.00200804	0.00128515
33	86	0	5.57838E-4	3.57016E-4	33	87	0	1.67668E-4	1.07308E-4
33	88	0	2.16111E-5	1.38311E-5	33	89	0	2.35005E-6	1.50403E-6
33	90	0	1.59402E-7	1.02017E-7	33	91	0	1.63851E-8	1.04865E-8
33	92	0	4.39974E-11	2.81584E-11	33	93	0	1.49188E-12	9.54805E-13
34	75	0	1.60008E-14	1.02405E-14	34	76	0	3.86019E-12	2.47052E-12
34	77	0	4.21021E-11	2.69453E-11	34	77	1	3.08015E-10	1.9713E-10
34	78	0	1.42007E-8	9.08845E-9	34	79	0	3.69018E-7	2.36172E-7
34	79	1	5.03025E-8	3.21936E-8	34	80	0	7.65038E-6	4.89624E-6
34	81	0	8.90044E-6	5.69628E-6	34	81	1	6.52433E-5	4.17557E-5
34	82	0	5.50397E-4	3.52254E-4	34	83	0	0.00167695	0.00107325
34	83	1	3.43527E-4	2.19857E-4	34	84	0	0.00612359	0.00391909
34	85	0	0.00542897	0.00347454	34	85	1	0.00540661	0.00346023
34	86	0	0.0109445	0.00350225	34	87	0	0.00786222	0.00503182
34	88	0	0.00398497	0.00255038	34	89	0	0.00113214	7.24567E-4
34	90	0	2.09791E-4	1.34266E-4	34	91	0	2.15647E-5	1.38014E-5
34	92	0	1.47003E-6	9.40819E-7	34	93	0	4.98463E-8	3.19016E-8
34	94	0	9.67048E-10	6.18911E-10	34	95	0	7.84392E-12	5.02011E-12
34	96	0	1.28006E-13	8.19241E-14	35	78	0	5.51028E-13	3.52658E-13
35	79	0	1.49007E-11	9.53648E-12	35	79	1	5.61028E-11	3.59058E-11
35	80	0	8.0604E-10	5.15866E-10	35	80	1	2.86014E-9	1.83049E-9
35	81	0	1.50007E-7	9.60048E-8	35	82	0	2.25011E-6	1.44007E-6
35	82	1	8.33042E-7	5.33147E-7	35	83	0	4.57823E-5	2.93007E-5
35	84	0	1.15376E-4	7.38405E-5	35	84	1	2.45172E-4	1.5691E-4
35	85	0	0.00208006	0.00133124	35	86	0	0.00257106	0.00164548
35	86	1	0.00256422	0.0016411	35	87	0	0.0118227	0.00378328
35	88	0	0.0137945	0.00441424	35	89	0	0.0138048	0.00441753
35	90	0	0.00641988	0.00410872	35	91	0	0.0026441	0.00169223
35	92	0	4.89594E-4	3.1334E-4	35	93	0	6.56034E-5	4.19862E-5
35	94	0	3.9202E-6	2.50893E-6	35	95	0	2.62079E-7	1.6773E-7
35	96	0	6.40032E-9	4.0962E-9	35	97	0	6.19556E-11	3.96516E-11
35	98	0	3.20254E-12	2.04962E-12	35	99	0	1.08902E-12	6.96972E-13
36	80	0	2.0901E-13	1.33767E-13	36	81	0	2.18011E-11	1.39527E-11
36	81	1	2.97015E-12	1.90089E-12	36	82	0	2.28011E-9	1.45927E-9
36	83	0	8.15041E-8	5.21626E-8	36	83	1	1.67008E-8	1.06885E-8
36	84	0	3.32017E-6	2.12491E-6	36	85	0	4.64523E-5	2.97295E-5
36	85	1	9.51047E-6	6.0867E-6	36	86	0	5.07025E-4	3.24496E-4
36	87	0	0.00257038	0.00164504	36	88	0	0.0100354	0.00321134
36	89	0	0.0228173	0.00730154	36	90	0	0.0364541	0.0116653
36	91	0	0.0346526	0.0110888	36	92	0	0.0238046	0.00761746
36	93	0	0.00818349	0.00523743	36	94	0	0.00198982	0.00127348
36	95	0	3.44925E-4	2.20752E-4	36	96	0	3.73419E-5	2.38988E-5
36	97	0	2.07004E-6	1.32483E-6	36	98	0	1.07002E-7	6.84814E-8
36	99	0	3.6386E-8	2.3287E-8	36	100	0	3.36017E-11	2.15051E-11
36	101	0	1.1301E-12	7.23266E-13	37	83	0	4.25021E-12	2.72014E-12
37	84	0	4.27021E-10	2.73294E-10	37	85	0	3.20016E-8	2.0481E-8
37	86	1	4.15021E-7	2.65613E-7	37	86	0	4.15021E-7	2.65613E-7
37	87	0	1.78909E-5	1.14502E-5	37	88	0	1.84699E-4	1.18208E-4
37	89	0	0.00142658	9.13012E-4	37	90	0	8.86464E-4	5.67337E-4
37	90	1	0.00432527	0.00276817	37	91	0	0.0168554	0.00539374
37	92	0	0.0253177	0.00810167	37	93	0	0.0297833	0.00953065
37	94	0	0.0170756	0.0054642	37	95	0	0.0112409	0.00359709
37	96	0	0.00308434	0.00197398	37	97	0	7.06425E-4	4.52112E-4
37	98	0	9.90649E-5	6.34016E-5	37	99	0	4.78881E-5	3.06484E-5
37	100	0	3.74019E-7	2.39372E-7	37	101	0	3.77587E-8	2.41656E-8
37	102	0	1.17027E-10	7.48974E-11	37	103	0	2.71266E-12	1.7361E-12
37	104	0	9.51781E-14	6.0914E-14	38	85	1	7.15036E-13	4.57623E-13
38	85	0	7.15036E-13	4.57623E-13	38	86	0	1.69008E-10	1.08165E-10
38	87	0	8.36042E-9	5.35067E-9	38	87	1	1.71009E-9	1.09445E-9
38	88	0	4.45022E-7	2.84814E-7	38	89	0	9.13046E-6	5.84349E-6
38	90	0	1.34717E-4	8.62187E-5	38	91	0	0.00109975	7.03843E-4
38	92	0	0.00600257	0.00384164	38	93	0	0.0156708	0.00501466
38	94	0	0.0308083	0.00708591	38	95	0	0.0454322	0.0145383
38	96	0	0.042355	0.00974164	38	97	0	0.0234176	0.00749365
38	98	0	0.0123518	0.00395259	38	99	0	0.00285864	0.00182953
38	100	0	5.01595E-4	3.21021E-4	38	101	0	4.96947E-5	3.18046E-5
38	102	0	3.91008E-6	2.50245E-6	38	103	0	9.06345E-8	5.80061E-8
38	104	0	3.18006E-9	2.03524E-9	39	87	0	1.10005E-13	7.04035E-14
39	88	0	1.42007E-11	9.08845E-12	39	89	0	2.11011E-10	1.35047E-10
39	89	1	1.03005E-9	6.59233E-10	39	90	1	2.58013E-8	1.65128E-8
39	90	0	2.58013E-8	1.65128E-8	39	91	1	9.00045E-7	5.76029E-7
39	91	0	9.00045E-7	5.76029E-7	39	92	0	2.51513E-5	1.60968E-5
39	93	1	1.37717E-4	8.81388E-5	39	93	0	1.37717E-4	8.81388E-5
39	94	0	0.00134182	8.58763E-4	39	95	0	0.00701425	0.00448912
39	96	0	0.00128321	8.21257E-4	39	96	1	0.0129743	0.00415178
39	97	1	0.0129975	0.00831839	39	97	0	0.0129975	0.00831839
39	98	0	0.0151334	0.0048427	39	98	1	0.0151316	0.0048421
39	99	0	0.0246284	0.0078811	39	100	0	0.010467	0.00334945
39	101	0	0.00397374	0.00254319	39	102	0	8.41742E-4	5.38715E-4
39	103	0	1.19285E-4	7.63426E-5	39	104	0	7.9404E-6	5.08185E-6
39	105	0	4.04955E-13	2.59171E-13	39	106	0	1.32322E-14	8.4686E-15
39	107	0	8.63997E-16	5.52958E-16	39	108	0	7.39005E-18	4.72963E-18
39	110	0	5.62688E-14	3.60121E-14	40	89	0	1.27006E-14	8.12841E-15
40	90	1	1.17006E-12	7.48837E-13	40	90	0	1.17006E-12	7.48837E-13
40	91	0	2.37012E-10	1.51688E-10	40	92	0	1.58008E-8	1.01125E-8
40	93	0	4.44022E-7	2.84174E-7	40	94	0	9.86049E-6	6.31072E-6
40	95	0	1.26456E-4	8.0932E-5	40	96	0	9.69878E-4	6.20722E-4
40	97	0	0.00450454	0.00288291	40	98	0	0.0169497	0.0054239
40	99	0	0.0298164	0.00954124	40	100	0	0.0425255	0.0136082
40	101	0	0.0356499	0.011408	40	102	0	0.0274154	0.00877293
40	103	0	0.0095015	0.00608096	40	104	0	0.00253552	0.00162273
40	105	0	8.1104E-6	5.19066E-6	40	106	0	2.65013E-7	1.69608E-7
40	107	0	1.73041E-8	1.10746E-8	40	108	0	1.48007E-10	9.47247E-11
40	109	0	4.9733E-14	3.18291E-14	40	110	0	1.88004E-9	1.20322E-9
40	111	0	4.36316E-13	2.79242E-13	40	112	0	3.31782E-14	2.1234E-14
41	92	0	1.15006E-13	7.36037E-14	41	93	0	1.19006E-11	7.61638E-12
41	93	1	2.44012E-12	1.56168E-12	41	94	0	5.78029E-10	3.69938E-10
41	94	1	3.39017E-10	2.16971E-10	41	95	0	4.23021E-8	2.70734E-8
41	95	1	8.66043E-9	5.54268E-9	41	96	0	1.06005E-6	6.78434E-7
41	97	0	1.54108E-5	9.86289E-6	41	97	1	3.16016E-6	2.0225E-6
41	98	0	1.52118E-4	9.73553E-5	41	98	1	4.29021E-5	2.74574E-5
41	99	0	1.01455E-4	6.49312E-5	41	99	1	0.00116662	7.46636E-4
41	100	0	0.00214333	0.00137173	41	100	1	0.00214333	0.00137173
41	101	0	0.0120927	0.00386967	41	102	1	0.0101853	0.00651862
41	102	0	0.0101853	0.00651862	41	103	0	0.0232699	0.00744637
41	104	1	0.00717175	0.00458992	41	104	0	0.00717175	0.00458992
41	105	0	0.00544612	0.00348552	41	106	0	7.17206E-4	4.59012E-4
41	107	0	1.4545E-4	9.3088E-5	41	108	0	1.43407E-5	9.17806E-6
41	109	0	9.960499E-7	6.37472E-7	41	110	0	1.79009E-6	1.14566E-6
41	111	0	1.45781E-8	9.32996E-9	41	112	0	1.10854E-9	7.09465E-10
41	113	0	2.46109E-13	1.5751E-13	41	114	0	4.72898E-14	3.02655E-14
41	115	0	8.38191E-15	5.36442E-15	42	95	0	1.59008E-12	1.01765E-12
42	96	0	1.41007E-10	9.02445E-11	42	97	0	7.11036E-9	4.55063E-9
42	98	0	3.11016E-7	1.9905E-7	42	99	0	5.42027E-6	3.46897E-6
42	100	0	7.49337E-5	4.79576E-5	42	101	0	5.26356E-4	3.36868E-4
42	102	0	0.00332261	0.00212647	42	103	0	0.00857125	0.0054856
42	104	0	0.0178971	0.00572708	42	105	0	0.0191037	0.00439384
42	106	0	0.00910801	0.00409861	42	107	0	0.00528055	0.00237625
42	108	0	0.00282927	0.00181073	42	109	0	7.04085E-4	4.50615E-4
42	110	0	2.29801E-4	1.47073E-4	42	111	0	1.91864E-5	1.22793E-5
42	112	0	1.45896E-6	9.33737E-7	42	113	0	8.22294E-9	5.26268E-9
42	114	0	1.58003E-9	1.01122E-9	42	115	0	2.80054E-10	1.79234E-10
42	116	0	2.74014E-13	1.75369E-13	42	117	0	7.65825E-15	4.90128E-15
43	97	1	2.62513E-14	1.68008E-14	43	97	0	2.62513E-14	1.68008E-14
43	98	0	6.47032E-12	4.14101E-12	43	99	0	3.9902E-10	2.55373E-10
43	99	1	8.17041E-11	5.22906E-11	43	100	0	1.89009E-8	1.20966E-8
43	101	0	5.62028E-7	3.59698E-7	43	102	0	4.75024E-6	3.04015E-6
43	102	1	4.75024E-6	3.04015E-6	43	103	0	9.58548E-5	6.13471E-5
43	104	0	5.06295E-4	3.24029E-4	43	105	0	2.13881E-4	1.36884E-4
43	106	0	3.04875E-4	1.9512E-4	43	107	0	7.34047E-4	4.6979E-4
43	108	0	9.90839E-4	6.34137E-4	43	109	0	8.22951E-4	5.26689E-4
43	110	0	5.78219E-4	3.7006E-4	43	111	0	2.34232E-4	1.49908E-4
43	112	0	5.66828E-5	3.6277E-5	43	113	0	1.08223E-5	6.92628E-6
43	114	0	1.06005E-6	6.78434E-7	43	115	0	3.68583E-7	2.35893E-7
43	116	0	2.85014E-9	1.82409E-9	43	117	0	2.55875E-10	1.6376E-10
43	118	0	6.55472E-13	4.19502E-13	43	119	0	2.02927E-14	1.29873E-14
43	120	0	4.48954E-16	2.8733E-16	44	100	0	5.62028E-13	3.59698E-13
44	101	0	4.72024E-11	3.02095E-11	44	102	0	3.47017E-9	2.22091E-9
44	103	0	9.60048E-8	6.14431E-8	44	104	0	2.15011E-6	1.37607E-6
44	105	0	3.61018E-9	2.31052E-9	44	106	0	3.42017E-8	2.18891E-8
44	107	0	3.71019E-7	2.37452E-7	44	108	0	3.46017E-6	2.21451E-6
44	109	1	5.14026E-6	3.28976E-6	44	109	0	5.14026E-6	3.28976E-6
44	110	0	3.32857E-4	2.13028E-4	44	111	0	3.953E-4	2.52992E-4
44	112	0	3.9872E-4	2.55181E-4	44	113	0	2.21691E-4	1.41882E-4
44	114	0	9.78249E-5	6.26079E-5	44	115	0	2.20023E-5	1.40814E-5
44	116	0	3.59018E-6	2.29771E-6	44	117	0	3.36761E-7	2.15527E-7
44	118	0	2.19004E-8	1.40163E-8	44	119	0	6.78014E-10	4.33929E-10
44	120	0	1.50003E-11	9.60019E-12	44	121	0	7.1234E-14	4.55897E-14
45	103	0	2.28011E-13	1.45927E-13	45	103	1	1.67008E-12	1.06885E-12
45	104	0	2.70013E-11	1.72809E-11	45	104	1	9.58048E-11	6.13151E-11
45	107	0	4.24021E-14	2.71374E-14	45	108	0	1.06005E-12	6.78434E-13
45	108	1	1.06005E-12	6.78434E-13	45	109	0	2.18011E-11	1.39527E-11
45	109	1	2.18011E-11	1.39527E-11	45	110	0	1.9701E-6	1.26086E-6
45	110	1	1.9701E-6	1.26086E-6	45	111	0	2.41912E-5	1.54824E-5
45	112	0	7.01135E-5	4.48726E-5	45	113	0	1.61508E-4	1.03365E-4
45	114	0	1.84219E-4	1.179E-4	45	115	0	1.69648E-4	1.08575E-4
45	116	0	7.07135E-5	4.52567E-5	45	117	0	2.77914E-5	1.77865E-5
45	118	0	5.19026E-6	3.32177E-6	45	119	0	7.24036E-7	4.63383E-7
45	120	0	4.85024E-8	3.10416E-8	45	121	0	2.38005E-9	1.52323E-9
45	122	0	6.44032E-11	4.12181E-11	45	123	0	1.61008E-12	1.03045E-12
45	124	0	1.63008E-14	1.04325E-14	46	110	0	6.48032E-9	4.14741E-9
46	111	0	4.80024E-8	3.07215E-8	46	111	1	1.07005E-7	6.84834E-8
46	112	0	2.30011E-6	1.47207E-6	46	113	0	1.66208E-5	1.06373E-5
46	114	0	7.9444E-5	5.08441E-5	46	115	0	1.85389E-4	1.18649E-4
46	116	0	2.72814E-4	1.74601E-4	46	117	0	2.56143E-4	1.63931E-4
46	118	0	1.83939E-4	1.17721E-4	46	119	0	6.88634E-5	4.40726E-5
46	120	0	1.9831E-5	1.26918E-5	46	121	0	2.76014E-6	1.76649E-6
46	122	0	3.53018E-7	2.25931E-7	46	123	0	2.69013E-8	1.72169E-8
46	124	0	1.28006E-9	8.19241E-10	47	110	0	3.77019E-14	2.41292E-14
47	110	1	1.02005E-13	6.52833E-14	47	111	0	2.51013E-12	1.60648E-12
47	111	1	1.84009E-11	1.17766E-11	47	112	0	1.14006E-9	7.29636E-10
47	113	0	5.33027E-9	3.41137E-9	47	113	1	3.9102E-8	2.50252E-8
47	114	0	6.78034E-7	4.33942E-7	47	115	0	3.52018E-6	2.25291E-6
47	115	1	3.52018E-6	2.25291E-6	47	116	0	1.30307E-5	8.33962E-6
47	116	1	1.30307E-5	8.33962E-6	47	117	0	4.43722E-5	2.83982E-5
47	117	1	4.43722E-5	2.83982E-5	47	118	0	7.37937E-5	4.7228E-5
47	118	1	7.37937E-5	4.7228E-5	47	119	0	1.9752E-4	1.26413E-4
47	120	1	6.99935E-5	4.47958E-5	47	120	0	6.99935E-5	4.47958E-5
47	121	0	7.54338E-5	4.82776E-5	47	122	1	1.36957E-5	8.76524E-6
47	122	0	1.36957E-5	8.76524E-6	47	123	0	9.17046E-6	5.86909E-6
47	124	0	1.30006E-6	8.32042E-7	47	125	0	6.34032E-11	4.0578E-11
47	126	0	5.59028E-12	3.57778E-12	47	127	0	4.29021E-13	2.74574E-13
47	128	0	1.69008E-14	1.08165E-14	47	129	0	1.22335E-15	7.82946E-16
47	131	0	7.06354E-11	4.52066E-11	47	132	0	3.68142E-12	2.35611E-12
47	133	0	2.24975E-13	1.43984E-13	48	112	0	6.70033E-14	4.28821E-14
48	113	0	2.0601E-12	1.31847E-12	48	113	1	7.76039E-12	4.96665E-12
48	114	0	7.86039E-10	5.03065E-10	48	115	0	5.58028E-9	3.57138E-9
48	115	1	2.1001E-8	1.34407E-8	48	116	0	4.29021E-7	2.74574E-7
48	117	0	8.39042E-7	5.36987E-7	48	117	1	3.16016E-6	2.0225E-6
48	118	0	2.61513E-5	1.67368E-5	48	119	0	4.25921E-5	2.7259E-5
48	119	1	4.25921E-5	2.7259E-5	48	120	0	2.14561E-4	1.37319E-4
48	121	1	1.30772E-4	8.36938E-5	48	121	0	1.30772E-4	8.36938E-5
48	122	0	3.56788E-4	2.28344E-4	48	123	0	3.03945E-4	1.94525E-4
48	124	0	1.77729E-4	1.13746E-4	48	125	0	1.29206E-5	8.26921E-6
48	126	0	4.89024E-6	3.12976E-6	48	127	0	1.16006E-6	7.42437E-7
48	128	0	2.32012E-7	1.48487E-7	48	129	0	2.45012E-8	1.56808E-8
48	130	0	4.71024E-9	3.01455E-9	48	131	0	2.36005E-6	1.51043E-6
48	132	0	1.23002E-7	7.87216E-8	48	133	0	7.51681E-9	4.81076E-9
48	134	0	2.13011E-11	1.36327E-11	48	135	0	6.18114E-13	3.95593E-13
49	115	0	1.72009E-12	1.10085E-12	49	115	1	3.51018E-13	2.24651E-13
49	116	2	3.38684E-11	2.16757E-11	49	116	0	3.38684E-11	2.16757E-11
49	116	1	3.38684E-11	2.16757E-11	49	117	0	3.58018E-9	2.29131E-9
49	117	1	7.33037E-10	4.69143E-10	49	118	2	9.05045E-9	5.79229E-9
49	118	0	6.40032E-8	4.0962E-8	49	118	1	9.05045E-9	5.79229E-9
49	119	0	9.45047E-7	6.0483E-7	49	119	1	1.9401E-7	1.24166E-7
49	120	2	2.53346E-6	1.62141E-6	49	120	0	2.53346E-6	1.62141E-6
49	120	1	2.53346E-6	1.62141E-6	49	121	0	2.84914E-5	1.82345E-5
49	121	1	5.84029E-6	3.73779E-6	49	122	2	3.79752E-5	2.43041E-5
49	122	0	3.79752E-5	2.43041E-5	49	122	1	3.79752E-5	2.43041E-5
49	123	0	2.83964E-4	1.81737E-4	49	123	1	5.81629E-5	3.72243E-5
49	124	1	2.35787E-4	1.50904E-4	49	124	0	2.35787E-4	1.50904E-4
49	125	0	4.56613E-4	2.92232E-4	49	125	1	4.56613E-4	2.92232E-4
49	126	1	4.05635E-4	2.59607E-4	49	126	0	4.05635E-4	2.59607E-4
49	127	0	3.88129E-4	2.48403E-4	49	127	1	3.88129E-4	2.48403E-4
49	128	1	2.33907E-4	1.497E-4	49	128	0	2.33907E-4	1.497E-4
49	129	0	1.16596E-4	7.46213E-5	49	129	1	1.16596E-4	7.46213E-5
49	130	2	5.57161E-5	3.56583E-5	49	130	1	5.57161E-5	3.56583E-5
49	130	0	5.57161E-5	3.56583E-5	49	131	1	2.94445E-4	1.88445E-4
49	131	0	2.94445E-4	1.88445E-4	49	132	0	9.65848E-5	6.18143E-5
49	133	0	9.89298E-6	6.33151E-6	49	134	0	2.89014E-7	1.84969E-7
49	135	0	2.06522E-8	1.32174E-8	49	136	0	5.33027E-11	3.41137E-11
49	137	0	9.84705E-13	6.30211E-13	50	117	1	1.85509E-13	1.18726E-13
50	117	0	1.85509E-13	1.18726E-13	50	118	0	3.30016E-11	2.11211E-11
50	119	0	2.90014E-10	1.85609E-10	50	119	1	1.09005E-9	6.97635E-10
50	120	0	4.14021E-8	2.64973E-8	50	121	0	1.34007E-7	8.57643E-8
50	121	1	3.82019E-7	2.44492E-7	50	122	0	7.31037E-6	4.67863E-6
50	123	0	4.16921E-5	2.66829E-5	50	123	1	1.46507E-5	9.37647E-6
50	124	0	2.86004E-4	1.83043E-4	50	125	0	5.29776E-4	3.39057E-4
50	125	1	1.86139E-4	1.19129E-4	50	126	0	0.00161081	0.00103092
50	127	0	0.00201905	0.00129219	50	127	1	7.09395E-4	4.54013E-4
50	128	1	0.00242203	0.0015501	50	128	0	0.00242203	0.0015501
50	129	0	0.0073143	0.00329143	50	129	1	0.00131772	8.43338E-4
50	130	1	0.0072369	0.00463162	50	130	0	0.0072369	0.00463162
50	131	1	0.00734138	0.00469848	50	131	0	0.00734138	0.00469848
50	132	0	0.0103727	0.00331926	50	133	0	0.00327804	0.00209795
50	134	0	4.68493E-4	2.99836E-4	50	135	0	2.71807E-5	1.73957E-5
50	136	0	1.43007E-6	9.15246E-7	50	137	0	3.29007E-8	2.10564E-8
50	138	0	5.88029E-10	3.76339E-10	50	139	0	3.53177E-12	2.26033E-12
50	140	0	3.86776E-13	2.47537E-13	51	119	0	3.32017E-14	2.12491E-14
51	120	0	1.14006E-12	7.29636E-13	51	120	1	1.9301E-12	1.23526E-12
51	121	0	1.72009E-10	1.10085E-10	51	122	0	3.22016E-9	2.0609E-9
51	122	1	4.27021E-9	2.73294E-9	51	123	0	2.54013E-7	1.62568E-7
51	124	2	1.19339E-6	7.63771E-7	51	124	0	1.19339E-6	7.63771E-7
51	124	1	1.19339E-6	7.63771E-7	51	125	0	8.85044E-7	5.66428E-7
51	126	2	1.41007E-6	9.02445E-7	51	126	0	2.0401E-6	1.30567E-6
51	126	1	1.41007E-6	9.02445E-7	51	127	0	3.04815E-5	1.95082E-5
51	128	0	5.43027E-5	3.47537E-5	51	128	1	7.49837E-5	4.79896E-5
51	129	0	4.46422E-4	2.8571E-4	51	130	0	0.00116624	7.46392E-4
51	130	1	0.00161054	0.00103075	51	131	0	0.0126224	0.00403917
51	132	0	0.011805	0.00377761	51	132	1	0.0104686	0.00334996
51	133	0	0.0285406	0.00913298	51	134	1	0.00582758	0.00372965
51	134	0	0.00582758	0.00372965	51	135	0	0.00313407	0.0020058
51	136	0	5.07415E-4	3.24746E-4	51	137	0	5.50227E-5	3.52146E-5
51	138	0	2.99015E-6	1.9137E-6	51	139	0	1.18002E-7	7.55215E-8
51	140	0	1.29228E-8	8.27062E-9	51	141	0	8.98106E-12	5.74788E-12
51	142	0	7.78186E-13	4.98039E-13	52	122	0	9.36047E-13	5.9907E-13
52	123	0	2.0401E-11	1.30567E-11	52	123	1	7.69038E-11	4.92185E-11
52	124	0	6.30031E-9	4.0322E-9	52	125	0	2.40012E-13	1.53608E-13
52	125	1	9.02045E-13	5.77309E-13	52	126	0	2.71014E-11	1.73449E-11
52	127	0	1.34007E-10	8.57643E-11	52	127	1	3.81019E-10	2.43852E-10
52	128	0	1.07005E-8	6.84834E-9	52	129	0	5.17026E-8	3.30897E-8
52	129	1	1.47007E-7	9.40847E-8	52	130	0	3.85019E-6	2.46412E-6
52	131	0	4.15961E-4	2.66215E-4	52	131	1	0.00118701	7.59686E-4
52	132	0	0.0109571	0.00350628	52	133	0	0.00922078	0.0059013
52	133	1	0.0262437	0.008398	52	134	0	0.0549514	0.00439611
52	135	0	0.0389124	0.012452	52	136	0	0.0261429	0.00836572
52	137	0	0.00797644	0.00510492	52	138	0	0.00189031	0.0012098
52	139	0	2.12821E-4	1.36205E-4	52	140	0	1.70079E-5	1.08851E-5
52	141	0	3.00073E-7	1.92046E-7	52	142	0	2.60005E-8	1.66403E-8
52	143	0	3.11186E-11	1.99159E-11	52	144	0	3.57302E-12	2.28673E-12
52	145	0	2.16794E-13	1.38748E-13	53	129	0	1.11006E-14	7.10435E-15
53	130	0	6.22031E-13	3.981E-13	53	130	1	2.30011E-13	1.47207E-13
53	131	0	5.31027E-6	3.39857E-6	53	132	1	3.55168E-5	2.27307E-5
53	132	0	3.55168E-5	2.27307E-5	53	133	1	7.75769E-4	4.96492E-4
53	133	0	7.75769E-4	4.96492E-4	53	134	0	0.0064479	0.00412666
53	134	1	0.00326455	0.00208931	53	135	0	0.0177893	0.00569259
53	136	0	0.0146458	0.00468664	53	136	1	0.014544	0.00465407
53	137	0	0.0331873	0.0106199	53	138	0	0.0197678	0.00632569
53	139	0	0.0087814	0.0056201	53	140	0	0.00196998	0.00126079
53	141	0	3.9493E-4	2.52755E-4	53	142	0	3.75419E-5	2.40268E-5
53	143	0	1.03973E-6	6.65425E-7	53	144	0	1.19381E-7	7.64036E-8
53	145	0	7.24347E-9	4.63582E-9	53	146	0	1.23313E-11	7.892E-12
53	147	0	8.7164E-13	5.5785E-13	54	131	0	3.63018E-10	2.32332E-10
54	131	1	1.03005E-9	6.59233E-10	54	132	0	9.66048E-8	6.18271E-8
54	133	0	1.78009E-6	1.13926E-6	54	133	1	5.06025E-6	3.23856E-6
54	134	0	3.9332E-5	2.51725E-5	54	134	1	1.06335E-4	6.80546E-5
54	135	0	2.72764E-4	1.74569E-4	54	135	1	7.76329E-4	4.9685E-4
54	136	0	0.00740062	0.0047364	54	137	0	0.0202158	0.00646906
54	138	0	0.0428873	0.00986408	54	139	0	0.0438151	0.0140208
54	140	0	0.0366123	0.0117159	54	141	0	0.0185311	0.00592994
54	142	0	0.00713613	0.00456712	54	143	1	6.84199E-4	4.37888E-4
54	143	0	6.84199E-4	4.37888E-4	54	144	0	1.57118E-4	1.00556E-4
54	145	0	9.53323E-6	6.10127E-6	54	146	0	4.12008E-7	2.63685E-7
54	147	0	2.9123E-8	1.86387E-8	54	148	0	6.97035E-11	4.46102E-11
54	149	0	7.09468E-13	4.54059E-13	55	132	0	1.71009E-12	1.09445E-12
55	133	0	6.25031E-10	4.0002E-10	55	134	1	2.23011E-8	1.42727E-8
55	134	0	2.23011E-8	1.42727E-8	55	135	1	8.1004E-7	5.18426E-7
55	135	0	8.1004E-7	5.18426E-7	55	136	1	2.0181E-5	1.29158E-5
55	136	0	2.0181E-5	1.29158E-5	55	137	0	4.15921E-4	2.66189E-4
55	138	0	0.00110529	7.07383E-4	55	138	1	0.00110529	7.07383E-4
55	139	0	0.00833987	0.00533751	55	140	0	0.0163055	0.00521775
55	141	0	0.0284114	0.00909166	55	142	0	0.0254013	0.0081284
55	143	0	0.018709	0.00598689	55	144	0	0.00574789	0.00367865
55	145	0	0.0014949	9.56739E-4	55	146	0	1.88629E-4	1.20723E-4
55	147	0	3.83291E-5	2.45307E-5	55	148	0	4.45022E-7	2.84814E-7
55	149	0	2.37045E-8	1.51709E-8	55	150	0	1.63008E-10	1.04325E-10
55	151	0	5.96526E-13	3.81776E-13	55	152	0	4.1603E-14	2.66259E-14
56	134	0	1.61008E-12	1.03045E-12	56	135	1	9.9505E-11	6.36832E-11
56	135	0	9.9505E-11	6.36832E-11	56	136	1	1.05505E-8	6.75234E-9
56	136	0	1.05505E-8	6.75234E-9	56	137	0	2.0401E-7	1.30567E-7
56	137	1	5.80029E-7	3.71219E-7	56	138	0	1.85609E-5	1.1879E-5
56	139	0	1.9115E-4	1.22336E-4	56	140	0	0.00152195	9.74045E-4
56	141	0	0.00646993	0.00414076	56	142	0	0.0210057	0.00672182
56	143	0	0.0352737	0.00811295	56	144	0	0.0384065	0.0122901
56	145	0	0.0244724	0.00783117	56	146	0	0.0122668	0.00392536
56	147	0	0.00228803	0.00146434	56	148	0	3.49767E-4	2.23851E-4
56	149	0	3.11979E-5	1.99666E-5	56	150	0	1.59008E-6	1.01765E-6
56	151	0	1.99309E-8	1.27558E-8	56	152	0	1.39003E-9	8.89618E-10
56	153	0	3.861E-12	2.47104E-12	56	154	0	1.46007E-13	9.34447E-14
56	155	0	8.31727E-15	5.32305E-15	57	137	0	2.98015E-11	1.9073E-11
57	138	0	2.17011E-9	1.38887E-9	57	139	0	9.9205E-8	6.34912E-8
57	140	0	2.34012E-6	1.49767E-6	57	141	0	4.24721E-5	2.71822E-5
57	142	0	3.55148E-4	2.27295E-4	57	143	0	0.00243231	0.00155668
57	144	0	0.00659735	0.0042223	57	145	0	0.0145366	0.00465171
57	146	1	0.00844917	0.00540747	57	146	0	0.00844917	0.00540747
57	147	0	0.0117027	0.00374487	57	148	0	0.00446554	0.00285795
57	149	0	0.00158731	0.00101588	57	150	0	2.15411E-4	1.37863E-4
57	151	0	2.62314E-5	1.67881E-5	57	152	0	2.0801E-6	1.33127E-6
57	153	0	1.29003E-7	8.25617E-8	57	154	0	2.56013E-9	1.63848E-9
57	155	0	2.77894E-10	1.77852E-10	57	156	0	2.87031E-13	1.837E-13
57	157	0	7.81179E-15	4.99955E-15	57	158	0	9.63754E-17	6.16802E-17
58	138	0	2.92015E-14	1.86889E-14	58	139	0	1.05005E-12	6.72034E-13
58	139	1	2.98015E-12	1.9073E-12	58	140	0	4.46022E-10	2.85454E-10
58	141	0	2.39012E-8	1.52968E-8	58	142	0	9.18046E-7	5.87549E-7
58	143	0	1.73109E-5	1.1079E-5	58	144	0	1.9768E-4	1.26515E-4
58	145	0	0.00119448	7.64467E-4	58	146	0	0.00526837	0.00337176
58	147	0	0.00870816	0.00278661	58	148	0	0.0117071	0.00374627
58	149	0	0.00953873	0.00610478	58	150	0	0.00460247	0.00294558
58	151	0	0.00134326	8.59685E-4	58	152	0	4.0692E-4	2.60429E-4
58	153	0	6.59633E-5	4.22165E-5	58	154	0	5.36027E-6	3.43057E-6
58	155	0	3.6574E-7	2.34074E-7	58	156	0	9.59019E-9	6.13772E-9
58	157	0	2.61005E-10	1.67043E-10	58	158	0	3.22006E-12	2.06084E-12
58	159	0	7.722E-15	4.94208E-15	59	141	0	2.62013E-13	1.67688E-13
59	142	1	1.51008E-11	9.66448E-12	59	142	0	1.51008E-11	9.66448E-12
59	143	0	2.73014E-9	1.74729E-9	59	144	0	8.47042E-9	5.42107E-9
59	144	1	8.56043E-8	5.47867E-8	59	145	0	2.49012E-6	1.59368E-6
59	146	0	3.15216E-5	2.01738E-5	59	147	0	2.15101E-4	1.37664E-4
59	148	1	3.72224E-4	2.38223E-4	59	148	0	3.72224E-4	2.38223E-4
59	149	0	0.00218131	0.00139604	59	150	0	0.00233054	0.00149154
59	151	0	0.00222533	0.00142421	59	152	0	0.00148862	9.5272E-4
59	153	0	8.51603E-4	5.45026E-4	59	154	0	1.68948E-4	1.08127E-4
59	155	0	4.47922E-5	2.8667E-5	59	156	0	3.10015E-6	1.9841E-6
59	157	0	3.37017E-7	2.15691E-7	59	158	0	1.15006E-8	7.36037E-9
59	159	0	2.58005E-10	1.65123E-10	59	160	0	3.33017E-12	2.13131E-12
59	161	0	9.42802E-15	6.03394E-15	59	162	0	2.06219E-16	1.3198E-16
59	163	0	2.75957E-18	1.76612E-18	60	143	0	3.18016E-14	2.0353E-14
60	144	0	5.20026E-12	3.32817E-12	60	145	0	4.25021E-10	2.72014E-10
60	146	0	2.32012E-8	1.48487E-8	60	147	0	5.07025E-7	3.24496E-7
60	148	0	7.75039E-6	4.96025E-6	60	149	0	6.14631E-5	3.93364E-5
60	150	0	2.50082E-4	1.60053E-4	60	151	0	5.50117E-4	3.52075E-4
60	152	0	0.00123241	7.88743E-4	60	153	0	0.00151257	9.68042E-4
60	154	0	9.88469E-4	6.3262E-4	60	155	0	5.88169E-4	3.76428E-4
60	156	0	1.46597E-4	9.38223E-5	60	157	0	3.84119E-5	2.45836E-5
60	158	0	5.14026E-6	3.28976E-6	60	159	0	3.08015E-7	1.9713E-7
60	160	0	1.65008E-8	1.05605E-8	60	161	0	3.15006E-10	2.01604E-10
60	162	0	6.89014E-12	4.40969E-12	60	163	0	9.22018E-14	5.90092E-14
60	165	0	3.08281E-18	1.973E-18	61	146	0	2.34012E-13	1.49767E-13
61	147	0	2.43012E-11	1.55528E-11	61	148	0	3.06015E-10	1.9585E-10
61	148	1	8.28041E-10	5.29946E-10	61	149	0	4.0002E-8	2.56013E-8
61	150	0	4.50022E-7	2.88014E-7	61	151	0	3.9202E-6	2.50893E-6
61	152	2	7.32703E-6	4.6893E-6	61	152	0	7.32703E-6	4.6893E-6
61	152	1	7.32703E-6	4.6893E-6	61	153	0	9.78549E-5	6.26271E-5
61	154	0	7.23036E-5	4.62743E-5	61	154	1	7.23036E-5	4.62743E-5
61	155	0	2.84604E-4	1.82147E-4	61	156	0	1.52028E-4	9.72977E-5
61	157	0	1.29186E-4	8.26793E-5	61	158	0	3.9442E-5	2.52429E-5
61	159	0	8.66043E-6	5.54268E-6	61	160	0	1.17006E-6	7.48837E-7
61	161	0	8.62043E-8	5.51708E-8	61	162	0	5.08025E-9	3.25136E-9
61	163	0	2.84014E-10	1.81769E-10	61	164	0	6.1003E-12	3.90419E-12
61	165	0	1.03002E-13	6.59213E-14	61	166	0	4.72898E-16	3.02655E-16
61	167	0	1.1134E-17	7.12579E-18	62	148	0	1.9201E-14	1.22886E-14
62	149	0	2.0401E-12	1.30567E-12	62	150	0	1.01005E-10	6.46432E-11
62	151	0	2.43012E-9	1.55528E-9	62	152	0	5.64028E-8	3.60978E-8
62	153	0	6.66033E-7	4.26261E-7	62	154	0	3.85019E-6	2.46412E-6
62	155	0	1.86309E-5	1.19238E-5	62	156	0	3.54118E-5	2.26635E-5
62	157	0	6.51633E-5	4.17045E-5	62	158	0	6.52633E-5	4.17685E-5
62	159	0	3.08315E-5	1.97322E-5	62	160	0	1.40707E-5	9.00525E-6
62	161	0	2.34012E-6	1.49767E-6	62	162	0	5.14026E-7	3.28976E-7
62	163	0	7.35037E-8	4.70423E-8	62	164	0	6.16031E-9	3.9426E-9
62	165	0	2.82014E-10	1.80489E-10	62	166	0	1.58003E-11	1.01122E-11
62	167	0	3.72007E-13	2.38085E-13	62	169	0	3.35219E-18	2.1454E-18
62	171	0	2.04069E-21	1.30604E-21	63	151	0	2.94015E-14	1.88169E-14
63	152	2	6.38032E-13	4.0834E-13	63	152	0	6.38032E-13	4.0834E-13
63	152	1	6.38032E-13	4.0834E-13	63	153	0	9.59048E-11	6.13791E-11
63	154	1	7.60038E-10	4.86424E-10	63	154	0	7.60038E-10	4.86424E-10
63	155	0	3.03015E-8	1.9393E-8	63	156	0	1.51008E-7	9.66448E-8
63	157	0	1.04005E-6	6.65633E-7	63	158	0	2.52013E-6	1.61288E-6
63	159	0	4.16021E-6	2.66253E-6	63	160	0	4.16021E-6	2.66253E-6
63	161	0	2.20011E-6	1.40807E-6	63	162	0	1.05005E-6	6.72034E-7
63	163	0	5.13026E-7	3.28336E-7	63	164	0	9.90049E-8	6.33632E-8
63	165	0	1.72009E-8	1.10085E-8	63	166	0	2.48012E-9	1.58728E-9
63	167	0	2.39012E-10	1.52968E-10	63	168	0	6.18031E-12	3.9554E-12
63	169	0	1.12002E-13	7.16814E-14	63	171	0	6.81828E-17	4.3637E-17
64	154	0	7.14036E-14	4.56983E-14	64	155	0	3.9802E-12	2.54733E-12
64	156	0	9.25046E-11	5.9203E-11	64	157	0	1.53008E-9	9.79249E-10
64	158	0	1.50007E-8	9.60048E-9	64	159	0	6.44032E-8	4.12181E-8
64	160	0	2.45012E-7	1.56808E-7	64	161	0	2.99015E-7	1.9137E-7
64	162	0	4.89024E-7	3.12976E-7	64	163	0	5.19026E-7	3.32177E-7
64	164	0	3.19016E-7	2.0417E-7	64	165	0	1.21006E-7	7.74439E-8
64	166	0	6.1003E-8	3.90419E-8	64	167	0	1.42007E-8	9.08845E-9
64	168	0	1.37007E-9	8.76844E-10	64	169	0	6.52033E-11	4.17301E-11
64	170	0	2.97015E-12	1.90089E-12	64	171	0	8.97363E-14	5.74312E-14
65	157	0	4.47022E-14	2.86094E-14	65	158	0	1.12006E-12	7.16836E-13
65	158	1	1.11006E-13	7.10435E-14	65	159	0	2.21011E-11	1.41447E-11
65	160	0	2.28011E-10	1.45927E-10	65	161	0	1.09005E-9	6.97635E-10
65	162	0	2.28011E-9	1.45927E-9	65	162	1	2.28011E-9	1.45927E-9
65	163	0	1.81009E-8	1.15846E-8	65	164	0	2.52013E-8	1.61288E-8
65	165	0	3.24016E-8	2.0737E-8	65	166	0	3.51018E-8	2.24651E-8
65	167	0	2.67013E-8	1.70889E-8	65	168	0	5.58028E-9	3.57138E-9
65	169	0	9.42047E-10	6.0291E-10	65	170	0	1.05005E-10	6.72034E-11
65	171	0	1.24006E-11	7.9364E-12	65	172	0	6.45032E-13	4.12821E-13
66	160	0	2.59013E-14	1.65768E-14	66	161	0	4.74024E-13	3.03375E-13
66	162	0	5.82029E-12	3.72499E-12	66	163	0	6.22031E-11	3.981E-11
66	164	0	3.35017E-10	2.14411E-10	66	165	0	9.57048E-10	6.12511E-10
66	165	1	1.31007E-10	8.38442E-11	66	166	0	4.34022E-9	2.77774E-9
66	167	0	7.54038E-9	4.82584E-9	66	168	0	5.12026E-9	3.27696E-9
66	169	0	1.85009E-9	1.18406E-9	66	170	0	6.85034E-10	4.38422E-10
66	171	0	1.82009E-10	1.16486E-10	66	172	0	3.32017E-11	2.12491E-11
67	164	0	1.71009E-14	1.09445E-14	67	164	1	4.63023E-14	2.96335E-14
67	165	0	8.56043E-13	5.47867E-13	67	166	0	2.46012E-12	1.57448E-12
67	166	1	6.65033E-12	4.25621E-12	67	167	0	6.25031E-11	4.0002E-11
67	168	0	1.03005E-10	6.59233E-11	67	169	0	1.34007E-10	8.57643E-11
67	170	0	5.57028E-11	3.56498E-11	67	170	1	5.57028E-11	3.56498E-11
67	171	0	9.77049E-11	6.25311E-11	67	172	0	3.72019E-11	2.38092E-11
68	167	0	4.0002E-14	2.56013E-14	68	168	0	2.98015E-13	1.9073E-13
68	169	0	1.03005E-12	6.59233E-13	68	170	0	3.34017E-12	2.13771E-12
68	171	0	7.17036E-12	4.58903E-12	68	172	0	9.40047E-12	6.0163E-12
69	171	0	1.32007E-14	8.44842E-15	69	172	0	4.39022E-14	2.80974E-14