Z	A	FPS	Yield	Uncertainty	Z	A	FPS	Yield	Uncertainty
23	66	0	1.5715E-13	1.00576E-13	23	67	0	3.21653E-14	2.05858E-14
23	68	0	3.79857E-15	2.43108E-15	24	66	0	5.12843E-10	3.28219E-10
24	67	0	1.04968E-10	6.71794E-11	24	68	0	1.23962E-11	7.93357E-12
24	69	0	4.1968E-13	2.68595E-13	24	70	0	4.38E-14	2.8032E-14
25	66	0	6.01E-8	3.8464E-8	25	67	0	2.99E-8	1.9136E-8
25	68	0	9.0E-9	5.76E-9	25	69	0	1.36958E-9	8.76531E-10
25	70	0	2.06E-10	1.3184E-10	25	71	0	1.72E-11	1.1008E-11
25	72	0	7.78094E-13	4.9798E-13	25	73	0	9.92529E-14	6.35218E-14
26	66	0	6.95E-7	4.448E-7	26	67	0	7.99E-7	5.1136E-7
26	68	0	5.82E-7	3.7248E-7	26	69	0	2.19E-7	1.4016E-7
26	70	0	8.08E-8	5.1712E-8	26	71	0	1.72E-8	1.1008E-8
26	72	0	2.53922E-9	1.6251E-9	26	73	0	3.23901E-10	2.07296E-10
26	74	0	2.64E-11	1.6896E-11	26	75	0	1.36932E-12	8.76366E-13
26	76	0	4.21E-14	2.6944E-14	27	66	0	9.38E-7	6.0032E-7
27	67	0	2.35E-6	1.504E-6	27	68	0	3.88E-6	2.4832E-6
27	69	0	3.39E-6	2.1696E-6	27	70	0	2.91E-6	1.8624E-6
27	71	0	1.52E-6	9.728E-7	27	72	0	5.55E-7	3.552E-7
27	73	0	1.75E-7	1.12E-7	27	74	0	3.65E-8	2.336E-8
27	75	0	4.46863E-9	2.85992E-9	27	76	0	3.89E-10	2.4896E-10
27	77	0	2.02182E-11	1.29396E-11	27	78	0	2.58854E-12	1.65667E-12
28	66	0	1.52E-7	9.728E-8	28	67	0	8.45E-7	5.408E-7
28	68	0	3.1E-6	1.984E-6	28	69	0	6.02E-6	3.8528E-6
28	70	0	1.131E-5	7.2384E-6	28	71	0	1.344E-5	8.6016E-6
28	72	0	1.153E-5	7.3792E-6	28	73	0	8.53E-6	5.4592E-6
28	74	0	4.37E-6	2.7968E-6	28	75	0	1.34E-6	8.576E-7
28	76	0	2.97E-7	1.9008E-7	28	77	0	6.59798E-8	4.22271E-8
28	78	0	8.44741E-9	5.40634E-9	28	79	0	2.16886E-10	1.38807E-10
28	80	0	2.62E-11	1.6768E-11	28	81	0	1.83189E-12	1.17241E-12
28	82	0	1.13E-14	7.232E-15	29	66	0	2.57E-9	1.6448E-9
29	67	0	3.37E-8	2.1568E-8	29	68	0	5.24E-8	3.3536E-8
29	68	1	2.39E-7	1.5296E-7	29	69	0	1.3E-6	8.32E-7
29	70	0	8.03E-7	5.1392E-7	29	70	1	4.55E-6	2.912E-6
29	71	0	1.412E-5	9.0368E-6	29	72	0	2.688E-5	1.72032E-5
29	73	0	4.383E-5	2.80512E-5	29	74	0	5.171E-5	3.30944E-5
29	75	0	3.752E-5	2.40128E-5	29	76	0	2.011E-5	1.28704E-5
29	77	0	1.107E-5	7.0848E-6	29	78	0	3.66E-6	2.3424E-6
29	79	0	7.07783E-7	4.52981E-7	29	80	0	8.04E-8	5.1456E-8
29	81	0	5.97817E-9	3.82603E-9	29	82	0	2.8E-10	1.792E-10
29	83	0	1.21003E-11	7.74418E-12	30	66	0	3.88E-12	2.4832E-12
30	67	0	1.26E-10	8.064E-11	30	68	0	2.72E-9	1.7408E-9
30	69	0	3.26E-9	2.0864E-9	30	69	1	2.64E-8	1.6896E-8
30	70	0	2.87E-7	1.8368E-7	30	71	0	1.94E-7	1.2416E-7
30	71	1	1.57E-6	1.0048E-6	30	72	0	7.65E-6	4.896E-6
30	73	0	2.727E-5	1.74528E-5	30	74	0	7.129E-5	4.56256E-5
30	75	0	1.1528E-4	7.37792E-5	30	76	0	1.401E-4	8.9664E-5
30	77	0	1.7928E-4	1.14739E-4	30	78	0	1.4461E-4	9.25504E-5
30	79	0	7.015E-5	4.4896E-5	30	80	0	2.084E-5	1.33376E-5
30	81	0	4.23E-6	2.7072E-6	30	82	0	5.61E-7	3.5904E-7
30	83	0	3.94879E-8	2.52723E-8	30	84	0	2.32E-9	1.4848E-9
30	85	0	8.88375E-11	5.6856E-11	30	86	0	1.31E-12	8.384E-13
31	67	0	3.97E-14	2.5408E-14	31	68	0	2.21E-12	1.4144E-12
31	69	0	6.15E-11	3.936E-11	31	70	0	1.47E-9	9.408E-10
31	71	0	2.24E-8	1.4336E-8	31	72	1	1.18E-7	7.552E-8
31	72	0	1.18E-7	7.552E-8	31	73	0	1.96E-6	1.2544E-6
31	74	1	5.915E-6	3.7856E-6	31	74	0	5.915E-6	3.7856E-6
31	75	0	4.324E-5	2.76736E-5	31	76	0	1.1688E-4	7.48032E-5
31	77	0	3.3159E-4	2.12218E-4	31	78	0	6.1219E-4	3.91802E-4
31	79	0	6.9498E-4	4.44787E-4	31	80	0	5.0789E-4	3.2505E-4
31	81	0	2.6706E-4	1.70918E-4	31	82	0	9.634E-5	6.16576E-5
31	83	0	1.84E-5	1.1776E-5	31	84	0	2.97E-6	1.9008E-6
31	85	0	2.89911E-7	1.85543E-7	31	86	0	1.41E-8	9.024E-9
31	87	0	4.53377E-10	2.90162E-10	31	88	0	2.49358E-11	1.59589E-11
32	69	0	1.06E-14	6.784E-15	32	70	0	6.4E-13	4.096E-13
32	71	0	1.26E-11	8.064E-12	32	71	1	1.26E-11	8.064E-12
32	72	0	6.75E-10	4.32E-10	32	73	0	1.22E-8	7.808E-9
32	73	1	1.51E-9	9.664E-10	32	74	0	2.04E-7	1.3056E-7
32	75	0	1.44E-7	9.216E-8	32	75	1	1.66E-6	1.0624E-6
32	76	0	1.146E-5	7.3344E-6	32	77	0	6.929E-5	4.43456E-5
32	77	1	5.22E-6	3.3408E-6	32	78	0	3.152E-4	2.01728E-4
32	79	1	4.0516E-4	2.59302E-4	32	79	0	4.0516E-4	2.59302E-4
32	80	0	0.0013662	8.74368E-4	32	81	0	0.00173663	0.00111144
32	82	0	0.0015925	0.0010192	32	83	0	7.8045E-4	4.99488E-4
32	84	0	3.3181E-4	2.12358E-4	32	85	0	9.119E-5	5.83616E-5
32	86	0	1.248E-5	7.9872E-6	32	87	0	1.47955E-6	9.4691E-7
32	88	0	8.13751E-8	5.208E-8	32	89	0	2.08309E-9	1.33317E-9
32	90	0	1.94533E-10	1.24501E-10	33	72	0	1.62E-13	1.0368E-13
33	73	0	8.27E-12	5.2928E-12	33	74	0	5.69E-11	3.6416E-11
33	74	1	2.59E-10	1.6576E-10	33	75	0	7.06E-9	4.5184E-9
33	76	0	1.12E-7	7.168E-8	33	77	0	1.78E-6	1.1392E-6
33	78	0	1.847E-5	1.18208E-5	33	79	0	1.1298E-4	7.23072E-5
33	80	0	4.536E-4	2.90304E-4	33	81	0	0.00136462	8.73357E-4
33	82	0	0.00150678	9.64339E-4	33	82	1	0.00150712	9.64557E-4
33	83	0	0.00351957	0.00225252	33	84	1	0.00183434	0.00117398
33	84	0	0.00183434	0.00117398	33	85	0	0.00266967	0.00170859
33	86	0	9.7447E-4	6.23661E-4	33	87	0	3.159E-4	2.02176E-4
33	88	0	4.729E-5	3.02656E-5	33	89	0	6.79792E-6	4.35067E-6
33	90	0	6.34837E-7	4.06296E-7	33	91	0	6.91094E-9	4.423E-9
33	92	0	6.52496E-10	4.17597E-10	33	93	0	8.17188E-11	5.23E-11
34	74	0	4.04E-14	2.5856E-14	34	75	0	2.34E-12	1.4976E-12
34	76	0	9.59E-11	6.1376E-11	34	77	0	3.12E-10	1.9968E-10
34	77	1	3.58E-9	2.2912E-9	34	78	0	1.04E-7	6.656E-8
34	79	0	1.5E-6	9.6E-7	34	79	1	1.13E-7	7.232E-8
34	80	0	1.647E-5	1.05408E-5	34	81	0	1.002E-5	6.4128E-6
34	81	1	1.152E-4	7.3728E-5	34	82	0	6.9207E-4	4.42925E-4
34	83	0	0.00171975	0.00110064	34	83	1	2.126E-4	1.36064E-4
34	84	0	0.00459786	0.00294263	34	85	0	0.00428014	0.00273929
34	85	1	0.00423906	0.002713	34	86	0	0.00770642	0.00493211
34	87	0	0.00641596	0.00410621	34	88	0	0.00247463	0.00158376
34	89	0	9.4157E-4	6.02605E-4	34	90	0	1.75095E-4	1.12061E-4
34	91	0	2.25531E-5	1.4434E-5	34	92	0	2.12935E-6	1.36278E-6
34	93	0	2.6668E-7	1.70675E-7	34	94	0	4.41E-9	2.8224E-9
34	95	0	2.26791E-10	1.45146E-10	34	96	0	1.97E-12	1.2608E-12
35	77	0	9.91E-14	6.3424E-14	35	77	1	6.09E-13	3.8976E-13
35	78	0	5.02E-11	3.2128E-11	35	79	0	2.87E-10	1.8368E-10
35	79	1	1.77E-9	1.1328E-9	35	80	0	8.37E-9	5.3568E-9
35	80	1	4.74E-8	3.0336E-8	35	81	0	1.14E-6	7.296E-7
35	82	0	1.391E-5	8.9024E-6	35	82	1	3.05E-6	1.952E-6
35	83	0	1.2116E-4	7.75424E-5	35	84	0	1.6268E-4	1.04115E-4
35	84	1	5.7676E-4	3.69126E-4	35	85	0	0.00334767	0.00214251
35	86	0	0.00365957	0.00234212	35	86	1	0.00365601	0.00233985
35	87	0	0.0146453	0.00468649	35	88	0	0.0135532	0.00433703
35	89	0	0.0127355	0.00407538	35	90	0	0.00604621	0.00386957
35	91	0	0.00203078	0.0012997	35	92	0	5.0011E-4	3.2007E-4
35	93	0	7.35532E-5	4.70741E-5	35	94	0	7.81E-6	4.9984E-6
35	95	0	7.40108E-7	4.73669E-7	35	96	0	2.53E-8	1.6192E-8
35	97	0	7.9341E-10	5.07783E-10	35	98	0	4.65631E-11	2.98004E-11
36	79	1	1.07E-13	6.848E-14	36	79	0	1.07E-13	6.848E-14
36	80	0	1.59E-11	1.0176E-11	36	81	0	8.42E-10	5.3888E-10
36	81	1	6.34E-11	4.0576E-11	36	82	0	3.8E-8	2.432E-8
36	83	0	6.53E-7	4.1792E-7	36	83	1	8.08E-8	5.1712E-8
36	84	0	1.19E-5	7.616E-6	36	85	0	1.3003E-4	8.32192E-5
36	85	1	1.607E-5	1.02848E-5	36	86	0	8.1977E-4	5.24653E-4
36	87	0	0.00394706	0.00252612	36	88	0	0.00883511	0.00565447
36	89	0	0.0196047	0.0062735	36	90	0	0.0224108	0.00717147
36	91	0	0.0183508	0.00587225	36	92	0	0.0111196	0.00355828
36	93	0	0.00424275	0.00271536	36	94	0	0.00118936	7.6119E-4
36	95	0	2.0413E-4	1.30643E-4	36	96	0	2.656E-5	1.69984E-5
36	97	0	2.58921E-6	1.65709E-6	36	98	0	1.51953E-7	9.72502E-8
36	99	0	1.54734E-9	9.903E-10	36	100	0	2.07E-10	1.3248E-10
36	101	0	3.63318E-11	2.32523E-11	37	81	0	5.85E-14	3.744E-14
37	83	0	3.82E-10	2.4448E-10	37	84	0	1.71E-8	1.0944E-8
37	85	0	6.01E-7	3.8464E-7	37	86	1	4.625E-6	2.96E-6
37	86	0	4.625E-6	2.96E-6	37	87	0	1.2321E-4	7.88544E-5
37	88	0	6.899E-4	4.41536E-4	37	89	0	0.0036645	0.00234528
37	90	0	0.00112346	7.19014E-4	37	90	1	0.00908674	0.00581551
37	91	0	0.0197378	0.00631611	37	92	0	0.0276248	0.00883994
37	93	0	0.0253604	0.00811534	37	94	0	0.0175996	0.00563188
37	95	0	0.00755789	0.00483705	37	96	0	0.00244839	0.00156697
37	97	0	5.9442E-4	3.80429E-4	37	98	0	9.049E-5	5.79136E-5
37	99	0	5.04958E-6	3.23173E-6	37	100	0	8.15E-7	5.216E-7
37	101	0	1.18565E-7	7.58814E-8	37	102	0	8.73058E-10	5.58757E-10
37	103	0	9.2977E-11	5.95053E-11	38	83	0	1.61E-14	1.0304E-14
38	84	0	2.03E-12	1.2992E-12	38	85	1	1.05E-10	6.72E-11
38	85	0	1.05E-10	6.72E-11	38	86	0	9.18E-9	5.8752E-9
38	87	0	3.06E-7	1.9584E-7	38	87	1	3.78E-8	2.4192E-8
38	88	0	5.19E-6	3.3216E-6	38	89	0	7.485E-5	4.7904E-5
38	90	0	5.2245E-4	3.34368E-4	38	91	0	0.00252142	0.00161371
38	92	0	0.00837274	0.00535855	38	93	0	0.0180274	0.00576878
38	94	0	0.0297812	0.00952999	38	95	0	0.0299079	0.00957052
38	96	0	0.0226488	0.00724761	38	97	0	0.0129215	0.00413488
38	98	0	0.00484746	0.00310237	38	99	0	0.00139273	8.91346E-4
38	100	0	2.6947E-4	1.72461E-4	38	101	0	3.27014E-5	2.09289E-5
38	102	0	2.84913E-6	1.82344E-6	38	103	0	3.0342E-7	1.94189E-7
38	104	0	7.45E-9	4.768E-9	38	105	0	4.05893E-10	2.59771E-10
38	106	0	8.95674E-11	5.73231E-11	38	107	0	3.551E-11	2.27264E-11
39	87	0	8.02E-11	5.1328E-11	39	88	0	3.38E-9	2.1632E-9
39	89	0	1.48E-8	9.472E-9	39	89	1	1.2E-7	7.68E-8
39	90	1	1.275E-6	8.16E-7	39	90	0	1.275E-6	8.16E-7
39	91	1	1.641E-5	1.05024E-5	39	91	0	1.641E-5	1.05024E-5
39	92	0	2.777E-4	1.77728E-4	39	93	1	7.67015E-4	4.9089E-4
39	93	0	7.67015E-4	4.9089E-4	39	94	0	0.00616722	0.00394702
39	95	0	0.0144841	0.00463492	39	96	0	0.00149131	9.54438E-4
39	96	1	0.0233641	0.00747651	39	97	1	0.0157228	0.0100626
39	97	0	0.0157228	0.0100626	39	98	0	0.013584	0.00434688
39	98	1	0.0135831	0.00434659	39	99	0	0.0180857	0.00578744
39	100	0	0.0082629	0.00528826	39	101	0	0.00250323	0.00160207
39	102	0	5.3854E-4	3.44666E-4	39	103	0	8.36865E-5	5.35594E-5
39	104	0	9.31E-6	5.9584E-6	39	105	0	1.32459E-6	8.47735E-7
39	106	0	2.92293E-7	1.87068E-7	39	107	0	1.15883E-7	7.4165E-8
39	108	0	3.15526E-10	2.01937E-10	39	109	0	3.63428E-11	2.32594E-11
40	88	0	1.78E-13	1.1392E-13	40	89	0	2.0E-11	1.28E-11
40	90	1	5.3E-10	3.392E-10	40	90	0	5.3E-10	3.392E-10
40	91	0	3.78E-8	2.4192E-8	40	92	0	8.54E-7	5.4656E-7
40	93	0	1.27E-5	8.128E-6	40	94	0	1.3466E-4	8.61824E-5
40	95	0	7.9387E-4	5.08077E-4	40	96	0	0.00324509	0.00207686
40	97	0	0.00932171	0.00596589	40	98	0	0.0183535	0.00587312
40	99	0	0.0270995	0.00867183	40	100	0	0.0276429	0.00884573
40	101	0	0.0194599	0.00622718	40	102	0	0.00976513	0.00624968
40	103	0	0.00373177	0.00238833	40	104	0	0.0010141	6.49024E-4
40	105	0	3.65335E-4	2.33814E-4	40	106	0	8.06176E-5	5.15953E-5
40	107	0	3.19617E-5	2.04555E-5	40	108	0	1.02968E-6	6.58998E-7
40	109	0	1.18601E-7	7.59045E-8	40	110	0	4.08E-9	2.6112E-9
40	111	0	1.12305E-10	7.18753E-11	40	112	0	2.01806E-11	1.29156E-11
41	90	0	3.54E-14	2.2656E-14	41	91	0	3.57E-12	2.2848E-12
41	92	0	2.2E-10	1.408E-10	41	93	0	8.12E-9	5.1968E-9
41	93	1	1.0E-9	6.4E-10	41	94	0	1.97E-7	1.2608E-7
41	94	1	6.93E-8	4.4352E-8	41	95	0	3.7E-6	2.368E-6
41	95	1	4.58E-7	2.9312E-7	41	96	0	1.372E-5	8.7808E-6
41	97	0	2.6893E-4	1.72115E-4	41	97	1	3.324E-5	2.12736E-5
41	98	0	0.00122578	7.84499E-4	41	98	1	2.1633E-4	1.38451E-4
41	99	0	3.9274E-4	2.51354E-4	41	99	1	0.00451594	0.0028902
41	100	0	0.00564229	0.00361107	41	100	1	0.00564229	0.00361107
41	101	0	0.0180246	0.00576787	41	102	1	0.0100329	0.00642103
41	102	0	0.0100329	0.00642103	41	103	0	0.0175925	0.00562959
41	104	1	0.0054887	0.00351277	41	104	0	0.0054887	0.00351277
41	105	0	0.00680083	0.00435253	41	106	0	0.00278453	0.0017821
41	107	0	8.26702E-4	5.2909E-4	41	108	0	2.0021E-4	1.28134E-4
41	109	0	3.27114E-5	2.09353E-5	41	110	0	4.85E-6	3.104E-6
41	111	0	3.66496E-7	2.34557E-7	41	112	0	6.58572E-8	4.21486E-8
41	113	0	3.02067E-10	1.93323E-10	41	114	0	5.08518E-11	3.25451E-11
41	115	0	2.74419E-11	1.75628E-11	42	93	1	2.665E-13	1.7056E-13
42	93	0	2.665E-13	1.7056E-13	42	94	0	4.38E-11	2.8032E-11
42	95	0	1.86E-9	1.1904E-9	42	96	0	5.1E-8	3.264E-8
42	97	0	9.06E-7	5.7984E-7	42	98	0	1.111E-5	7.1104E-6
42	99	0	9.311E-5	5.95904E-5	42	100	0	5.1514E-4	3.2969E-4
42	101	0	0.00197342	0.00126299	42	102	0	0.00501993	0.00321276
42	103	0	0.0100622	0.00321992	42	104	0	0.0138927	0.00444565
42	105	0	0.0142672	0.0045655	42	106	0	0.0103654	0.00331692
42	107	0	0.00713097	0.00456382	42	108	0	0.00371347	0.00237662
42	109	0	0.00142512	9.12077E-4	42	110	0	5.0348E-4	3.22227E-4
42	111	0	1.01083E-4	6.46934E-5	42	112	0	1.81641E-5	1.1625E-5
42	113	0	9.85763E-7	6.30888E-7	42	114	0	1.65949E-7	1.06207E-7
42	115	0	8.95535E-8	5.73142E-8	42	116	0	6.54E-10	4.1856E-10
42	117	0	4.44129E-11	2.84242E-11	43	95	0	5.99E-14	3.8336E-14
43	97	1	1.14E-10	7.296E-11	43	97	0	1.14E-10	7.296E-11
43	98	0	7.41E-9	4.7424E-9	43	99	0	1.42E-7	9.088E-8
43	99	1	1.75E-8	1.12E-8	43	100	0	2.23E-6	1.4272E-6
43	101	0	2.175E-5	1.392E-5	43	102	0	6.753E-5	4.32192E-5
43	102	1	6.753E-5	4.32192E-5	43	103	0	6.599E-4	4.22336E-4
43	104	0	0.0021174	0.00135514	43	105	0	0.00364746	0.00233437
43	106	0	0.0047029	0.00300986	43	107	0	0.00703288	0.00450104
43	108	0	0.00779264	0.00498729	43	109	0	0.00657532	0.0042082
43	110	0	0.00521399	0.00333695	43	111	0	0.00241695	0.00154685
43	112	0	0.00102331	6.54918E-4	43	113	0	2.71884E-4	1.74006E-4
43	114	0	5.616E-5	3.59424E-5	43	115	0	2.46998E-5	1.58079E-5
43	116	0	1.31E-6	8.384E-7	43	117	0	1.44936E-7	9.27593E-8
43	118	0	1.77981E-9	1.13908E-9	43	119	0	1.81045E-10	1.15869E-10
43	120	0	1.48267E-11	9.48907E-12	44	98	0	4.01E-13	2.5664E-13
44	99	0	2.25E-11	1.44E-11	44	100	0	8.16E-10	5.2224E-10
44	101	0	2.11E-8	1.3504E-8	44	102	0	3.33E-7	2.1312E-7
44	103	0	4.2E-6	2.688E-6	44	104	0	3.329E-5	2.13056E-5
44	105	0	1.0044E-4	6.42816E-5	44	106	0	2.4054E-4	1.53946E-4
44	107	0	8.2265E-4	5.26496E-4	44	108	0	0.00199178	0.00127474
44	109	1	0.00184017	0.00117771	44	109	0	0.00184017	0.00117771
44	110	0	0.00633924	0.00405711	44	111	0	0.0063998	0.00409587
44	112	0	0.00598965	0.00383338	44	113	0	0.00369231	0.00236308
44	114	0	0.00176228	0.00112786	44	115	0	6.38871E-4	4.08877E-4
44	116	0	2.2526E-4	1.44166E-4	44	117	0	3.9975E-5	2.5584E-5
44	118	0	5.80822E-6	3.71726E-6	44	119	0	5.90819E-7	3.78124E-7
44	120	0	4.83852E-8	3.09665E-8	44	121	0	1.112E-9	7.1168E-10
44	122	0	1.11E-10	7.104E-11	44	123	0	7.13763E-12	4.56808E-12
44	124	0	5.93E-14	3.7952E-14	45	101	0	1.83E-13	1.1712E-13
45	101	1	1.48E-12	9.472E-13	45	102	0	3.43E-11	2.1952E-11
45	102	1	3.43E-11	2.1952E-11	45	103	0	1.83E-10	1.1712E-10
45	103	1	2.11E-9	1.3504E-9	45	104	0	7.0E-9	4.48E-9
45	104	1	3.97E-8	2.5408E-8	45	105	0	2.36E-7	1.5104E-7
45	105	1	1.78E-8	1.1392E-8	45	106	0	5.86E-7	3.7504E-7
45	106	1	5.86E-7	3.7504E-7	45	107	0	9.74E-6	6.2336E-6
45	108	0	2.742E-5	1.75488E-5	45	108	1	2.742E-5	1.75488E-5
45	109	0	1.1807E-4	7.55648E-5	45	109	1	1.1807E-4	7.55648E-5
45	110	0	4.6167E-4	2.95469E-4	45	110	1	4.6167E-4	2.95469E-4
45	111	0	0.00206883	0.00132405	45	112	0	0.00422582	0.00270452
45	113	0	0.00577359	0.0036951	45	114	0	0.00602271	0.00385453
45	115	0	0.00493794	0.00316028	45	116	0	0.00373147	0.00238814
45	117	0	0.0015504	9.92256E-4	45	118	0	5.2311E-4	3.3479E-4
45	119	0	1.2623E-4	8.07872E-5	45	120	0	2.488E-5	1.59232E-5
45	121	0	3.62889E-6	2.32249E-6	45	122	0	3.49E-7	2.2336E-7
45	123	0	2.32929E-8	1.49074E-8	45	124	0	1.23E-9	7.872E-10
45	125	0	5.75912E-11	3.68584E-11	45	126	0	3.79857E-12	2.43108E-12
46	103	0	1.01E-13	6.464E-14	46	104	0	5.39E-12	3.4496E-12
46	105	0	5.37E-11	3.4368E-11	46	106	0	4.87E-10	3.1168E-10
46	107	0	2.13E-9	1.3632E-9	46	107	1	8.02E-9	5.1328E-9
46	108	0	1.39E-7	8.896E-8	46	109	0	3.08E-7	1.9712E-7
46	109	1	1.16E-6	7.424E-7	46	110	0	1.384E-5	8.8576E-6
46	111	0	1.542E-5	9.8688E-6	46	111	1	5.801E-5	3.71264E-5
46	112	0	3.4671E-4	2.21894E-4	46	113	0	0.00109157	6.98605E-4
46	114	0	0.00251118	0.00160716	46	115	0	0.00438033	0.00280341
46	116	0	0.00704818	0.00451084	46	117	0	0.00642412	0.00411144
46	118	0	0.00474383	0.00303605	46	119	0	0.00256369	0.00164076
46	120	0	0.00115843	7.41395E-4	46	121	0	4.0493E-4	2.59155E-4
46	122	0	9.265E-5	5.9296E-5	46	123	0	1.572E-5	1.00608E-5
46	124	0	2.08E-6	1.3312E-6	46	125	0	1.87942E-7	1.20283E-7
46	126	0	1.23962E-8	7.93357E-9	46	127	0	4.22744E-10	2.70556E-10
46	128	0	4.91E-11	3.1424E-11	46	129	0	4.17782E-11	2.6738E-11
46	130	0	1.23E-13	7.872E-14	47	106	1	1.34E-14	8.576E-15
47	107	0	6.93E-14	4.4352E-14	47	107	1	7.97E-13	5.1008E-13
47	108	1	1.465E-11	9.376E-12	47	108	0	1.465E-11	9.376E-12
47	109	1	3.905E-10	2.4992E-10	47	109	0	3.905E-10	2.4992E-10
47	110	0	3.33E-9	2.1312E-9	47	110	1	1.52E-8	9.728E-9
47	111	0	1.94E-8	1.2416E-8	47	111	1	2.23E-7	1.4272E-7
47	112	0	2.8E-6	1.792E-6	47	113	0	1.74E-6	1.1136E-6
47	113	1	1.996E-5	1.27744E-5	47	114	0	1.1728E-4	7.50592E-5
47	115	0	2.2974E-4	1.47034E-4	47	115	1	2.2974E-4	1.47034E-4
47	116	0	8.0909E-4	5.17818E-4	47	116	1	8.0909E-4	5.17818E-4
47	117	0	0.00161935	0.00103638	47	117	1	0.00161935	0.00103638
47	118	0	0.0025435	0.00162784	47	118	1	0.0025435	0.00162784
47	119	0	0.00585399	0.00374655	47	120	1	0.00285102	0.00182466
47	120	0	0.00285102	0.00182466	47	121	0	0.00448225	0.00286864
47	122	1	0.00115521	7.39338E-4	47	122	0	0.00115521	7.39338E-4
47	123	0	9.4702E-4	6.06093E-4	47	124	0	3.0158E-4	1.93011E-4
47	125	0	6.854E-5	4.38656E-5	47	126	0	1.122E-5	7.1808E-6
47	127	0	1.37958E-6	8.82929E-7	47	128	0	2.3E-7	1.472E-7
47	129	0	1.36339E-7	8.72566E-8	47	130	0	2.69E-9	1.7216E-9
47	131	0	1.04154E-10	6.66587E-11	48	109	0	3.37E-14	2.1568E-14
48	110	0	2.03E-12	1.2992E-12	48	111	0	9.46E-12	6.0544E-12
48	111	1	5.81E-11	3.7184E-11	48	112	0	1.96E-9	1.2544E-9
48	113	0	5.45E-9	3.488E-9	48	113	1	3.35E-8	2.144E-8
48	114	0	5.19E-7	3.3216E-7	48	115	0	6.76E-7	4.3264E-7
48	115	1	4.15E-6	2.656E-6	48	116	0	3.967E-5	2.53888E-5
48	117	0	2.597E-5	1.66208E-5	48	117	1	1.5954E-4	1.02106E-4
48	118	0	6.4973E-4	4.15827E-4	48	119	0	8.1499E-4	5.21594E-4
48	119	1	8.1499E-4	5.21594E-4	48	120	0	0.00340135	0.00217686
48	121	1	0.00290104	0.00185667	48	121	0	0.00290104	0.00185667
48	122	0	0.00638146	0.00408413	48	123	0	0.00591673	0.00378671
48	124	0	0.00426787	0.00273144	48	125	0	0.00230493	0.00147516
48	126	0	8.9721E-4	5.74214E-4	48	127	0	2.7347E-4	1.75021E-4
48	128	0	9.038E-5	5.78432E-5	48	129	0	3.76036E-5	2.40663E-5
48	130	0	4.75E-6	3.04E-6	48	131	0	3.39896E-7	2.17533E-7
48	132	0	1.66E-8	1.0624E-8	48	133	0	4.56441E-10	2.92122E-10
48	134	0	7.65E-12	4.896E-12	49	112	0	1.23E-14	7.872E-15
49	112	1	9.96E-14	6.3744E-14	49	113	0	5.15E-12	3.296E-12
49	113	1	6.36E-13	4.0704E-13	49	114	0	2.93E-11	1.8752E-11
49	114	1	1.66E-10	1.0624E-10	49	115	0	3.96E-9	2.5344E-9
49	115	1	4.89E-10	3.1296E-10	49	116	2	2.96E-8	1.8944E-8
49	116	0	2.96E-8	1.8944E-8	49	116	1	2.96E-8	1.8944E-8
49	117	0	9.09E-7	5.8176E-7	49	117	1	1.12E-7	7.168E-8
49	118	2	6.35E-7	4.064E-7	49	118	0	7.19E-6	4.6016E-6
49	118	1	6.35E-7	4.064E-7	49	119	0	4.382E-5	2.80448E-5
49	119	1	5.42E-6	3.4688E-6	49	120	2	7.77733E-5	4.97749E-5
49	120	0	7.77733E-5	4.97749E-5	49	120	1	7.77733E-5	4.97749E-5
49	121	0	8.0313E-4	5.14003E-4	49	121	1	9.926E-5	6.35264E-5
49	122	2	5.38245E-4	3.44477E-4	49	122	0	0.00107646	6.88934E-4
49	122	1	5.38245E-4	3.44477E-4	49	123	0	0.00395622	0.00253198
49	123	1	4.8897E-4	3.12941E-4	49	124	1	0.00347926	0.00222673
49	124	0	0.00347926	0.00222673	49	125	0	0.00419928	0.00268754
49	125	1	0.00419928	0.00268754	49	126	1	0.00364403	0.00233218
49	126	0	0.00364403	0.00233218	49	127	0	0.00259427	0.00166033
49	127	1	0.00259427	0.00166033	49	128	1	0.00162887	0.00104248
49	128	0	0.00162887	0.00104248	49	129	0	0.00113662	7.27437E-4
49	129	1	0.00113662	7.27437E-4	49	130	2	2.41383E-4	1.54485E-4
49	130	1	2.41383E-4	1.54485E-4	49	130	0	2.41383E-4	1.54485E-4
49	131	1	7.011E-5	4.48704E-5	49	131	0	7.011E-5	4.48704E-5
49	132	0	1.927E-5	1.23328E-5	49	133	0	1.48954E-6	9.53308E-7
49	134	0	7.27E-8	4.6528E-8	49	135	0	1.46122E-9	9.35183E-10
49	136	0	5.42E-11	3.4688E-11	50	115	0	3.35E-13	2.144E-13
50	116	0	1.65E-11	1.056E-11	50	117	1	2.4E-10	1.536E-10
50	117	0	2.4E-10	1.536E-10	50	118	0	9.73E-9	6.2272E-9
50	119	0	1.92E-8	1.2288E-8	50	119	1	1.18E-7	7.552E-8
50	120	0	1.56E-6	9.984E-7	50	121	0	2.61E-6	1.6704E-6
50	121	1	1.191E-5	7.6224E-6	50	122	0	8.0E-5	5.12E-5
50	123	0	3.1974E-4	2.04634E-4	50	123	1	7.019E-5	4.49216E-5
50	124	0	0.00137384	8.79258E-4	50	125	0	0.00305936	0.00195799
50	125	1	6.7157E-4	4.29805E-4	50	126	0	0.00703458	0.00450213
50	127	0	0.009119	0.00583616	50	127	1	0.00200173	0.00128111
50	128	1	0.00632448	0.00404767	50	128	0	0.00632448	0.00404767
50	129	0	0.0116462	0.00372677	50	129	1	0.00255269	0.00163372
50	130	1	0.00535896	0.00342973	50	130	0	0.00535896	0.00342973
50	131	1	0.00264696	0.00169406	50	131	0	0.00264696	0.00169406
50	132	0	0.00195386	0.00125047	50	133	0	4.1495E-4	2.65568E-4
50	134	0	5.676E-5	3.63264E-5	50	135	0	4.76854E-6	3.05186E-6
50	136	0	3.19E-7	2.0416E-7	50	137	0	1.18E-8	7.552E-9
50	138	0	3.21E-10	2.0544E-10	50	139	0	1.84414E-11	1.18025E-11
51	117	0	1.83E-14	1.1712E-14	51	118	0	2.39E-13	1.5296E-13
51	118	1	6.8E-13	4.352E-13	51	119	0	3.21E-11	2.0544E-11
51	120	0	2.33E-10	1.4912E-10	51	120	1	6.62E-10	4.2368E-10
51	121	0	2.09E-8	1.3376E-8	51	122	0	8.33E-8	5.3312E-8
51	122	1	1.94E-7	1.2416E-7	51	123	0	3.39E-6	2.1696E-6
51	124	2	9.54E-6	6.1056E-6	51	124	0	9.54E-6	6.1056E-6
51	124	1	9.54E-6	6.1056E-6	51	125	0	1.8654E-4	1.19386E-4
51	126	2	1.52105E-4	9.73472E-5	51	126	0	4.0326E-4	2.58086E-4
51	126	1	1.52105E-4	9.73472E-5	51	127	0	0.00290391	0.0018585
51	128	0	0.00341446	0.00218525	51	128	1	0.00257565	0.00164842
51	129	0	0.01067	0.0034144	51	130	0	0.0103886	0.00332436
51	130	1	0.00783698	0.00501567	51	131	0	0.0214711	0.00687076
51	132	0	0.0077182	0.00493965	51	132	1	0.012072	0.00386306
51	133	0	0.0108305	0.00346577	51	134	1	0.00196899	0.00126015
51	134	0	0.00196899	0.00126015	51	135	0	8.8073E-4	5.63667E-4
51	136	0	1.5614E-4	9.99296E-5	51	137	0	1.55E-5	9.92E-6
51	138	0	1.15E-6	7.36E-7	51	139	0	6.01816E-8	3.85162E-8
51	140	0	1.0783E-9	6.90114E-10	51	141	0	1.23342E-10	7.89389E-11
52	120	0	4.16E-14	2.6624E-14	52	121	1	1.235E-12	7.904E-13
52	121	0	1.235E-12	7.904E-13	52	122	0	8.13E-11	5.2032E-11
52	123	0	3.58E-10	2.2912E-10	52	123	1	2.2E-9	1.408E-9
52	124	0	5.39E-8	3.4496E-8	52	125	0	1.24E-7	7.936E-8
52	125	1	7.64E-7	4.8896E-7	52	126	0	8.18E-6	5.2352E-6
52	127	0	1.473E-5	9.4272E-6	52	127	1	6.71E-5	4.2944E-5
52	128	0	3.206E-4	2.05184E-4	52	129	0	1.6848E-4	1.07827E-4
52	129	1	7.6751E-4	4.91206E-4	52	130	0	0.00375715	0.00240458
52	131	0	0.00190783	0.00122101	52	131	1	0.0086912	0.00556237
52	132	0	0.0235628	0.00541945	52	133	0	0.00562041	0.00359706
52	133	1	0.0256043	0.00819337	52	134	0	0.0279986	0.00895955
52	135	0	0.0155976	0.00499125	52	136	0	0.00693636	0.00443927
52	137	0	0.00177079	0.00113331	52	138	0	3.4361E-4	2.1991E-4
52	139	0	4.821E-5	3.08544E-5	52	140	0	3.51892E-6	2.25211E-6
52	141	0	4.02513E-7	2.57608E-7	52	142	0	1.04E-8	6.656E-9
52	143	0	3.07824E-10	1.97007E-10	52	144	0	3.96749E-11	2.53919E-11
53	123	0	1.57E-13	1.0048E-13	53	125	0	3.6E-10	2.304E-10
53	126	0	8.32E-9	5.3248E-9	53	127	0	2.12E-7	1.3568E-7
53	128	0	1.64E-6	1.0496E-6	53	129	0	8.13E-6	5.2032E-6
53	130	0	6.723E-5	4.30272E-5	53	130	1	1.476E-5	9.4464E-6
53	131	0	5.9354E-4	3.79866E-4	53	132	1	0.00167893	0.00107452
53	132	0	0.00167893	0.00107452	53	133	1	0.0054948	0.00351668
53	133	0	0.0054948	0.00351668	53	134	0	0.00931618	0.00596236
53	134	1	0.0145732	0.00466343	53	135	0	0.031392	0.0100454
53	136	0	0.0163522	0.00523271	53	136	1	0.0163286	0.00522516
53	137	0	0.0200351	0.00641122	53	138	0	0.00960856	0.00614948
53	139	0	0.00342518	0.00219212	53	140	0	6.5047E-4	4.16301E-4
53	141	0	1.11017E-4	7.10511E-5	53	142	0	1.33E-5	8.512E-6
53	143	0	1.00455E-6	6.42911E-7	53	144	0	1.29475E-7	8.28638E-8
53	145	0	8.11791E-10	5.19546E-10	53	146	0	4.07427E-11	2.60753E-11
54	125	1	5.85E-15	3.744E-15	54	125	0	5.85E-15	3.744E-15
54	126	0	6.92E-13	4.4288E-13	54	127	1	2.295E-11	1.4688E-11
54	127	0	2.295E-11	1.4688E-11	54	128	0	7.17E-10	4.5888E-10
54	129	1	3.07E-9	1.9648E-9	54	129	0	3.07E-9	1.9648E-9
54	130	0	1.62E-7	1.0368E-7	54	131	0	5.74E-7	3.6736E-7
54	131	1	2.61E-6	1.6704E-6	54	132	0	4.917E-5	3.14688E-5
54	133	0	7.695E-5	4.9248E-5	54	133	1	3.5057E-4	2.24365E-4
54	134	0	4.3097E-4	2.75821E-4	54	134	1	0.00196329	0.00125651
54	135	0	0.00138453	8.86099E-4	54	135	1	0.00630643	0.00403612
54	136	0	0.0187062	0.00598598	54	137	0	0.0263515	0.00843247
54	138	0	0.0294399	0.00942077	54	139	0	0.0249143	0.00797259
54	140	0	0.0115231	0.00368739	54	141	0	0.00483569	0.00309484
54	142	0	0.00148366	9.49542E-4	54	143	1	1.38533E-4	8.86608E-5
54	143	0	1.38533E-4	8.86608E-5	54	144	0	3.57105E-5	2.28547E-5
54	145	0	2.64919E-6	1.69548E-6	54	146	0	1.32959E-7	8.50939E-8
54	147	0	7.43185E-10	4.75638E-10	54	148	0	1.16E-10	7.424E-11
54	149	0	1.17674E-11	7.53115E-12	54	150	0	1.79E-14	1.1456E-14
55	129	0	3.77E-13	2.4128E-13	55	131	0	1.46E-9	9.344E-10
55	132	0	6.4E-8	4.096E-8	55	133	0	1.56E-6	9.984E-7
55	134	1	1.1995E-5	7.6768E-6	55	134	0	1.1995E-5	7.6768E-6
55	135	1	1.011E-4	6.4704E-5	55	135	0	1.011E-4	6.4704E-5
55	136	1	5.82565E-4	3.72842E-4	55	136	0	5.82565E-4	3.72842E-4
55	137	0	0.0041662	0.00266637	55	138	0	0.00553542	0.00354267
55	138	1	0.0055367	0.00354349	55	139	0	0.0216861	0.00693954
55	140	0	0.023198	0.00742338	55	141	0	0.0223122	0.0071399
55	142	0	0.0164204	0.00525452	55	143	0	0.00759975	0.00486384
55	144	0	0.00242911	0.00155463	55	145	0	4.5477E-4	2.91053E-4
55	146	0	6.049E-5	3.87136E-5	55	147	0	2.4253E-6	1.55219E-6
55	148	0	3.75E-7	2.4E-7	55	149	0	3.84017E-8	2.45771E-8
55	150	0	4.22E-10	2.7008E-10	55	151	0	1.88301E-11	1.20513E-11
56	131	0	5.42E-14	3.4688E-14	56	132	0	6.86E-12	4.3904E-12
56	133	0	4.8E-10	3.072E-10	56	134	0	2.1E-8	1.344E-8
56	135	1	2.435E-7	1.5584E-7	56	135	0	2.435E-7	1.5584E-7
56	136	1	4.065E-6	2.6016E-6	56	136	0	4.065E-6	2.6016E-6
56	137	0	1.249E-5	7.9936E-6	56	137	1	5.689E-5	3.64096E-5
56	138	0	4.6139E-4	2.9529E-4	56	139	0	0.00222221	0.00142221
56	140	0	0.00567845	0.00363421	56	141	0	0.0124961	0.00399876
56	142	0	0.0212389	0.00679644	56	143	0	0.0228395	0.00730865
56	144	0	0.0169068	0.00541016	56	145	0	0.00753088	0.00481976
56	146	0	0.00250645	0.00160413	56	147	0	6.68924E-4	4.28111E-4
56	148	0	1.022E-4	6.5408E-5	56	149	0	1.05916E-5	6.77862E-6
56	150	0	8.05E-7	5.152E-7	56	151	0	6.14499E-8	3.93279E-8
56	152	0	1.43E-9	9.152E-10	56	153	0	3.30843E-11	2.11739E-11
56	154	0	3.83E-13	2.4512E-13	57	133	0	1.18E-14	7.552E-15
57	135	0	9.78E-11	6.2592E-11	57	137	0	1.02E-7	6.528E-8
57	138	0	1.81E-6	1.1584E-6	57	139	0	2.281E-5	1.45984E-5
57	140	0	1.4934E-4	9.55776E-5	57	141	0	8.0133E-4	5.12851E-4
57	142	0	0.00330599	0.00211583	57	143	0	0.00838639	0.00536729
57	144	0	0.0141143	0.00451658	57	145	0	0.0142292	0.00455334
57	146	1	0.00553855	0.00354468	57	146	0	0.00553855	0.00354468
57	147	0	0.00695239	0.00444953	57	148	0	0.00260764	0.00166889
57	149	0	6.7139E-4	4.2969E-4	57	150	0	1.3176E-4	8.43264E-5
57	151	0	1.69485E-5	1.08471E-5	57	152	0	1.58E-6	1.0112E-6
57	153	0	1.07967E-7	6.90988E-8	57	154	0	3.05E-9	1.952E-9
57	155	0	4.25807E-11	2.72517E-11	57	156	0	2.22706E-12	1.42532E-12
58	137	0	1.24E-11	7.936E-12	58	138	0	6.0E-10	3.84E-10
58	139	0	3.69E-9	2.3616E-9	58	139	1	1.68E-8	1.0752E-8
58	140	0	3.6E-7	2.304E-7	58	141	0	4.97E-6	3.1808E-6
58	142	0	5.32E-5	3.4048E-5	58	143	0	3.4183E-4	2.18771E-4
58	144	0	0.00138357	8.85485E-4	58	145	0	0.00326694	0.00209084
58	146	0	0.00594849	0.00380703	58	147	0	0.00845281	0.00380376
58	148	0	0.00735671	0.00470829	58	149	0	0.00438135	0.00280406
58	150	0	0.0020864	0.0013353	58	151	0	6.5713E-4	4.20563E-4
58	152	0	1.5292E-4	9.78688E-5	58	153	0	2.678E-5	1.71392E-5
58	154	0	2.0E-6	1.28E-6	58	155	0	1.38957E-7	8.89327E-8
58	156	0	7.26777E-9	4.65137E-9	58	157	0	2.16E-10	1.3824E-10
58	158	0	3.68E-12	2.3552E-12	58	159	0	9.95592E-14	6.37179E-14
59	139	0	1.5E-12	9.6E-13	59	140	0	7.22E-11	4.6208E-11
59	141	0	2.65E-9	1.696E-9	59	142	1	3.825E-8	2.448E-8
59	142	0	3.825E-8	2.448E-8	59	143	0	1.31E-6	8.384E-7
59	144	0	8.13E-7	5.2032E-7	59	144	1	1.273E-5	8.1472E-6
59	145	0	8.01E-5	5.1264E-5	59	146	0	3.6461E-4	2.3335E-4
59	147	0	0.0012312	7.87968E-4	59	148	1	0.00126756	8.11242E-4
59	148	0	0.00126756	8.11242E-4	59	149	0	0.00343259	0.00219686
59	150	0	0.00377854	0.00241827	59	151	0	0.00272285	0.00174262
59	152	0	0.00148184	9.48378E-4	59	153	0	6.2365E-4	3.99136E-4
59	154	0	1.1779E-4	7.53856E-5	59	155	0	2.066E-5	1.32224E-5
59	156	0	2.85E-6	1.824E-6	59	157	0	2.33E-7	1.4912E-7
59	158	0	1.07E-8	6.848E-9	59	159	0	3.249E-10	2.07936E-10
59	160	0	7.28E-12	4.6592E-12	59	161	0	1.77062E-13	1.1332E-13
60	141	0	1.14E-13	7.296E-14	60	142	0	9.06E-12	5.7984E-12
60	143	0	4.23E-10	2.7072E-10	60	144	0	1.16E-8	7.424E-9
60	145	0	1.79E-7	1.1456E-7	60	146	0	2.16E-6	1.3824E-6
60	147	0	1.846E-5	1.18144E-5	60	148	0	9.64E-5	6.1696E-5
60	149	0	3.148E-4	2.01472E-4	60	150	0	8.3096E-4	5.31814E-4
60	151	0	0.00137271	8.78534E-4	60	152	0	0.00169199	0.00108287
60	153	0	0.00161674	0.00103471	60	154	0	7.2005E-4	4.60832E-4
60	155	0	2.9902E-4	1.91373E-4	60	156	0	1.0288E-4	6.58432E-5
60	157	0	2.197E-5	1.40608E-5	60	158	0	2.65E-6	1.696E-6
60	159	0	2.19E-7	1.4016E-7	60	160	0	1.32E-8	8.448E-9
60	161	0	5.77823E-10	3.69807E-10	60	162	0	1.69E-11	1.0816E-11
60	163	0	3.64E-13	2.3296E-13	61	143	0	1.1E-14	7.04E-15
61	144	0	8.07E-13	5.1648E-13	61	145	0	3.34E-11	2.1376E-11
61	146	0	1.09E-9	6.976E-10	61	147	0	2.46E-8	1.5744E-8
61	148	0	6.17E-8	3.9488E-8	61	148	1	2.81E-7	1.7984E-7
61	149	0	2.87E-6	1.8368E-6	61	150	0	1.945E-5	1.2448E-5
61	151	0	7.863E-5	5.03232E-5	61	152	2	7.69333E-5	4.92373E-5
61	152	0	7.69333E-5	4.92373E-5	61	152	1	7.69333E-5	4.92373E-5
61	153	0	5.1163E-4	3.27443E-4	61	154	0	2.6488E-4	1.69523E-4
61	154	1	2.6488E-4	1.69523E-4	61	155	0	4.9787E-4	3.18637E-4
61	156	0	3.9972E-4	2.55821E-4	61	157	0	2.0823E-4	1.33267E-4
61	158	0	6.179E-5	3.95456E-5	61	159	0	1.318E-5	8.4352E-6
61	160	0	2.06E-6	1.3184E-6	61	161	0	2.38E-7	1.5232E-7
61	162	0	1.81E-8	1.1584E-8	61	163	0	1.01E-9	6.464E-10
61	164	0	4.05E-11	2.592E-11	61	165	0	1.02E-12	6.528E-13
61	166	0	2.18418E-14	1.39787E-14	61	167	0	8.39361E-16	5.37191E-16
62	146	0	4.48E-14	2.8672E-14	62	147	0	2.71E-12	1.7344E-12
62	148	0	1.03E-10	6.592E-11	62	149	0	2.28E-9	1.4592E-9
62	150	0	4.14E-8	2.6496E-8	62	151	0	4.33E-7	2.7712E-7
62	152	0	3.22E-6	2.0608E-6	62	153	0	1.775E-5	1.136E-5
62	154	0	4.545E-5	2.9088E-5	62	155	0	1.0044E-4	6.42816E-5
62	156	0	1.8917E-4	1.21069E-4	62	157	0	2.3284E-4	1.49018E-4
62	158	0	1.6017E-4	1.02509E-4	62	159	0	8.232E-5	5.26848E-5
62	160	0	3.123E-5	1.99872E-5	62	161	0	8.99E-6	5.7536E-6
62	162	0	1.71E-6	1.0944E-6	62	163	0	2.37E-7	1.5168E-7
62	164	0	2.41E-8	1.5424E-8	62	165	0	1.55E-9	9.92E-10
62	166	0	7.12782E-11	4.5618E-11	62	167	0	2.73916E-12	1.75306E-12
62	168	0	6.42E-14	4.1088E-14	62	169	0	2.43537E-15	1.55864E-15
63	149	0	1.47E-13	9.408E-14	63	151	0	2.04E-10	1.3056E-10
63	152	2	1.33333E-9	8.53333E-10	63	152	0	1.33333E-9	8.53333E-10
63	152	1	1.33333E-9	8.53333E-10	63	153	0	5.73E-8	3.6672E-8
63	154	1	1.925E-7	1.232E-7	63	154	0	1.925E-7	1.232E-7
63	155	0	2.14E-6	1.3696E-6	63	156	0	1.012E-5	6.4768E-6
63	157	0	3.107E-5	1.98848E-5	63	158	0	5.069E-5	3.24416E-5
63	159	0	6.184E-5	3.95776E-5	63	160	0	5.423E-5	3.47072E-5
63	161	0	3.645E-5	2.3328E-5	63	162	0	1.624E-5	1.03936E-5
63	163	0	5.28E-6	3.3792E-6	63	164	0	1.29E-6	8.256E-7
63	165	0	2.04E-7	1.3056E-7	63	166	0	2.36E-8	1.5104E-8
63	167	0	2.24E-9	1.4336E-9	63	168	0	1.35E-10	8.64E-11
63	169	0	7.94756E-12	5.08644E-12	63	170	0	1.65E-13	1.056E-13
63	171	0	2.93776E-15	1.88017E-15	63	172	0	1.06299E-16	6.80311E-17
64	152	0	4.07E-13	2.6048E-13	64	153	0	1.56E-11	9.984E-12
64	154	0	2.84E-10	1.8176E-10	64	155	0	4.13E-9	2.6432E-9
64	156	0	5.18E-8	3.3152E-8	64	157	0	4.24E-7	2.7136E-7
64	158	0	1.76E-6	1.1264E-6	64	159	0	5.42E-6	3.4688E-6
64	160	0	1.142E-5	7.3088E-6	64	161	0	1.799E-5	1.15136E-5
64	162	0	1.816E-5	1.16224E-5	64	163	0	1.313E-5	8.4032E-6
64	164	0	7.25E-6	4.64E-6	64	165	0	2.64E-6	1.6896E-6
64	166	0	7.23E-7	4.6272E-7	64	167	0	1.63E-7	1.0432E-7
64	168	0	2.44E-8	1.5616E-8	64	169	0	3.61E-9	2.3104E-9
64	170	0	1.87E-10	1.1968E-10	64	171	0	9.58706E-12	6.13572E-12
64	172	0	3.46894E-13	2.22012E-13	65	155	0	6.63E-13	4.2432E-13
65	156	0	2.13E-11	1.3632E-11	65	156	1	1.36E-12	8.704E-13
65	157	0	5.13E-10	3.2832E-10	65	158	0	5.33E-9	3.4112E-9
65	158	1	3.4E-10	2.176E-10	65	159	0	4.71E-8	3.0144E-8
65	160	0	2.55E-7	1.632E-7	65	161	0	1.01E-6	6.464E-7
65	162	0	1.21E-6	7.744E-7	65	162	1	1.21E-6	7.744E-7
65	163	0	3.98E-6	2.5472E-6	65	164	0	4.9E-6	3.136E-6
65	165	0	3.96E-6	2.5344E-6	65	166	0	2.42E-6	1.5488E-6
65	167	0	1.21E-6	7.744E-7	65	168	0	4.23E-7	2.7072E-7
65	169	0	1.5E-7	9.6E-8	65	170	0	1.85E-8	1.184E-8
65	171	0	2.37E-9	1.5168E-9	65	172	0	2.17E-10	1.3888E-10
66	157	0	5.09E-14	3.2576E-14	66	158	0	1.54E-12	9.856E-13
66	159	0	3.56E-11	2.2784E-11	66	160	0	5.17E-10	3.3088E-10
66	161	0	5.41E-9	3.4624E-9	66	162	0	3.31E-8	2.1184E-8
66	163	0	1.32E-7	8.448E-8	66	164	0	3.85E-7	2.464E-7
66	165	0	6.67E-7	4.2688E-7	66	165	1	5.02E-8	3.2128E-8
66	166	0	9.87E-7	6.3168E-7	66	167	0	1.08E-6	6.912E-7
66	168	0	8.33E-7	5.3312E-7	66	169	0	6.61E-7	4.2304E-7
66	170	0	1.83E-7	1.1712E-7	66	171	0	5.52E-8	3.5328E-8
66	172	0	1.22E-8	7.808E-9	67	161	0	2.31E-12	1.4784E-12
67	161	1	1.74E-13	1.1136E-13	67	162	0	7.2E-12	4.608E-12
67	162	1	3.28E-11	2.0992E-11	67	163	0	3.77E-10	2.4128E-10
67	163	1	2.84E-11	1.8176E-11	67	164	0	5.34E-10	3.4176E-10
67	164	1	2.43E-9	1.5552E-9	67	165	0	1.36E-8	8.704E-9
67	166	0	8.11E-9	5.1904E-9	67	166	1	3.69E-8	2.3616E-8
67	167	0	1.13E-7	7.232E-8	67	168	0	2.0E-7	1.28E-7
67	169	0	3.55E-7	2.272E-7	67	170	0	1.07E-7	6.848E-8
67	170	1	1.07E-7	6.848E-8	67	171	0	1.43E-7	9.152E-8
67	172	0	7.13E-8	4.5632E-8	68	163	0	1.05E-13	6.72E-14
68	164	0	1.98E-12	1.2672E-12	68	165	0	2.32E-11	1.4848E-11
68	166	0	1.95E-10	1.248E-10	68	167	0	1.1E-9	7.04E-10
68	167	1	8.31E-11	5.3184E-11	68	168	0	5.12E-9	3.2768E-9
68	169	0	2.18E-8	1.3952E-8	68	170	0	2.98E-8	1.9072E-8
68	171	0	4.53E-8	2.8992E-8	68	172	0	5.03E-8	3.2192E-8
69	166	0	7.14E-14	4.5696E-14	69	167	0	1.09E-12	6.976E-13
69	168	0	1.2E-11	7.68E-12	69	169	0	1.29E-10	8.256E-11
69	170	0	4.26E-10	2.7264E-10	69	171	0	1.57E-9	1.0048E-9
69	172	0	4.13E-9	2.6432E-9	70	169	0	6.07E-14	3.8848E-14
70	170	0	5.41E-13	3.4624E-13	70	171	0	5.07E-12	3.2448E-12
70	172	0	3.34E-11	2.1376E-11	71	172	0	1.17E-14	7.488E-15
71	172	1	1.17E-14	7.488E-15