Z	A	FPS	Yield	Uncertainty	Z	A	FPS	Yield	Uncertainty
23	66	0	3.42528E-13	2.19218E-13	23	67	0	2.65823E-14	1.70127E-14
24	66	0	2.59039E-9	1.65785E-9	24	67	0	2.0103E-10	1.28659E-10
24	68	0	1.14032E-11	7.29805E-12	24	69	0	4.56332E-13	2.92052E-13
25	66	0	6.81191E-7	4.35963E-7	25	67	0	1.48042E-7	9.47466E-8
25	68	0	2.26064E-8	1.44681E-8	25	69	0	2.31019E-9	1.47852E-9
25	70	0	1.50042E-10	9.6027E-11	25	71	0	7.04198E-12	4.50687E-12
25	72	0	2.23503E-13	1.43042E-13	25	73	0	1.33573E-14	8.54866E-15
26	66	0	1.4204E-5	9.09055E-6	26	67	0	8.12228E-6	5.19826E-6
26	68	0	3.18089E-6	2.03577E-6	26	69	0	8.76246E-7	5.60798E-7
26	70	0	1.56044E-7	9.98681E-8	26	71	0	2.04057E-8	1.30597E-8
26	72	0	1.69025E-9	1.08176E-9	26	73	0	1.01015E-10	6.46496E-11
26	74	0	4.00112E-12	2.56072E-12	26	75	0	2.37056E-13	1.51716E-13
27	66	0	2.88081E-5	1.84372E-5	27	67	0	3.99212E-5	2.55496E-5
27	68	0	3.71905E-5	2.38019E-5	27	69	0	2.57572E-5	1.64846E-5
27	70	0	1.19133E-5	7.62454E-6	27	71	0	4.12116E-6	2.63754E-6
27	72	0	9.30261E-7	5.95367E-7	27	73	0	1.53043E-7	9.79475E-8
27	74	0	1.69048E-8	1.0819E-8	27	75	0	1.2001E-9	7.68064E-10
27	76	0	5.65159E-11	3.61702E-11	27	77	0	1.67958E-12	1.07493E-12
27	78	0	9.60138E-14	6.14488E-14	28	66	0	6.19174E-6	3.96271E-6
28	67	0	2.07658E-5	1.32901E-5	28	68	0	4.41324E-5	2.82447E-5
28	69	0	7.16101E-5	4.58305E-5	28	70	0	7.91122E-5	5.06318E-5
28	71	0	6.7499E-5	4.31993E-5	28	72	0	3.87309E-5	2.47878E-5
28	73	0	1.66247E-5	1.06398E-5	28	74	0	4.93139E-6	3.15609E-6
28	75	0	9.56269E-7	6.12012E-7	28	76	0	1.28036E-7	8.1943E-8
28	77	0	1.27019E-8	8.12921E-9	28	78	0	7.26108E-10	4.64709E-10
28	79	0	2.01497E-11	1.28958E-11	28	80	0	7.22203E-13	4.6221E-13
29	66	0	1.20034E-7	7.68216E-8	29	67	0	1.0503E-6	6.72189E-7
29	68	0	9.77275E-7	6.25456E-7	29	68	1	4.45125E-6	2.8488E-6
29	69	0	2.1186E-5	1.3559E-5	29	70	0	8.25232E-6	5.28148E-6
29	70	1	4.67631E-5	2.99284E-5	29	71	0	1.09441E-4	7.00421E-5
29	72	0	1.47942E-4	9.46826E-5	29	73	0	1.53343E-4	9.81396E-5
29	74	0	1.13292E-4	7.25068E-5	29	75	0	5.65459E-5	3.61894E-5
29	76	0	2.05458E-5	1.31493E-5	29	77	0	5.48154E-6	3.50819E-6
29	78	0	8.87249E-7	5.6784E-7	29	79	0	1.02009E-7	6.52855E-8
29	80	0	7.26204E-9	4.64771E-9	29	81	0	3.30093E-10	2.11259E-10
29	82	0	1.00028E-11	6.4018E-12	29	83	0	3.91461E-13	2.50535E-13
30	66	0	1.73049E-10	1.10751E-10	30	67	0	4.2712E-9	2.73357E-9
30	68	0	5.72161E-8	3.66183E-8	30	69	0	6.4018E-8	4.09715E-8
30	69	1	5.18146E-7	3.31613E-7	30	70	0	3.83108E-6	2.45189E-6
30	71	0	2.05058E-6	1.31237E-6	30	71	1	1.66147E-5	1.06334E-5
30	72	0	6.00969E-5	3.8462E-5	30	73	0	1.45661E-4	9.3223E-5
30	74	0	2.51361E-4	1.60871E-4	30	75	0	2.97844E-4	1.9062E-4
30	76	0	2.70686E-4	1.73239E-4	30	77	0	1.82491E-4	1.16794E-4
30	78	0	7.88122E-5	5.04398E-5	30	79	0	2.4737E-5	1.58316E-5
30	80	0	4.94139E-6	3.16249E-6	30	81	0	6.54184E-7	4.18678E-7
30	82	0	5.85164E-8	3.74505E-8	30	83	0	2.96044E-9	1.89468E-9
30	84	0	9.93279E-11	6.35699E-11	30	85	0	5.17571E-12	3.31246E-12
30	86	0	3.36094E-14	2.151E-14	31	66	0	1.69048E-14	1.0819E-14
31	67	0	1.20034E-12	7.68216E-13	31	68	0	4.36123E-11	2.79118E-11
31	69	0	1.22034E-9	7.8102E-10	31	70	0	2.17061E-8	1.38919E-8
31	71	0	2.81079E-7	1.79891E-7	31	72	1	1.16533E-6	7.4581E-7
31	72	0	1.16533E-6	7.4581E-7	31	73	0	1.4154E-5	9.05855E-6
31	74	1	2.96033E-5	1.89461E-5	31	74	0	2.96033E-5	1.89461E-5
31	75	0	1.65667E-4	1.06027E-4	31	76	0	3.59081E-4	2.29812E-4
31	77	0	5.6803E-4	3.63539E-4	31	78	0	6.02319E-4	3.85484E-4
31	79	0	4.79445E-4	3.06845E-4	31	80	0	2.51171E-4	1.60749E-4
31	81	0	9.21759E-5	5.89926E-5	31	82	0	2.34366E-5	1.49994E-5
31	83	0	3.53099E-6	2.25984E-6	31	84	0	3.47098E-7	2.22142E-7
31	85	0	2.62022E-8	1.67694E-8	31	86	0	1.04029E-9	6.65787E-10
31	87	0	2.60533E-11	1.66741E-11	31	88	0	1.54733E-12	9.90291E-13
32	69	0	1.75049E-13	1.12031E-13	32	70	0	8.69244E-12	5.56316E-12
32	71	0	1.56044E-10	9.98681E-11	32	71	1	1.56044E-10	9.98681E-11
32	72	0	7.08199E-9	4.53247E-9	32	73	0	1.03029E-7	6.59385E-8
32	73	1	1.27036E-8	8.13029E-9	32	74	0	1.27036E-6	8.13029E-7
32	75	0	7.24204E-7	4.6349E-7	32	75	1	8.33234E-6	5.3327E-6
32	76	0	4.9684E-5	3.17977E-5	32	77	0	1.75119E-4	1.12076E-4
32	77	1	1.31837E-5	8.43757E-6	32	78	0	4.78795E-4	3.06429E-4
32	79	1	4.54593E-4	2.90939E-4	32	79	0	4.54593E-4	2.90939E-4
32	80	0	0.00114925	7.35522E-4	32	81	0	0.00107615	6.88738E-4
32	82	0	7.23783E-4	4.63221E-4	32	83	0	3.05226E-4	1.95345E-4
32	84	0	8.43737E-5	5.39992E-5	32	85	0	1.82751E-5	1.16961E-5
32	86	0	2.11059E-6	1.35078E-6	32	87	0	1.97029E-7	1.26099E-7
32	88	0	1.17017E-8	7.48911E-9	32	89	0	3.16074E-10	2.02287E-10
32	90	0	2.6909E-11	1.72217E-11	33	71	0	2.32065E-14	1.48522E-14
33	72	0	1.48042E-12	9.47466E-13	33	73	0	6.73189E-11	4.30841E-11
33	74	0	3.67103E-10	2.34946E-10	33	74	1	1.67047E-9	1.0691E-9
33	75	0	3.96111E-8	2.53511E-8	33	76	0	5.94167E-7	3.80267E-7
33	77	0	5.86165E-6	3.75145E-6	33	78	0	3.84708E-5	2.46213E-5
33	79	0	1.82351E-4	1.16705E-4	33	80	0	5.60327E-4	3.5861E-4
33	81	0	0.00127874	8.18393E-4	33	82	0	0.00105226	6.73444E-4
33	82	1	0.0010524	6.73533E-4	33	83	0	0.00227732	0.00145748
33	84	1	8.17255E-4	5.23043E-4	33	84	0	8.17255E-4	5.23043E-4
33	85	0	9.53108E-4	6.09989E-4	33	86	0	3.05006E-4	1.95204E-4
33	87	0	7.89022E-5	5.04974E-5	33	88	0	1.31537E-5	8.41837E-6
33	89	0	1.60013E-6	1.02409E-6	33	90	0	1.36227E-7	8.71855E-8
33	91	0	1.00643E-9	6.44112E-10	33	92	0	1.01568E-10	6.50037E-11
33	93	0	1.60844E-11	1.0294E-11	34	74	0	2.22062E-13	1.4212E-13
34	75	0	1.21034E-11	7.74618E-12	34	76	0	5.18146E-10	3.31613E-10
34	77	0	1.12031E-9	7.17002E-10	34	77	1	1.29036E-8	8.25832E-9
34	78	0	2.55072E-7	1.63246E-7	34	79	0	3.04085E-6	1.94615E-6
34	79	1	2.29064E-7	1.46601E-7	34	80	0	2.64674E-5	1.69392E-5
34	81	0	1.25935E-5	8.05987E-6	34	81	1	1.44801E-4	9.26724E-5
34	82	0	6.51853E-4	4.17186E-4	34	83	0	0.00157643	0.00100892
34	83	1	1.94855E-4	1.24707E-4	34	84	0	0.0030203	0.00193299
34	85	0	0.00223714	0.00143177	34	85	1	0.00222425	0.00142352
34	86	0	0.00364257	0.00233125	34	87	0	0.00243674	0.00155952
34	88	0	0.0010818	6.92355E-4	34	89	0	3.58931E-4	2.29716E-4
34	90	0	7.06336E-5	4.52055E-5	34	91	0	7.61113E-6	4.87113E-6
34	92	0	7.68114E-7	4.91593E-7	34	93	0	1.21639E-7	7.78491E-8
34	94	0	1.03029E-9	6.59385E-10	34	95	0	4.73788E-11	3.03224E-11
34	96	0	1.64046E-13	1.0499E-13	35	77	0	3.2109E-13	2.05498E-13
35	77	1	1.97055E-12	1.26115E-12	35	78	0	1.20034E-10	7.68216E-11
35	79	0	6.12172E-10	3.9179E-10	35	79	1	3.76106E-9	2.40708E-9
35	80	0	1.48042E-8	9.47466E-9	35	80	1	8.41236E-8	5.38391E-8
35	81	0	1.66047E-6	1.0627E-6	35	82	0	1.54343E-5	9.87798E-6
35	82	1	3.39095E-6	2.17021E-6	35	83	0	1.38959E-4	8.89338E-5
35	84	0	1.36838E-4	8.75766E-5	35	84	1	4.85156E-4	3.105E-4
35	85	0	0.00222395	0.00142332	35	86	0	0.0022064	0.0014121
35	86	1	0.00221369	0.00141676	35	87	0	0.0070839	0.0045337
35	88	0	0.00769934	0.00492758	35	89	0	0.0064665	0.00413856
35	90	0	0.00342141	0.0021897	35	91	0	0.00101877	6.5201E-4
35	92	0	2.91782E-4	1.8674E-4	35	93	0	4.22202E-5	2.7021E-5
35	94	0	3.52099E-6	2.25343E-6	35	95	0	2.39856E-7	1.53508E-7
35	96	0	5.3415E-9	3.41856E-9	35	97	0	8.80787E-11	5.63704E-11
35	98	0	3.27981E-12	2.09908E-12	36	79	1	1.97055E-13	1.26115E-13
36	79	0	1.97055E-13	1.26115E-13	36	80	0	2.57072E-11	1.64526E-11
36	81	0	1.18033E-9	7.55412E-10	36	81	1	8.85249E-11	5.66559E-11
36	82	0	4.16117E-8	2.66315E-8	36	83	0	7.99225E-7	5.11504E-7
36	83	1	9.87277E-8	6.31858E-8	36	84	0	1.11631E-5	7.14441E-6
36	85	0	9.58569E-5	6.13484E-5	36	85	1	1.18433E-5	7.57973E-6
36	86	0	5.58347E-4	3.57342E-4	36	87	0	0.00216606	0.00138628
36	88	0	0.00564713	0.00361416	36	89	0	0.0113159	0.00362107
36	90	0	0.0149428	0.00478168	36	91	0	0.0113193	0.00362216
36	92	0	0.00857336	0.00548695	36	93	0	0.00348258	0.00222885
36	94	0	8.33254E-4	5.33283E-4	36	95	0	1.24365E-4	7.95937E-5
36	96	0	1.14632E-5	7.33646E-6	36	97	0	6.66099E-7	4.26303E-7
36	98	0	2.48037E-8	1.58744E-8	36	99	0	2.42588E-10	1.55256E-10
36	100	0	9.94279E-12	6.36339E-12	37	81	0	6.4218E-14	4.10996E-14
37	83	0	4.11116E-10	2.63114E-10	37	84	0	1.49042E-8	9.53868E-9
37	85	0	4.13116E-7	2.64394E-7	37	86	1	3.01585E-6	1.93014E-6
37	86	0	3.01585E-6	1.93014E-6	37	87	0	6.33778E-5	4.05618E-5
37	88	0	4.2851E-4	2.74247E-4	37	89	0	0.00214375	0.001372
37	90	0	7.66856E-4	4.90788E-4	37	90	1	0.00620246	0.00396958
37	91	0	0.0128839	0.00412285	37	92	0	0.0238224	0.00762317
37	93	0	0.0247969	0.00793499	37	94	0	0.0157606	0.0050434
37	95	0	0.0066626	0.00426407	37	96	0	0.001747	0.00111808
37	97	0	2.96583E-4	1.89813E-4	37	98	0	3.28792E-5	2.10427E-5
37	99	0	1.22811E-6	7.85988E-7	37	100	0	1.18033E-7	7.55412E-8
37	101	0	1.06329E-9	6.80507E-10	37	102	0	4.80069E-11	3.07244E-11
38	83	0	1.24035E-14	7.93823E-15	38	84	0	1.34038E-12	8.57841E-13
38	85	1	5.50155E-11	3.52099E-11	38	85	0	5.50155E-11	3.52099E-11
38	86	0	4.73133E-9	3.02805E-9	38	87	0	1.25035E-7	8.00225E-8
38	87	1	1.54043E-8	9.85877E-9	38	88	0	2.63074E-6	1.68367E-6
38	89	0	3.573E-5	2.28672E-5	38	90	0	3.13648E-4	2.00735E-4
38	91	0	0.00151214	9.67773E-4	38	92	0	0.00704457	0.00450852
38	93	0	0.0182118	0.00582779	38	94	0	0.0290897	0.00930872
38	95	0	0.031935	0.0102192	38	96	0	0.0219174	0.00701358
38	97	0	0.0101121	0.00323586	38	98	0	0.0031518	0.00201715
38	99	0	6.36771E-4	4.07533E-4	38	100	0	9.38964E-5	6.00937E-5
38	101	0	8.0412E-6	5.14637E-6	38	102	0	3.63054E-7	2.32355E-7
38	103	0	3.50645E-9	2.24413E-9	38	104	0	2.07058E-10	1.32517E-10
38	105	0	1.36694E-11	8.7484E-12	39	87	0	2.1206E-11	1.35718E-11
39	88	0	1.14032E-9	7.29805E-10	39	89	0	4.85136E-9	3.10487E-9
39	89	1	3.9211E-8	2.50951E-8	39	90	1	5.55156E-7	3.553E-7
39	90	0	5.55156E-7	3.553E-7	39	91	1	7.57213E-6	4.84616E-6
39	91	0	7.57213E-6	4.84616E-6	39	92	0	1.93864E-4	1.24073E-4
39	93	1	6.89744E-4	4.41436E-4	39	93	0	6.89744E-4	4.41436E-4
39	94	0	0.00572601	0.00366465	39	95	0	0.0162714	0.00520684
39	96	0	0.00167039	0.00106905	39	96	1	0.0261695	0.00837424
39	97	1	0.0161008	0.0103045	39	97	0	0.0161008	0.0103045
39	98	0	0.0129214	0.00413484	39	98	1	0.012921	0.0041347
39	99	0	0.0136318	0.00436218	39	100	0	0.00555327	0.00355409
39	101	0	0.00135842	8.6939E-4	39	102	0	1.89153E-4	1.21058E-4
39	103	0	1.77515E-5	1.13609E-5	39	104	0	1.03029E-6	6.59385E-7
39	105	0	6.92016E-8	4.4289E-8	39	106	0	5.60742E-10	3.58875E-10
39	107	0	9.96643E-11	6.37851E-11	39	108	0	8.4508E-12	5.40851E-12
40	88	0	3.26092E-14	2.08699E-14	40	89	0	3.66103E-12	2.34306E-12
40	90	1	1.37039E-10	8.77046E-11	40	90	0	1.37039E-10	8.77046E-11
40	91	0	1.09031E-8	6.97796E-9	40	92	0	4.06114E-7	2.59913E-7
40	93	0	8.46238E-6	5.41592E-6	40	94	0	1.00308E-4	6.41972E-5
40	95	0	8.07307E-4	5.16676E-4	40	96	0	0.00367572	0.00235246
40	97	0	0.010916	0.00349311	40	98	0	0.0219352	0.00701927
40	99	0	0.0282636	0.00904434	40	100	0	0.0292526	0.00936083
40	101	0	0.0187775	0.0060088	40	102	0	0.00748789	0.00479225
40	103	0	0.00203626	0.00130321	40	104	0	3.50649E-4	2.24415E-4
40	105	0	3.58809E-5	2.29638E-5	40	106	0	4.24063E-6	2.714E-6
40	107	0	7.53715E-7	4.82378E-7	40	108	0	6.39095E-8	4.09021E-8
40	109	0	7.6648E-10	4.90547E-10	40	110	0	5.52155E-11	3.53379E-11
40	111	0	5.68606E-12	3.63908E-12	41	91	0	5.26148E-13	3.36735E-13
41	92	0	5.81163E-11	3.71945E-11	41	93	0	3.27092E-9	2.09339E-9
41	93	1	4.04114E-10	2.58633E-10	41	94	0	9.65271E-8	6.17774E-8
41	94	1	3.39095E-8	2.17021E-8	41	95	0	2.8308E-6	1.81171E-6
41	95	1	3.50098E-7	2.24063E-7	41	96	0	4.18017E-5	2.67531E-5
41	97	0	3.09897E-4	1.98334E-4	41	97	1	3.83008E-5	2.45125E-5
41	98	0	0.00161104	0.00103107	41	98	1	2.8432E-4	1.81965E-4
41	99	0	4.974E-4	3.18336E-4	41	99	1	0.00571957	0.00366052
41	100	0	0.00813541	0.00520666	41	100	1	0.00813541	0.00520666
41	101	0	0.0260448	0.00833434	41	102	1	0.0136636	0.00874471
41	102	0	0.0136636	0.00874471	41	103	0	0.0196909	0.00630108
41	104	1	0.00466988	0.00298872	41	104	0	0.00466988	0.00298872
41	105	0	0.00273947	0.00175326	41	106	0	7.54522E-4	4.82894E-4
41	107	0	2.6161E-4	1.6743E-4	41	108	0	4.46525E-5	2.85776E-5
41	109	0	3.88032E-6	2.48341E-6	41	110	0	2.89081E-7	1.85012E-7
41	111	0	2.87859E-8	1.84229E-8	41	112	0	2.42018E-10	1.54892E-10
41	113	0	2.57245E-11	1.64637E-11	41	114	0	1.16513E-12	7.4568E-13
42	93	1	5.25148E-14	3.36094E-14	42	93	0	5.25148E-14	3.36094E-14
42	94	0	1.14032E-11	7.29805E-12	42	95	0	8.72245E-10	5.58237E-10
42	96	0	3.45097E-8	2.20862E-8	42	97	0	8.5524E-7	5.47354E-7
42	98	0	1.35838E-5	8.69364E-6	42	99	0	1.23455E-4	7.9011E-5
42	100	0	8.894E-4	5.69216E-4	42	101	0	0.00377571	0.00241646
42	102	0	0.0106116	0.00339572	42	103	0	0.0195555	0.00625777
42	104	0	0.0237062	0.00758599	42	105	0	0.0181953	0.00582248
42	106	0	0.0109429	0.00350172	42	107	0	0.00633471	0.00405421
42	108	0	0.00232808	0.00148997	42	109	0	5.3373E-4	3.41587E-4
42	110	0	1.04259E-4	6.6726E-5	42	111	0	1.49254E-5	9.55226E-6
42	112	0	1.83027E-6	1.17137E-6	42	113	0	1.94542E-7	1.24507E-7
42	114	0	8.81131E-9	5.63924E-9	42	115	0	8.8733E-11	5.67891E-11
42	116	0	1.03029E-11	6.59385E-12	42	117	0	2.43797E-12	1.5603E-12
43	95	0	1.39039E-14	8.8985E-15	43	97	1	7.20202E-11	4.6093E-11
43	97	0	7.20202E-11	4.6093E-11	43	98	0	6.92195E-9	4.43005E-9
43	99	0	1.63046E-7	1.04349E-7	43	99	1	2.02057E-8	1.29316E-8
43	100	0	3.89109E-6	2.4903E-6	43	101	0	4.75534E-5	3.04342E-5
43	102	0	1.96195E-4	1.25565E-4	43	102	1	1.96195E-4	1.25565E-4
43	103	0	0.00199295	0.00127549	43	104	0	0.00640771	0.00410093
43	105	0	0.0126545	0.00404945	43	106	0	0.0158703	0.00507848
43	107	0	0.0147016	0.0047045	43	108	0	0.0109288	0.00349723
43	109	0	0.00609382	0.00390005	43	110	0	0.00291735	0.0018671
43	111	0	0.00105593	6.75793E-4	43	112	0	3.16769E-4	2.02732E-4
43	113	0	6.75245E-5	4.32157E-5	43	114	0	1.02129E-5	6.53624E-6
43	115	0	4.49213E-7	2.87497E-7	43	116	0	8.33234E-8	5.3327E-8
43	117	0	1.23423E-8	7.89907E-9	43	118	0	9.01947E-11	5.77246E-11
43	119	0	6.40092E-12	4.09659E-12	44	98	0	2.33066E-13	1.49162E-13
44	99	0	1.84052E-11	1.17793E-11	44	100	0	1.19033E-9	7.61814E-10
44	101	0	4.37123E-8	2.79759E-8	44	102	0	1.13032E-6	7.23403E-7
44	103	0	1.70948E-5	1.09407E-5	44	104	0	1.59405E-4	1.02019E-4
44	105	0	8.80607E-4	5.63589E-4	44	106	0	0.00241051	0.00154272
44	107	0	0.00362525	0.00232016	44	108	0	0.00543453	0.0034781
44	109	1	0.00353501	0.00226241	44	109	0	0.00353501	0.00226241
44	110	0	0.00775055	0.00496035	44	111	0	0.00654123	0.00418639
44	112	0	0.00448511	0.00287047	44	113	0	0.00230924	0.00147791
44	114	0	8.61732E-4	5.51509E-4	44	115	0	2.32916E-4	1.49066E-4
44	116	0	4.57929E-5	2.93074E-5	44	117	0	6.39946E-6	4.09565E-6
44	118	0	6.82102E-7	4.36545E-7	44	119	0	4.84072E-8	3.09806E-8
44	120	0	2.42068E-9	1.54924E-9	44	121	0	7.34872E-11	4.70318E-11
44	122	0	1.7905E-12	1.14592E-12	45	101	0	2.96083E-13	1.89493E-13
45	101	1	2.39067E-12	1.53003E-12	45	102	0	1.12031E-10	7.17002E-11
45	102	1	1.12031E-10	7.17002E-11	45	103	0	8.42237E-10	5.39031E-10
45	103	1	9.68272E-9	6.19694E-9	45	104	0	4.51127E-8	2.88721E-8
45	104	1	2.56072E-7	1.63886E-7	45	105	0	4.65131E-6	2.97684E-6
45	105	1	3.50098E-7	2.24063E-7	45	106	0	1.59745E-5	1.02237E-5
45	106	1	1.59745E-5	1.02237E-5	45	107	0	8.16029E-5	5.22259E-5
45	108	0	1.31537E-4	8.41837E-5	45	108	1	1.31537E-4	8.41837E-5
45	109	0	4.25069E-4	2.72044E-4	45	109	1	4.25069E-4	2.72044E-4
45	110	0	0.00109582	7.01324E-4	45	110	1	0.00109584	7.01336E-4
45	111	0	0.0042544	0.00272281	45	112	0	0.00636046	0.00407069
45	113	0	0.00735274	0.00470575	45	114	0	0.00628433	0.00402197
45	115	0	0.00400689	0.00256441	45	116	0	0.00190566	0.00121962
45	117	0	6.63246E-4	4.24478E-4	45	118	0	1.74799E-4	1.11871E-4
45	119	0	3.2069E-5	2.05242E-5	45	120	0	4.20118E-6	2.68876E-6
45	121	0	3.72031E-7	2.381E-7	45	122	0	2.31065E-8	1.47882E-8
45	123	0	9.07255E-10	5.80643E-10	45	124	0	2.68075E-11	1.71568E-11
45	125	0	1.10297E-12	7.059E-13	46	103	0	4.29121E-13	2.74637E-13
46	104	0	3.86109E-11	2.47109E-11	46	105	0	2.00056E-9	1.28036E-9
46	106	0	3.10087E-8	1.98456E-8	46	107	0	2.91082E-8	1.86292E-8
46	107	1	1.09031E-7	6.97796E-8	46	108	0	1.01028E-6	6.46582E-7
46	109	0	1.83051E-6	1.17153E-6	46	109	1	6.89194E-6	4.41084E-6
46	110	0	5.73061E-5	3.66759E-5	46	111	0	5.78363E-5	3.70152E-5
46	111	1	2.17591E-4	1.39258E-4	46	112	0	9.43945E-4	6.04125E-4
46	113	0	0.00249316	0.00159562	46	114	0	0.00477785	0.00305783
46	115	0	0.0068224	0.00436633	46	116	0	0.00727933	0.00465877
46	117	0	0.00583588	0.00373496	46	118	0	0.00355709	0.00227654
46	119	0	0.00158994	0.00101756	46	120	0	5.20386E-4	3.33047E-4
46	121	0	1.20884E-4	7.73657E-5	46	122	0	1.99356E-5	1.27588E-5
46	123	0	2.17061E-6	1.38919E-6	46	124	0	1.74049E-7	1.11391E-7
46	125	0	8.34124E-9	5.33839E-9	46	126	0	3.80107E-10	2.43268E-10
46	127	0	4.52381E-11	2.89524E-11	46	128	0	4.46125E-12	2.8552E-12
47	105	1	4.84136E-14	3.09847E-14	47	106	0	3.62102E-13	2.31745E-13
47	106	1	1.65046E-12	1.0563E-12	47	107	0	1.27036E-12	8.13029E-13
47	107	1	1.47041E-11	9.41064E-12	47	108	1	1.34538E-10	8.61042E-11
47	108	0	1.34538E-10	8.61042E-11	47	109	1	3.24091E-9	2.07418E-9
47	109	0	3.24091E-9	2.07418E-9	47	110	0	2.05058E-8	1.31237E-8
47	110	1	9.34263E-8	5.97928E-8	47	111	0	1.16033E-7	7.42609E-8
47	111	1	1.33037E-6	8.51439E-7	47	112	0	1.21934E-5	7.80379E-6
47	113	0	6.36179E-6	4.07154E-6	47	113	1	7.31406E-5	4.681E-5
47	114	0	3.65943E-4	2.34203E-4	47	115	0	6.07021E-4	3.88493E-4
47	115	1	6.07021E-4	3.88493E-4	47	116	0	0.00147853	9.46256E-4
47	116	1	0.00147853	9.46256E-4	47	117	0	0.00265109	0.00169669
47	117	1	0.00265109	0.00169669	47	118	0	0.00352728	0.00225746
47	118	1	0.00352728	0.00225746	47	119	0	0.00712868	0.00456236
47	120	1	0.00270138	0.00172888	47	120	0	0.00270138	0.00172888
47	121	0	0.00306556	0.00196196	47	122	1	6.36074E-4	4.07087E-4
47	122	0	6.36074E-4	4.07087E-4	47	123	0	3.66653E-4	2.34658E-4
47	124	0	7.75418E-5	4.96267E-5	47	125	0	1.04729E-5	6.70268E-6
47	126	0	1.29036E-6	8.25832E-7	47	127	0	2.29019E-7	1.46572E-7
47	128	0	5.58157E-8	3.5722E-8	47	129	0	1.09371E-9	6.99975E-10
47	130	0	1.26035E-10	8.06627E-11	47	131	0	4.82714E-12	3.08937E-12
48	109	0	3.2009E-13	2.04858E-13	48	110	0	1.54043E-11	9.85877E-12
48	111	0	7.4721E-11	4.78214E-11	48	111	1	4.59129E-10	2.93843E-10
48	112	0	1.15032E-8	7.36207E-9	48	113	0	2.73077E-8	1.74769E-8
48	113	1	1.68047E-7	1.0755E-7	48	114	0	2.30065E-6	1.47241E-6
48	115	0	2.69076E-6	1.72208E-6	48	115	1	1.65246E-5	1.05758E-5
48	116	0	1.14852E-4	7.35055E-5	48	117	0	6.87993E-5	4.40316E-5
48	117	1	4.22649E-4	2.70495E-4	48	118	0	0.00148154	9.48183E-4
48	119	0	0.00169474	0.00108463	48	119	1	0.00169474	0.00108463
48	120	0	0.00573566	0.00367082	48	121	1	0.00372062	0.00238119
48	121	0	0.00372062	0.00238119	48	122	0	0.00718192	0.00459643
48	123	0	0.00506819	0.00324364	48	124	0	0.00264432	0.00169237
48	125	0	9.53928E-4	6.10514E-4	48	126	0	3.06306E-4	1.96036E-4
48	127	0	1.13532E-4	7.26604E-5	48	128	0	4.69432E-5	3.00436E-5
48	129	0	8.27123E-6	5.29359E-6	48	130	0	6.95195E-7	4.44925E-7
48	131	0	3.65054E-8	2.33635E-8	48	132	0	1.19033E-9	7.61814E-10
48	133	0	4.08921E-11	2.61709E-11	48	134	0	3.65103E-13	2.33666E-13
49	111	0	1.29036E-14	8.25832E-15	49	112	0	8.00225E-14	5.12144E-14
49	112	1	6.48182E-13	4.14837E-13	49	113	0	2.93082E-11	1.87573E-11
49	113	1	3.62102E-12	2.31745E-12	49	114	0	1.54043E-10	9.85877E-11
49	114	1	8.73245E-10	5.58877E-10	49	115	0	2.01057E-8	1.28676E-8
49	115	1	2.4907E-9	1.59405E-9	49	116	2	1.16033E-7	7.42609E-8
49	116	0	1.16033E-7	7.42609E-8	49	116	1	1.16033E-7	7.42609E-8
49	117	0	3.38095E-6	2.16381E-6	49	117	1	4.18118E-7	2.67595E-7
49	118	2	2.10059E-6	1.34438E-6	49	118	0	2.37767E-5	1.52171E-5
49	118	1	2.10059E-6	1.34438E-6	49	119	0	1.39069E-4	8.90042E-5
49	119	1	1.71848E-5	1.09983E-5	49	120	2	2.09172E-4	1.3387E-4
49	120	0	2.09172E-4	1.3387E-4	49	120	1	2.09172E-4	1.3387E-4
49	121	0	0.00170966	0.00109418	49	121	1	2.11309E-4	1.35238E-4
49	122	2	0.00106806	6.83559E-4	49	122	0	0.00213601	0.00136705
49	122	1	0.00106806	6.83559E-4	49	123	0	0.00625643	0.00400411
49	123	1	7.73267E-4	4.94891E-4	49	124	1	0.00420973	0.00269423
49	124	0	0.00420973	0.00269423	49	125	0	0.00373148	0.00238815
49	125	1	0.00373148	0.00238815	49	126	1	0.00289733	0.00185429
49	126	0	0.00289733	0.00185429	49	127	0	0.00213801	0.00136833
49	127	1	0.00213801	0.00136833	49	128	1	0.00146009	9.34458E-4
49	128	0	0.00146009	9.34458E-4	49	129	0	5.83244E-4	3.73276E-4
49	129	1	5.83244E-4	3.73276E-4	49	130	2	8.80381E-5	5.63444E-5
49	130	1	8.80381E-5	5.63444E-5	49	130	0	8.80381E-5	5.63444E-5
49	131	1	1.95405E-5	1.25059E-5	49	131	0	1.95405E-5	1.25059E-5
49	132	0	3.72105E-6	2.38147E-6	49	133	0	2.07017E-7	1.32491E-7
49	134	0	9.82276E-9	6.28657E-9	49	135	0	1.57378E-10	1.00722E-10
49	136	0	3.9111E-12	2.5031E-12	50	114	0	3.01085E-14	1.92694E-14
50	115	0	1.7805E-12	1.13952E-12	50	116	0	7.28205E-11	4.66051E-11
50	117	1	1.0503E-9	6.72189E-10	50	117	0	1.0503E-9	6.72189E-10
50	118	0	3.94111E-8	2.52231E-8	50	119	0	7.97224E-8	5.10223E-8
50	119	1	4.89137E-7	3.13048E-7	50	120	0	5.81163E-6	3.71945E-6
50	121	0	8.1823E-6	5.23667E-6	50	121	1	3.72705E-5	2.38531E-5
50	122	0	2.51131E-4	1.60724E-4	50	123	0	8.35655E-4	5.34819E-4
50	123	1	1.83442E-4	1.17403E-4	50	124	0	0.00285499	0.0018272
50	125	0	0.0049742	0.00318349	50	125	1	0.0010919	6.98814E-4
50	126	0	0.0107426	0.00343764	50	127	0	0.0122267	0.00391255
50	127	1	0.00268391	0.00171771	50	128	1	0.00805264	0.00515369
50	128	0	0.00805264	0.00515369	50	129	0	0.0111844	0.00357901
50	129	1	0.00245374	0.00157039	50	130	1	0.00388172	0.0024843
50	130	0	0.00388172	0.0024843	50	131	1	0.00152744	9.77561E-4
50	131	0	0.00152744	9.77561E-4	50	132	0	8.14609E-4	5.2135E-4
50	133	0	1.30047E-4	8.32298E-5	50	134	0	1.74849E-5	1.11903E-5
50	135	0	1.19018E-6	7.61713E-7	50	136	0	5.76162E-8	3.68744E-8
50	137	0	2.02057E-9	1.29316E-9	50	138	0	4.67131E-11	2.98964E-11
50	139	0	2.88418E-12	1.84587E-12	51	117	0	7.69216E-14	4.92298E-14
51	118	0	9.74274E-13	6.23535E-13	51	118	1	2.77078E-12	1.7733E-12
51	119	0	1.4404E-10	9.21859E-11	51	120	0	1.01028E-9	6.46582E-10
51	120	1	2.87081E-9	1.83732E-9	51	121	0	8.13229E-8	5.20466E-8
51	122	0	3.561E-7	2.27904E-7	51	122	1	8.31234E-7	5.3199E-7
51	123	0	1.28336E-5	8.21351E-6	51	124	2	3.03485E-5	1.94231E-5
51	124	0	3.03485E-5	1.94231E-5	51	124	1	3.03485E-5	1.94231E-5
51	125	0	4.9916E-4	3.19463E-4	51	126	2	4.52782E-4	2.89781E-4
51	126	0	0.00120034	7.68216E-4	51	126	1	4.52782E-4	2.89781E-4
51	127	0	0.00553458	0.00354213	51	128	0	0.00534126	0.00341841
51	128	1	0.00402924	0.00257872	51	129	0	0.0161863	0.00517961
51	130	0	0.0123001	0.00393604	51	130	1	0.00927902	0.00593857
51	131	0	0.0207715	0.00664687	51	132	0	0.00558851	0.00357665
51	132	1	0.00874101	0.00559424	51	133	0	0.00613214	0.00392457
51	134	1	0.00111154	7.11387E-4	51	134	0	0.00111154	7.11387E-4
51	135	0	4.19368E-4	2.68395E-4	51	136	0	5.6886E-5	3.6407E-5
51	137	0	5.67159E-6	3.62982E-6	51	138	0	3.68103E-7	2.35586E-7
51	139	0	1.46012E-8	9.34478E-9	51	140	0	2.34083E-10	1.49813E-10
51	141	0	2.95356E-11	1.89028E-11	52	120	0	1.72048E-13	1.10111E-13
52	121	1	4.94139E-12	3.16249E-12	52	121	0	4.94139E-12	3.16249E-12
52	122	0	3.9311E-10	2.51591E-10	52	123	0	1.65046E-9	1.0563E-9
52	123	1	1.01028E-8	6.46582E-9	52	124	0	2.24063E-7	1.434E-7
52	125	0	4.75134E-7	3.04085E-7	52	125	1	2.92082E-6	1.86933E-6
52	126	0	3.68704E-5	2.3597E-5	52	127	0	3.52099E-5	2.25343E-5
52	127	1	1.60395E-4	1.02653E-4	52	128	0	5.37661E-4	3.44103E-4
52	129	0	3.58541E-4	2.29466E-4	52	129	1	0.00163336	0.00104535
52	130	0	0.00638604	0.00408707	52	131	0	0.00388085	0.00248374
52	131	1	0.012112	0.00387583	52	132	0	0.0246945	0.00790225
52	133	0	0.00472766	0.0030257	52	133	1	0.0215372	0.00689191
52	134	0	0.0236112	0.00755559	52	135	0	0.0114432	0.00366182
52	136	0	0.00411937	0.0026364	52	137	0	0.00111953	7.16502E-4
52	138	0	1.96895E-4	1.26013E-4	52	139	0	2.21262E-5	1.41608E-5
52	140	0	1.77026E-6	1.13297E-6	52	141	0	2.23365E-7	1.42953E-7
52	142	0	3.31093E-9	2.119E-9	52	143	0	7.08305E-11	4.53315E-11
52	144	0	7.5231E-12	4.81478E-12	53	123	0	7.26204E-13	4.64771E-13
53	125	0	1.64046E-9	1.0499E-9	53	126	0	4.80135E-8	3.07286E-8
53	127	0	5.3415E-7	3.41856E-7	53	128	0	2.4807E-6	1.58765E-6
53	129	0	2.09859E-5	1.3431E-5	53	130	0	1.439E-4	9.20963E-5
53	130	1	3.15889E-5	2.02169E-5	53	131	0	0.00105283	6.73809E-4
53	132	1	0.00203705	0.00130371	53	132	0	0.00203705	0.00130371
53	133	1	0.00596989	0.00382073	53	133	0	0.00596989	0.00382073
53	134	0	0.0100093	0.00320299	53	134	1	0.0156517	0.00500854
53	135	0	0.0297265	0.00951248	53	136	0	0.0130604	0.00417932
53	136	1	0.0130457	0.00417464	53	137	0	0.0178742	0.00571975
53	138	0	0.00799084	0.00511413	53	139	0	0.00241093	0.00154299
53	140	0	5.29699E-4	3.39007E-4	53	141	0	7.75285E-5	4.96182E-5
53	142	0	7.71217E-6	4.93579E-6	53	143	0	3.58581E-7	2.29492E-7
53	144	0	3.80859E-8	2.4375E-8	53	145	0	1.71925E-10	1.10032E-10
53	146	0	7.02249E-12	4.4944E-12	54	125	1	2.61574E-14	1.67407E-14
54	125	0	2.61574E-14	1.67407E-14	54	126	0	4.20118E-12	2.68876E-12
54	127	1	5.00141E-11	3.2009E-11	54	127	0	5.00141E-11	3.2009E-11
54	128	0	7.99225E-10	5.11504E-10	54	129	1	8.00225E-9	5.12144E-9
54	129	0	8.00225E-9	5.12144E-9	54	130	0	3.68103E-7	2.35586E-7
54	131	0	1.27036E-6	8.13029E-7	54	131	1	5.80163E-6	3.71304E-6
54	132	0	7.106E-5	4.54784E-5	54	133	0	9.43565E-5	6.03882E-5
54	133	1	4.29841E-4	2.75098E-4	54	134	0	5.17305E-4	3.31075E-4
54	134	1	0.00235661	0.00150823	54	135	0	0.00147954	9.46903E-4
54	135	1	0.00673962	0.00431336	54	136	0	0.0173724	0.00555916
54	137	0	0.028254	0.00904128	54	138	0	0.0297746	0.00952788
54	139	0	0.0222227	0.00711126	54	140	0	0.0124745	0.00399183
54	141	0	0.00483644	0.00309532	54	142	0	0.0012692	8.12286E-4
54	143	1	9.29619E-5	5.94956E-5	54	143	0	9.29619E-5	5.94956E-5
54	144	0	1.97475E-5	1.26384E-5	54	145	0	1.30019E-6	8.32124E-7
54	146	0	5.31079E-8	3.39891E-8	54	147	0	1.89823E-10	1.21487E-10
54	148	0	1.51042E-11	9.66672E-12	54	149	0	1.58221E-12	1.01261E-12
55	129	0	8.12228E-13	5.19826E-13	55	131	0	2.91082E-9	1.86292E-9
55	132	0	8.5324E-8	5.46073E-8	55	133	0	1.81051E-6	1.15873E-6
55	134	1	1.36638E-5	8.74486E-6	55	134	0	1.36638E-5	8.74486E-6
55	135	1	1.04809E-4	6.70781E-5	55	135	0	1.04809E-4	6.70781E-5
55	136	1	5.76062E-4	3.6868E-4	55	136	0	5.76062E-4	3.6868E-4
55	137	0	0.00472398	0.00302335	55	138	0	0.00592432	0.00379156
55	138	1	0.00592535	0.00266641	55	139	0	0.0211202	0.00675845
55	140	0	0.0283178	0.0090617	55	141	0	0.0266822	0.00853829
55	142	0	0.0171266	0.00548053	55	143	0	0.00651167	0.00416747
55	144	0	0.00184917	0.00118347	55	145	0	3.41056E-4	2.18276E-4
55	146	0	4.01313E-5	2.5684E-5	55	147	0	9.609849E-7	6.15031E-7
55	148	0	1.10031E-7	7.04198E-8	55	149	0	8.00998E-9	5.12638E-9
55	150	0	4.42124E-11	2.8296E-11	55	151	0	2.47745E-12	1.58557E-12
56	131	0	7.86221E-14	5.03181E-14	56	132	0	6.89194E-12	4.41084E-12
56	133	0	4.34122E-10	2.77838E-10	56	134	0	1.87053E-8	1.19714E-8
56	135	1	2.03057E-7	1.29957E-7	56	135	0	2.03057E-7	1.29957E-7
56	136	1	3.10587E-6	1.98776E-6	56	136	0	3.10587E-6	1.98776E-6
56	137	0	1.24735E-5	7.98304E-6	56	137	1	5.6836E-5	3.6375E-5
56	138	0	4.49106E-4	2.87428E-4	56	139	0	0.00205294	0.00131388
56	140	0	0.00682369	0.00436716	56	141	0	0.0155201	0.00496642
56	142	0	0.0232134	0.00742829	56	143	0	0.0211958	0.00678267
56	144	0	0.0147959	0.0047347	56	145	0	0.00710988	0.00455032
56	146	0	0.00225659	0.00144422	56	147	0	4.98269E-4	3.18892E-4
56	148	0	5.44053E-5	3.48194E-5	56	149	0	4.15316E-6	2.65802E-6
56	150	0	2.08058E-7	1.33157E-7	56	151	0	1.87358E-8	1.19909E-8
56	152	0	1.4104E-10	9.02654E-11	56	153	0	3.6151E-12	2.31366E-12
56	154	0	2.11059E-14	1.35078E-14	57	135	0	5.3515E-11	3.42496E-11
57	137	0	7.4821E-8	4.78855E-8	57	138	0	1.33037E-6	8.51439E-7
57	139	0	1.67347E-5	1.07102E-5	57	140	0	1.49832E-4	9.58926E-5
57	141	0	8.9054E-4	5.69946E-4	57	142	0	0.0032902	0.00210573
57	143	0	0.00735564	0.00470761	57	144	0	0.0123074	0.00393838
57	145	0	0.0144236	0.00461554	57	146	1	0.00567546	0.00363229
57	146	0	0.00567546	0.00363229	57	147	0	0.00657792	0.00420987
57	148	0	0.00204897	0.00131134	57	149	0	4.53347E-4	2.90142E-4
57	150	0	6.73989E-5	4.31353E-5	57	151	0	6.50309E-6	4.16198E-6
57	152	0	4.07114E-7	2.60553E-7	57	153	0	1.83015E-8	1.1713E-8
57	154	0	5.38151E-10	3.44417E-10	57	155	0	6.09674E-12	3.90191E-12
57	156	0	2.18213E-13	1.39656E-13	58	137	0	5.42152E-12	3.46978E-12
58	138	0	2.70076E-10	1.72849E-10	58	139	0	1.76049E-9	1.12672E-9
58	139	1	8.00225E-9	5.12144E-9	58	140	0	2.47069E-7	1.58124E-7
58	141	0	4.10115E-6	2.62474E-6	58	142	0	4.04014E-5	2.58569E-5
58	143	0	2.40468E-4	1.53899E-4	58	144	0	0.00103732	6.63886E-4
58	145	0	0.00309965	0.00198378	58	146	0	0.00603717	0.00386379
58	147	0	0.00872524	0.00558416	58	148	0	0.00714357	0.00457188
58	149	0	0.00418151	0.00267616	58	150	0	0.00170923	0.00109391
58	151	0	4.60639E-4	2.94809E-4	58	152	0	8.24632E-5	5.27764E-5
58	153	0	1.0603E-5	6.78591E-6	58	154	0	9.07255E-7	5.80643E-7
58	155	0	4.61069E-8	2.95084E-8	58	156	0	1.65025E-9	1.05616E-9
58	157	0	3.26092E-11	2.08699E-11	58	158	0	6.0317E-13	3.86028E-13
59	139	0	3.77106E-13	2.41348E-13	59	140	0	2.77078E-11	1.7733E-11
59	141	0	1.32037E-9	8.45037E-10	59	142	1	1.81051E-8	1.15873E-8
59	142	0	1.81051E-8	1.15873E-8	59	143	0	6.0617E-7	3.87949E-7
59	144	0	4.34122E-7	2.77838E-7	59	144	1	6.81191E-6	4.35963E-6
59	145	0	6.00169E-5	3.84108E-5	59	146	0	3.14368E-4	2.01196E-4
59	147	0	0.00120717	7.72588E-4	59	148	1	0.0013257	8.4845E-4
59	148	0	0.0013257	8.4845E-4	59	149	0	0.00397207	0.00254212
59	150	0	0.00414903	0.00265538	59	151	0	0.00285358	0.00182629
59	152	0	0.001349	8.63359E-4	59	153	0	4.638E-4	2.96832E-4
59	154	0	1.09601E-4	7.01445E-5	59	155	0	1.57844E-5	1.0102E-5
59	156	0	1.63046E-6	1.04349E-6	59	157	0	9.42265E-8	6.03049E-8
59	158	0	5.01141E-9	3.2073E-9	59	159	0	1.60045E-10	1.02429E-10
59	160	0	3.15089E-12	2.01657E-12	59	161	0	7.57795E-14	4.84989E-14
60	141	0	2.80079E-14	1.7925E-14	60	142	0	2.16061E-12	1.38279E-12
60	143	0	1.0503E-10	6.72189E-11	60	144	0	3.59101E-9	2.29825E-9
60	145	0	8.68244E-8	5.55676E-8	60	146	0	1.30037E-6	8.32234E-7
60	147	0	1.44541E-5	9.2506E-6	60	148	0	9.33462E-5	5.97416E-5
60	149	0	3.86069E-4	2.47084E-4	60	150	0	0.00107105	6.85473E-4
60	151	0	0.00185594	0.0011878	60	152	0	0.00218738	0.00139993
60	153	0	0.00185443	0.00118684	60	154	0	0.00111122	7.11182E-4
60	155	0	4.20318E-4	2.69004E-4	60	156	0	1.18063E-4	7.55604E-5
60	157	0	1.90954E-5	1.2221E-5	60	158	0	2.8308E-6	1.81171E-6
60	159	0	2.62074E-7	1.67727E-7	60	160	0	1.48042E-8	9.47466E-9
60	161	0	5.73085E-10	3.66775E-10	60	162	0	1.51042E-11	9.66672E-12
60	163	0	2.80079E-13	1.7925E-13	61	144	0	1.18033E-13	7.55412E-14
61	145	0	8.49239E-12	5.43513E-12	61	146	0	3.78106E-10	2.41988E-10
61	147	0	1.26035E-8	8.06627E-9	61	148	0	4.59129E-8	2.93843E-8
61	148	1	2.09059E-7	1.33798E-7	61	149	0	3.15089E-6	2.01657E-6
61	150	0	2.53471E-5	1.62222E-5	61	151	0	1.20154E-4	7.68984E-5
61	152	2	1.24395E-4	7.96128E-5	61	152	0	1.24395E-4	7.96128E-5
61	152	1	1.24395E-4	7.96128E-5	61	153	0	7.88031E-4	5.0434E-4
61	154	0	5.76922E-4	3.6923E-4	61	154	1	5.76922E-4	3.6923E-4
61	155	0	0.00106742	6.83149E-4	61	156	0	7.4856E-4	4.79079E-4
61	157	0	3.12438E-4	1.9996E-4	61	158	0	1.20784E-4	7.73017E-5
61	159	0	3.08287E-5	1.97303E-5	61	160	0	4.81135E-6	3.07927E-6
61	161	0	5.08143E-7	3.25211E-7	61	162	0	3.81107E-8	2.43909E-8
61	163	0	1.98056E-9	1.26756E-9	61	164	0	7.50211E-11	4.80135E-11
61	165	0	1.81051E-12	1.15873E-12	61	166	0	4.21879E-14	2.70002E-14
62	147	0	7.33206E-13	4.69252E-13	62	148	0	4.78134E-11	3.06006E-11
62	149	0	1.83051E-9	1.17153E-9	62	150	0	4.53127E-8	2.90002E-8
62	151	0	6.31177E-7	4.03954E-7	62	152	0	5.61158E-6	3.59141E-6
62	153	0	3.2149E-5	2.05754E-5	62	154	0	1.23285E-4	7.89022E-5
62	155	0	2.88391E-4	1.8457E-4	62	156	0	4.9785E-4	3.18624E-4
62	157	0	5.06612E-4	3.24232E-4	62	158	0	4.72033E-4	3.02101E-4
62	159	0	3.05286E-4	1.95383E-4	62	160	0	1.22074E-4	7.81276E-5
62	161	0	3.32493E-5	2.12796E-5	62	162	0	6.78191E-6	4.34042E-6
62	163	0	9.52268E-7	6.09451E-7	62	164	0	9.94279E-8	6.36339E-8
62	165	0	6.65187E-9	4.2572E-9	62	166	0	3.19047E-10	2.0419E-10
62	167	0	9.67272E-12	6.19054E-12	62	168	0	2.11059E-13	1.35078E-13
62	169	0	9.00811E-15	5.76519E-15	63	149	0	7.09199E-14	4.53888E-14
63	151	0	2.33066E-10	1.49162E-10	63	152	2	2.07392E-9	1.32731E-9
63	152	0	2.07392E-9	1.32731E-9	63	152	1	2.07392E-9	1.32731E-9
63	153	0	1.03029E-7	6.59385E-8	63	154	1	5.55156E-7	3.553E-7
63	154	0	5.55156E-7	3.553E-7	63	155	0	7.17202E-6	4.59009E-6
63	156	0	3.30193E-5	2.11323E-5	63	157	0	8.64243E-5	5.53115E-5
63	158	0	1.96125E-4	1.2552E-4	63	159	0	3.10017E-4	1.98411E-4
63	160	0	2.96363E-4	1.89673E-4	63	161	0	1.92134E-4	1.22966E-4
63	162	0	9.83877E-5	6.29681E-5	63	163	0	3.49798E-5	2.23871E-5
63	164	0	9.53268E-6	6.10091E-6	63	165	0	1.70048E-6	1.08831E-6
63	166	0	2.23063E-7	1.4276E-7	63	167	0	1.87053E-8	1.19714E-8
63	168	0	1.14032E-9	7.29805E-10	63	169	0	4.56038E-11	2.91864E-11
63	170	0	1.24035E-12	7.93823E-13	63	171	0	2.30116E-14	1.47274E-14
63	172	0	8.35822E-16	5.34926E-16	64	152	0	4.6313E-13	2.96403E-13
64	153	0	2.27064E-11	1.45321E-11	64	154	0	7.23203E-10	4.6285E-10
64	155	0	1.35038E-8	8.64243E-9	64	156	0	1.7805E-7	1.13952E-7
64	157	0	1.30037E-6	8.32234E-7	64	158	0	7.80219E-6	4.9934E-6
64	159	0	3.23491E-5	2.07034E-5	64	160	0	7.65015E-5	4.8961E-5
64	161	0	1.16863E-4	7.47922E-5	64	162	0	1.4269E-4	9.13217E-5
64	163	0	1.19214E-4	7.62966E-5	64	164	0	7.8142E-5	5.00109E-5
64	165	0	3.46998E-5	2.22078E-5	64	166	0	1.16333E-5	7.44529E-6
64	167	0	2.56072E-6	1.63886E-6	64	168	0	4.20118E-7	2.68876E-7
64	169	0	4.6213E-8	2.95763E-8	64	170	0	3.48098E-9	2.22783E-9
64	171	0	1.74026E-10	1.11377E-10	64	172	0	6.32094E-12	4.0454E-12
65	155	0	1.74049E-12	1.11391E-12	65	156	0	6.34178E-11	4.05874E-11
65	156	1	4.05114E-12	2.59273E-12	65	157	0	1.4404E-9	9.21859E-10
65	158	0	2.28064E-8	1.45961E-8	65	158	1	1.46041E-9	9.34663E-10
65	159	0	2.8508E-7	1.82451E-7	65	160	0	1.81051E-6	1.15873E-6
65	161	0	7.04198E-6	4.50687E-6	65	162	0	1.0833E-5	6.93315E-6
65	162	1	1.0833E-5	6.93315E-6	65	163	0	4.32622E-5	2.76878E-5
65	164	0	6.64087E-5	4.25015E-5	65	165	0	6.88193E-5	4.40444E-5
65	166	0	5.46153E-5	3.49538E-5	65	167	0	2.92782E-5	1.87381E-5
65	168	0	1.20534E-5	7.71417E-6	65	169	0	3.43096E-6	2.19582E-6
65	170	0	6.87193E-7	4.39804E-7	65	171	0	9.34263E-8	5.97928E-8
65	172	0	9.32262E-9	5.96648E-9	66	157	0	1.0703E-13	6.84993E-14
66	158	0	5.22147E-12	3.34174E-12	66	159	0	1.80051E-10	1.15232E-10
66	160	0	3.24091E-9	2.07418E-9	66	161	0	3.42096E-8	2.18942E-8
66	162	0	2.87081E-7	1.83732E-7	66	163	0	1.49042E-6	9.53868E-7
66	164	0	5.73161E-6	3.66823E-6	66	165	0	1.34438E-5	8.60402E-6
66	165	1	1.01028E-6	6.46582E-7	66	166	0	2.71576E-5	1.73809E-5
66	167	0	3.39796E-5	2.17469E-5	66	168	0	3.27592E-5	2.09659E-5
66	169	0	2.22963E-5	1.42696E-5	66	170	0	1.09831E-5	7.02918E-6
66	171	0	3.79107E-6	2.42628E-6	66	172	0	9.89278E-7	6.33138E-7
67	161	0	1.0803E-11	6.91394E-12	67	161	1	8.14229E-13	5.21106E-13
67	162	0	5.01141E-11	3.2073E-11	67	162	1	2.28064E-10	1.45961E-10
67	163	0	3.67103E-9	2.34946E-9	67	163	1	2.76078E-10	1.7669E-10
67	164	0	7.39208E-9	4.73093E-9	67	164	1	3.37095E-8	2.15741E-8
67	165	0	2.73077E-7	1.74769E-7	67	166	0	2.37067E-7	1.51723E-7
67	166	1	1.0803E-6	6.91394E-7	67	167	0	4.08115E-6	2.61193E-6
67	168	0	9.47266E-6	6.0625E-6	67	169	0	1.51643E-5	9.70513E-6
67	170	0	8.70245E-6	5.56957E-6	67	170	1	8.70245E-6	5.56957E-6
67	171	0	1.4164E-5	9.06495E-6	67	172	0	8.9125E-6	5.704E-6
68	162	0	1.81051E-14	1.15873E-14	68	163	0	7.21203E-13	4.6157E-13
68	164	0	2.09059E-11	1.33798E-11	68	165	0	3.84108E-10	2.45829E-10
68	166	0	5.05142E-9	3.23291E-9	68	167	0	3.9011E-8	2.4967E-8
68	167	1	2.93082E-9	1.87573E-9	68	168	0	2.54071E-7	1.62606E-7
68	169	0	1.03029E-6	6.59385E-7	68	170	0	2.90082E-6	1.85652E-6
68	171	0	5.62158E-6	3.59781E-6	68	172	0	8.28233E-6	5.30069E-6
69	165	0	3.66103E-14	2.34306E-14	69	166	0	1.35038E-12	8.64243E-13
69	167	0	3.11087E-11	1.99096E-11	69	168	0	5.19146E-10	3.32253E-10
69	169	0	5.6916E-9	3.64262E-9	69	170	0	4.2612E-8	2.72717E-8
69	171	0	2.1306E-7	1.36358E-7	69	172	0	7.86221E-7	5.03181E-7
70	168	0	7.22203E-14	4.6221E-14	70	169	0	2.06058E-12	1.31877E-12
70	169	1	1.55044E-13	9.92279E-14	70	170	0	4.59129E-11	2.93843E-11
70	171	0	6.29177E-10	4.02673E-10	70	172	0	6.24175E-9	3.99472E-9
71	171	0	6.4118E-14	4.10355E-14	71	171	1	6.4118E-14	4.10355E-14
71	172	0	1.7705E-12	1.13312E-12	71	172	1	1.7705E-12	1.13312E-12