Z	A	FPS	Yield	Uncertainty	Z	A	FPS	Yield	Uncertainty
24	69	0	3.55711E-18	2.27655E-18	25	66	0	5.05E-12	3.232E-12
25	67	0	1.25E-12	8.0E-13	25	68	0	4.96E-13	3.1744E-13
25	69	0	1.12996E-13	7.23177E-14	25	72	0	1.04732E-17	6.70284E-18
25	73	0	7.88123E-19	5.04399E-19	26	66	0	1.66E-10	1.0624E-10
26	67	0	1.01E-10	6.464E-11	26	68	0	1.66E-10	1.0624E-10
26	69	0	9.96E-11	6.3744E-11	26	70	0	3.7E-11	2.368E-11
26	71	0	5.57E-12	3.5648E-12	26	72	0	4.9699E-13	3.18073E-13
26	73	0	3.73992E-14	2.39355E-14	26	75	0	7.08274E-17	4.53295E-17
27	66	0	2.75E-10	1.76E-10	27	67	0	5.8E-10	3.712E-10
27	68	0	2.14E-9	1.3696E-9	27	69	0	4.95E-9	3.168E-9
27	70	0	4.45E-9	2.848E-9	27	71	0	2.81E-9	1.7984E-9
27	72	0	6.9E-10	4.416E-10	27	73	0	2.2E-10	1.408E-10
27	74	0	3.28E-11	2.0992E-11	27	75	0	2.24993E-12	1.43995E-12
27	76	0	1.83E-13	1.1712E-13	27	77	0	3.49809E-15	2.23878E-15
27	78	0	3.20307E-16	2.04996E-16	28	66	0	4.17E-11	2.6688E-11
28	67	0	1.92E-10	1.2288E-10	28	68	0	2.42E-9	1.5488E-9
28	69	0	1.18E-8	7.552E-9	28	70	0	3.65E-8	2.336E-8
28	71	0	5.28E-8	3.3792E-8	28	72	0	5.23E-8	3.3472E-8
28	73	0	4.1E-8	2.624E-8	28	74	0	2.59E-8	1.6576E-8
28	75	0	4.76E-9	3.0464E-9	28	76	0	1.71E-9	1.0944E-9
28	77	0	1.65997E-10	1.06238E-10	28	78	0	1.51997E-11	9.7278E-12
28	79	0	2.44905E-13	1.56739E-13	28	81	0	8.6252E-16	5.52013E-16
29	66	0	2.65E-13	1.696E-13	29	67	0	4.92E-12	3.1488E-12
29	68	0	4.43E-11	2.8352E-11	29	68	1	1.03E-10	6.592E-11
29	69	0	2.62E-9	1.6768E-9	29	70	0	4.24E-9	2.7136E-9
29	70	1	1.27E-8	8.128E-9	29	71	0	8.34E-8	5.3376E-8
29	72	0	1.81E-7	1.1584E-7	29	73	0	4.94E-7	3.1616E-7
29	74	0	7.31E-7	4.6784E-7	29	75	0	5.36E-7	3.4304E-7
29	76	0	4.93E-7	3.1552E-7	29	77	0	2.05E-7	1.312E-7
29	78	0	5.24E-8	3.3536E-8	29	79	0	7.77976E-9	4.97904E-9
29	80	0	3.2E-10	2.048E-10	29	81	0	2.73991E-11	1.75354E-11
29	82	0	3.86E-13	2.4704E-13	29	83	0	9.10346E-15	5.82621E-15
30	68	0	5.64E-13	3.6096E-13	30	69	0	4.87E-12	3.1168E-12
30	69	1	2.08E-11	1.3312E-11	30	70	0	6.39E-10	4.0896E-10
30	71	0	1.39E-9	8.896E-10	30	71	1	5.94E-9	3.8016E-9
30	72	0	5.83E-8	3.7312E-8	30	73	0	3.3E-7	2.112E-7
30	74	0	1.66E-6	1.0624E-6	30	75	0	2.63E-6	1.6832E-6
30	76	0	8.84E-6	5.6576E-6	30	77	0	8.76E-6	5.6064E-6
30	78	0	9.36E-6	5.9904E-6	30	79	0	3.62E-6	2.3168E-6
30	80	0	6.64E-7	4.2496E-7	30	81	0	1.6E-7	1.024E-7
30	82	0	1.11E-8	7.104E-9	30	83	0	4.31991E-10	2.76474E-10
30	84	0	8.56E-12	5.4784E-12	30	85	0	2.54034E-13	1.62582E-13
31	69	0	1.34E-14	8.576E-15	31	70	0	8.68E-13	5.5552E-13
31	71	0	4.21E-11	2.6944E-11	31	72	1	4.36E-10	2.7904E-10
31	72	0	4.36E-10	2.7904E-10	31	73	0	1.87E-8	1.1968E-8
31	74	1	1.075E-7	6.88E-8	31	74	0	1.075E-7	6.88E-8
31	75	0	1.2E-6	7.68E-7	31	76	0	8.49E-6	5.4336E-6
31	77	0	2.876E-5	1.84064E-5	31	78	0	6.916E-5	4.42624E-5
31	79	0	9.994E-5	6.39616E-5	31	80	0	4.603E-5	2.94592E-5
31	81	0	4.704E-5	3.01056E-5	31	82	0	9.46E-6	6.0544E-6
31	83	0	1.78E-6	1.1392E-6	31	84	0	1.07E-7	6.848E-8
31	85	0	8.06975E-9	5.16464E-9	31	86	0	1.49E-10	9.536E-11
31	87	0	1.62471E-12	1.03982E-12	31	88	0	6.38506E-14	4.08644E-14
32	72	0	7.19E-13	4.6016E-13	32	73	0	3.21E-11	2.0544E-11
32	73	1	7.54E-12	4.8256E-12	32	74	0	1.91E-9	1.2224E-9
32	75	0	3.43E-9	2.1952E-9	32	75	1	2.3E-8	1.472E-8
32	76	0	7.17E-7	4.5888E-7	32	77	0	4.74E-6	3.0336E-6
32	77	1	7.08E-7	4.5312E-7	32	78	0	4.656E-5	2.97984E-5
32	79	1	7.071E-5	4.52544E-5	32	79	0	7.071E-5	4.52544E-5
32	80	0	2.3122E-4	1.47981E-4	32	81	0	5.4357E-4	3.47885E-4
32	82	0	4.5698E-4	2.92467E-4	32	83	0	2.3471E-4	1.50214E-4
32	84	0	6.503E-5	4.16192E-5	32	85	0	1.405E-5	8.992E-6
32	86	0	1.26E-6	8.064E-7	32	87	0	7.70984E-8	4.9343E-8
32	88	0	3.02994E-9	1.93916E-9	32	89	0	2.48368E-11	1.58955E-11
32	90	0	1.13099E-12	7.23835E-13	32	91	0	7.64017E-14	4.88971E-14
33	74	0	1.65E-13	1.056E-13	33	74	1	3.84E-13	2.4576E-13
33	75	0	3.31E-11	2.1184E-11	33	76	0	2.37E-9	1.5168E-9
33	77	0	7.42E-8	4.7488E-8	33	78	0	1.6E-6	1.024E-6
33	79	0	1.817E-5	1.16288E-5	33	80	0	6.705E-5	4.2912E-5
33	81	0	5.5369E-4	3.54362E-4	33	82	0	5.3081E-4	3.39718E-4
33	82	1	5.3081E-4	3.39718E-4	33	83	0	0.00208586	0.00133495
33	84	1	7.2642E-4	4.64909E-4	33	84	0	7.2642E-4	4.64909E-4
33	85	0	0.00131612	8.42317E-4	33	86	0	3.3129E-4	2.12026E-4
33	87	0	9.225E-5	5.904E-5	33	88	0	1.011E-5	6.4704E-6
33	89	0	7.88975E-7	5.04944E-7	33	90	0	3.59276E-8	2.29936E-8
33	91	0	2.42701E-9	1.55328E-9	33	92	0	5.0364E-12	3.2233E-12
33	93	0	4.33707E-13	2.77572E-13	34	76	0	3.94E-13	2.5216E-13
34	77	0	4.38E-12	2.8032E-12	34	77	1	2.93E-11	1.8752E-11
34	78	0	3.24E-9	2.0736E-9	34	79	0	8.34E-8	5.3376E-8
34	79	1	1.25E-8	8.0E-9	34	80	0	1.48E-6	9.472E-7
34	81	0	3.92E-6	2.5088E-6	34	81	1	2.622E-5	1.67808E-5
34	82	0	2.2944E-4	1.46842E-4	34	83	0	8.4955E-4	5.43712E-4
34	83	1	1.9928E-4	1.27539E-4	34	84	0	0.00258639	0.00165529
34	85	0	0.00274308	0.00175557	34	85	1	0.00272771	0.00174573
34	86	0	0.00543984	0.0034815	34	87	0	0.00383144	0.00245212
34	88	0	0.00175213	0.00112136	34	89	0	3.7854E-4	2.42266E-4
34	90	0	6.39141E-5	4.0905E-5	34	91	0	4.31757E-6	2.76325E-6
34	92	0	2.38995E-7	1.52957E-7	34	93	0	2.05809E-8	1.31718E-8
34	94	0	1.1E-10	7.04E-11	34	95	0	1.68384E-12	1.07766E-12
35	78	0	1.99E-13	1.2736E-13	35	79	0	6.01E-12	3.8464E-12
35	79	1	2.01E-11	1.2864E-11	35	80	0	2.82E-10	1.8048E-10
35	80	1	8.46E-10	5.4144E-10	35	81	0	1.01E-7	6.464E-8
35	82	0	1.52E-6	9.728E-7	35	82	1	6.53E-7	4.1792E-7
35	83	0	4.315E-5	2.7616E-5	35	84	0	1.0039E-4	6.42496E-5
35	84	1	1.7848E-4	1.14227E-4	35	85	0	0.00384693	0.00246204
35	86	0	0.00242049	0.00154911	35	86	1	0.0024176	0.00154726
35	87	0	0.0120211	0.00384676	35	88	0	0.0125855	0.00402735
35	89	0	0.0107576	0.00344243	35	90	0	0.0045702	0.00292493
35	91	0	0.00135711	8.6855E-4	35	92	0	2.113E-4	1.35232E-4
35	93	0	2.45094E-5	1.5686E-5	35	94	0	1.32E-6	8.448E-7
35	95	0	5.34896E-8	3.42334E-8	35	96	0	9.51E-10	6.0864E-10
35	97	0	6.13219E-12	3.9246E-12	35	98	0	1.99138E-13	1.27448E-13
36	80	0	4.11E-14	2.6304E-14	36	81	0	9.19E-12	5.8816E-12
36	81	1	1.37E-12	8.768E-13	36	82	0	1.1E-9	7.04E-10
36	83	0	5.22E-8	3.3408E-8	36	83	1	1.23E-8	7.872E-9
36	84	0	1.93E-6	1.2352E-6	36	85	0	3.187E-5	2.03968E-5
36	85	1	7.48E-6	4.7872E-6	36	86	0	3.7556E-4	2.40358E-4
36	87	0	0.00214069	0.00137004	36	88	0	0.0072471	0.0032612
36	89	0	0.0154258	0.00493625	36	90	0	0.023511	0.00752351
36	91	0	0.0165646	0.00530067	36	92	0	0.0105113	0.0033636
36	93	0	0.00324199	0.00207487	36	94	0	7.8277E-4	5.00973E-4
36	95	0	9.51565E-5	6.09002E-5	36	96	0	7.53E-6	4.8192E-6
36	97	0	2.90994E-7	1.86236E-7	36	98	0	9.4498E-9	6.04787E-9
36	99	0	1.77646E-11	1.13694E-11	36	100	0	1.45E-12	9.28E-13
36	101	0	1.98255E-13	1.26883E-13	37	83	0	4.72E-12	3.0208E-12
37	84	0	4.28E-10	2.7392E-10	37	85	0	4.06E-8	2.5984E-8
37	86	1	5.65E-7	3.616E-7	37	86	0	5.65E-7	3.616E-7
37	87	0	2.748E-5	1.75872E-5	37	88	0	2.6605E-4	1.70272E-4
37	89	0	0.00206262	0.00132008	37	90	0	0.00133397	8.53741E-4
37	90	1	0.00568534	0.00363862	37	91	0	0.0178112	0.00569957
37	92	0	0.0250592	0.00801894	37	93	0	0.0288116	0.00921972
37	94	0	0.0169926	0.00543764	37	95	0	0.00865393	0.00553852
37	96	0	0.00185847	0.00118942	37	97	0	3.2596E-4	2.08614E-4
37	98	0	2.956E-5	1.89184E-5	37	99	0	5.64318E-7	3.61164E-7
37	100	0	5.93E-8	3.7952E-8	37	101	0	6.29786E-9	4.03063E-9
37	102	0	1.02625E-11	6.56798E-12	37	103	0	8.33467E-13	5.33419E-13
38	85	1	6.25E-13	4.0E-13	38	85	0	6.25E-13	4.0E-13
38	86	0	1.7E-10	1.088E-10	38	87	0	9.78E-9	6.2592E-9
38	87	1	2.29E-9	1.4656E-9	38	88	0	5.22E-7	3.3408E-7
38	89	0	1.124E-5	7.1936E-6	38	90	0	1.5986E-4	1.0231E-4
38	91	0	0.00102712	6.57357E-4	38	92	0	0.00551357	0.00352869
38	93	0	0.0142523	0.00456074	38	94	0	0.0303959	0.00972668
38	95	0	0.0350436	0.011214	38	96	0	0.0288665	0.00923729
38	97	0	0.0127525	0.00408079	38	98	0	0.0048157	0.00308205
38	99	0	0.00100391	6.425E-4	38	100	0	1.153E-4	7.3792E-5
38	101	0	1.12037E-5	7.17037E-6	38	102	0	4.8699E-7	3.11673E-7
38	103	0	3.95509E-8	2.53126E-8	38	104	0	2.01E-10	1.2864E-10
38	105	0	1.31439E-12	8.41211E-13	38	106	0	1.35648E-13	8.6815E-14
39	87	0	2.5E-13	1.6E-13	39	88	0	3.1E-11	1.984E-11
39	89	0	6.01E-10	3.8464E-10	39	89	1	2.56E-9	1.6384E-9
39	90	1	6.3E-8	4.032E-8	39	90	0	6.3E-8	4.032E-8
39	91	1	1.84E-6	1.1776E-6	39	91	0	1.84E-6	1.1776E-6
39	92	0	5.443E-5	3.48352E-5	39	93	1	2.9801E-4	1.90726E-4
39	93	0	2.9801E-4	1.90726E-4	39	94	0	0.00306045	0.00195869
39	95	0	0.0132872	0.00425189	39	96	0	0.00243738	0.00155992
39	96	1	0.0219364	0.00701966	39	97	1	0.01934	0.0123776
39	97	0	0.01934	0.0123776	39	98	0	0.0163782	0.00524101
39	98	1	0.0163775	0.00524081	39	99	0	0.0261666	0.0083733
39	100	0	0.0075229	0.00481466	39	101	0	0.0030077	0.00192493
39	102	0	3.5425E-4	2.2672E-4	39	103	0	4.71005E-5	3.01443E-5
39	104	0	1.86E-6	1.1904E-6	39	105	0	4.17535E-8	2.67222E-8
39	106	0	4.30906E-9	2.7578E-9	40	89	0	2.56E-14	1.6384E-14
40	90	1	2.37E-12	1.5168E-12	40	90	0	2.37E-12	1.5168E-12
40	91	0	4.25E-10	2.72E-10	40	92	0	2.97E-8	1.9008E-8
40	93	0	9.32E-7	5.9648E-7	40	94	0	2.154E-5	1.37856E-5
40	95	0	2.3803E-4	1.52339E-4	40	96	0	0.00178588	0.00114296
40	97	0	0.00675353	0.00432226	40	98	0	0.0203619	0.00651581
40	99	0	0.0351406	0.011245	40	100	0	0.035816	0.0114611
40	101	0	0.0319338	0.0102188	40	102	0	0.0147489	0.00471966
40	103	0	0.00501726	0.00321105	40	104	0	8.5146E-4	5.44934E-4
40	105	0	7.42783E-5	4.75381E-5	40	106	0	7.66569E-6	4.90604E-6
40	107	0	6.90203E-13	4.4173E-13	40	108	0	1.44E-13	9.216E-14
40	109	0	2.42273E-15	1.55055E-15	40	111	0	1.75812E-17	1.1252E-17
40	112	0	2.65284E-14	1.69782E-14	41	92	0	4.53E-13	2.8992E-13
41	93	0	5.52E-11	3.5328E-11	41	93	1	1.29E-11	8.256E-12
41	94	0	2.72E-9	1.7408E-9	41	94	1	1.89E-9	1.2096E-9
41	95	0	1.93E-7	1.2352E-7	41	95	1	4.52E-8	2.8928E-8
41	96	0	5.04E-6	3.2256E-6	41	97	0	6.802E-5	4.35328E-5
41	97	1	1.595E-5	1.0208E-5	41	98	0	4.8068E-4	3.07635E-4
41	98	1	1.6023E-4	1.02547E-4	41	99	0	3.4191E-4	2.18822E-4
41	99	1	0.00393169	0.00251628	41	100	0	0.00492543	0.00315228
41	100	1	0.00492543	0.00315228	41	101	0	0.0299403	0.00958091
41	102	1	0.0150267	0.0096171	41	102	0	0.0150267	0.0096171
41	103	0	0.0368135	0.0117803	41	104	1	0.00733286	0.00469303
41	104	0	0.00733286	0.00469303	41	105	0	0.00514229	0.00329107
41	106	0	0.00147195	9.42048E-4	41	107	0	1.131E-5	7.2384E-6
41	108	0	8.67E-7	5.5488E-7	41	109	0	3.97E-8	2.5408E-8
41	110	0	9.23E-10	5.9072E-10	41	111	0	2.88094E-10	1.8438E-10
41	112	0	8.42711E-10	5.39335E-10	41	113	0	1.9767E-13	1.26509E-13
41	114	0	1.22222E-14	7.82223E-15	41	115	0	1.30536E-15	8.35432E-16
42	94	0	4.59E-14	2.9376E-14	42	95	0	7.01E-12	4.4864E-12
42	96	0	7.12E-10	4.5568E-10	42	97	0	3.43E-8	2.1952E-8
42	98	0	1.18E-6	7.552E-7	42	99	0	2.119E-5	1.35616E-5
42	100	0	2.0498E-4	1.31187E-4	42	101	0	0.00150356	9.62278E-4
42	102	0	0.00567184	0.00362998	42	103	0	0.0153866	0.0049237
42	104	0	0.0214546	0.00686546	42	105	0	0.0164015	0.00524846
42	106	0	0.0182677	0.00584565	42	107	0	0.00716271	0.00458413
42	108	0	0.00296039	0.00189465	42	109	0	5.1048E-4	3.26707E-4
42	110	0	7.513E-5	4.80832E-5	42	111	0	2.95971E-6	1.89422E-6
42	112	0	1.49916E-6	9.59461E-7	42	113	0	9.38013E-9	6.00328E-9
42	114	0	5.79988E-10	3.71192E-10	42	115	0	6.1944E-11	3.96442E-11
42	116	0	3.71E-14	2.3744E-14	42	117	0	1.13541E-15	7.26665E-16
43	97	1	3.33E-13	2.1312E-13	43	97	0	3.33E-13	2.1312E-13
43	98	0	6.56E-11	4.1984E-11	43	99	0	4.25E-9	2.72E-9
43	99	1	9.97E-10	6.3808E-10	43	100	0	1.46E-7	9.344E-8
43	101	0	4.6E-6	2.944E-6	43	102	0	2.307E-5	1.47648E-5
43	102	1	2.307E-5	1.47648E-5	43	103	0	5.1649E-4	3.30554E-4
43	104	0	0.00172761	0.00110567	43	105	0	0.00489219	0.003131
43	106	0	0.012531	0.00400991	43	107	0	0.016749	0.00535967
43	108	0	0.0141551	0.00452963	43	109	0	0.00939825	0.00422921
43	110	0	0.00375866	0.00240554	43	111	0	7.3526E-4	4.70566E-4
43	112	0	8.941E-5	5.72224E-5	43	113	0	1.11706E-5	7.1492E-6
43	114	0	8.05E-7	5.152E-7	43	115	0	7.3768E-8	4.72115E-8
43	116	0	8.95E-10	5.728E-10	43	117	0	3.6068E-11	2.30835E-11
43	118	0	5.50001E-14	3.52E-14	43	119	0	9.35633E-16	5.98805E-16
44	99	0	3.84E-14	2.4576E-14	44	100	0	4.99E-12	3.1936E-12
44	101	0	3.81E-10	2.4384E-10	44	102	0	1.99E-8	1.2736E-8
44	103	0	6.17E-7	3.9488E-7	44	104	0	9.4E-6	6.016E-6
44	105	0	6.682E-5	4.27648E-5	44	106	0	7.3019E-4	4.67322E-4
44	107	0	1.8194E-4	1.16442E-4	44	108	0	6.6102E-4	4.23053E-4
44	109	1	5.4534E-4	3.49018E-4	44	109	0	5.4534E-4	3.49018E-4
44	110	0	0.00155572	9.95661E-4	44	111	0	6.251E-4	4.00064E-4
44	112	0	3.9288E-4	2.51443E-4	44	113	0	1.6214E-4	1.0377E-4
44	114	0	6.097E-5	3.90208E-5	44	115	0	5.67617E-6	3.63275E-6
44	116	0	1.04E-6	6.656E-7	44	117	0	6.41639E-8	4.10649E-8
44	118	0	2.60995E-9	1.67036E-9	44	119	0	4.43991E-11	2.84154E-11
44	120	0	4.77E-13	3.0528E-13	44	121	0	4.9107E-15	3.14285E-15
45	102	0	1.24E-13	7.936E-14	45	102	1	1.24E-13	7.936E-14
45	103	0	4.21E-12	2.6944E-12	45	103	1	2.82E-11	1.8048E-11
45	104	0	3.88E-10	2.4832E-10	45	104	1	1.16E-9	7.424E-10
45	105	0	4.35E-8	2.784E-8	45	105	1	6.5E-9	4.16E-9
45	106	0	7.99E-7	5.1136E-7	45	106	1	7.99E-7	5.1136E-7
45	107	0	1.81E-9	1.1584E-9	45	108	0	1.2E-8	7.68E-9
45	108	1	1.2E-8	7.68E-9	45	109	0	1.22E-7	7.808E-8
45	109	1	1.22E-7	7.808E-8	45	110	0	6.36E-7	4.0704E-7
45	110	1	6.36E-7	4.0704E-7	45	111	0	2.82E-6	1.8048E-6
45	112	0	9.98E-5	6.3872E-5	45	113	0	2.0308E-4	1.29971E-4
45	114	0	2.1069E-4	1.34842E-4	45	115	0	8.447E-5	5.40608E-5
45	116	0	4.179E-5	2.67456E-5	45	117	0	1.222E-5	7.8208E-6
45	118	0	1.57E-6	1.0048E-6	45	119	0	1.41E-7	9.024E-8
45	120	0	5.03E-9	3.2192E-9	45	121	0	1.55995E-10	9.98369E-11
45	122	0	2.16E-12	1.3824E-12	45	123	0	2.29E-14	1.4656E-14
46	104	0	1.18E-14	7.552E-15	46	105	0	1.29E-12	8.256E-13
46	106	0	1.74E-10	1.1136E-10	46	109	1	1.21E-14	7.744E-15
46	110	0	6.47E-13	4.1408E-13	46	111	0	2.05E-12	1.312E-12
46	111	1	3.81E-12	2.4384E-12	46	112	0	1.9E-6	1.216E-6
46	113	0	1.387E-5	8.8768E-6	46	114	0	6.805E-5	4.3552E-5
46	115	0	6.766E-5	4.33024E-5	46	116	0	1.3011E-4	8.32704E-5
46	117	0	9.542E-5	6.10688E-5	46	118	0	5.475E-5	3.504E-5
46	119	0	1.452E-5	9.2928E-6	46	120	0	2.62E-6	1.6768E-6
46	121	0	2.63E-7	1.6832E-7	46	122	0	1.89E-8	1.2096E-8
46	123	0	6.31E-10	4.0384E-10	47	112	0	1.23E-9	7.872E-10
47	113	0	7.81E-9	4.9984E-9	47	113	1	5.23E-8	3.3472E-8
47	114	0	1.02E-6	6.528E-7	47	115	0	2.34E-6	1.4976E-6
47	115	1	2.34E-6	1.4976E-6	47	116	0	1.167E-5	7.4688E-6
47	116	1	1.167E-5	7.4688E-6	47	117	0	3.383E-5	2.16512E-5
47	117	1	3.383E-5	2.16512E-5	47	118	0	4.769E-5	3.05216E-5
47	118	1	4.769E-5	3.05216E-5	47	119	0	1.0366E-4	6.63424E-5
47	120	1	2.533E-5	1.62112E-5	47	120	0	2.533E-5	1.62112E-5
47	121	0	2.392E-5	1.53088E-5	47	122	1	2.565E-6	1.6416E-6
47	122	0	2.565E-6	1.6416E-6	47	123	0	8.32E-7	5.3248E-7
47	124	0	3.3E-11	2.112E-11	47	125	0	3.79E-12	2.4256E-12
47	126	0	6.21E-13	3.9744E-13	47	127	0	8.45E-14	5.408E-14
47	129	0	6.94485E-16	4.4447E-16	47	130	0	7.77E-10	4.9728E-10
47	131	0	6.5115E-12	4.16736E-12	47	132	0	2.25479E-13	1.44307E-13
48	112	0	3.8E-14	2.432E-14	48	113	0	1.87E-12	1.1968E-12
48	113	1	6.27E-12	4.0128E-12	48	114	0	8.39E-10	5.3696E-10
48	115	0	2.85E-9	1.824E-9	48	115	1	9.55E-9	6.112E-9
48	116	0	2.99E-7	1.9136E-7	48	117	0	5.66E-7	3.6224E-7
48	117	1	1.89E-6	1.2096E-6	48	118	0	1.528E-5	9.7792E-6
48	119	0	2.115E-5	1.3536E-5	48	119	1	2.115E-5	1.3536E-5
48	120	0	8.218E-5	5.25952E-5	48	121	1	4.8535E-5	3.10624E-5
48	121	0	4.8535E-5	3.10624E-5	48	122	0	8.679E-5	5.55456E-5
48	123	0	3.782E-5	2.42048E-5	48	124	0	3.13E-6	2.0032E-6
48	125	0	9.05E-7	5.792E-7	48	126	0	6.1E-7	3.904E-7
48	127	0	2.49E-7	1.5936E-7	48	128	0	1.01E-7	6.464E-8
48	129	0	1.7E-8	1.088E-8	48	130	0	4.58E-6	2.9312E-6
48	131	0	3.08994E-7	1.97756E-7	48	132	0	1.06998E-8	6.84786E-9
48	133	0	7.05126E-11	4.5128E-11	48	134	0	1.12E-12	7.168E-13
49	114	1	1.53E-14	9.792E-15	49	115	0	1.33E-12	8.512E-13
49	115	1	3.12E-13	1.9968E-13	49	116	2	4.24E-11	2.7136E-11
49	116	0	4.24E-11	2.7136E-11	49	116	1	4.24E-11	2.7136E-11
49	117	0	4.3E-9	2.752E-9	49	117	1	1.01E-9	6.464E-10
49	118	2	1.29E-8	8.256E-9	49	118	0	7.75E-8	4.96E-8
49	118	1	1.29E-8	8.256E-9	49	119	0	1.11E-6	7.104E-7
49	119	1	2.61E-7	1.6704E-7	49	120	2	2.48E-6	1.5872E-6
49	120	0	2.48E-6	1.5872E-6	49	120	1	2.48E-6	1.5872E-6
49	121	0	2.977E-5	1.90528E-5	49	121	1	6.98E-6	4.4672E-6
49	122	2	2.63667E-5	1.68747E-5	49	122	0	2.63667E-5	1.68747E-5
49	122	1	2.63667E-5	1.68747E-5	49	123	0	1.0599E-4	6.78336E-5
49	123	1	2.486E-5	1.59104E-5	49	124	1	8.8765E-5	5.68096E-5
49	124	0	8.8765E-5	5.68096E-5	49	125	0	8.6E-5	5.504E-5
49	125	1	8.6E-5	5.504E-5	49	126	1	1.26775E-4	8.1136E-5
49	126	0	1.26775E-4	8.1136E-5	49	127	0	2.2026E-4	1.40966E-4
49	127	1	2.2026E-4	1.40966E-4	49	128	1	2.44845E-4	1.56701E-4
49	128	0	2.44845E-4	1.56701E-4	49	129	0	2.0336E-4	1.3015E-4
49	129	1	2.0336E-4	1.3015E-4	49	130	2	2.8395E-4	1.81728E-4
49	130	1	2.8395E-4	1.81728E-4	49	130	0	2.8395E-4	1.81728E-4
49	131	1	1.34105E-4	8.58272E-5	49	131	0	1.34105E-4	8.58272E-5
49	132	0	2.946E-5	1.88544E-5	49	133	0	2.23993E-6	1.43356E-6
49	134	0	5.24E-8	3.3536E-8	49	135	0	1.42452E-10	9.11694E-11
49	136	0	7.43E-12	4.7552E-12	49	137	0	8.49235E-14	5.4351E-14
50	117	1	1.745E-13	1.1168E-13	50	117	0	1.745E-13	1.1168E-13
50	118	0	3.66E-11	2.3424E-11	50	119	0	3.66E-10	2.3424E-10
50	119	1	1.23E-9	7.872E-10	50	120	0	4.4E-8	2.816E-8
50	121	0	1.91E-7	1.2224E-7	50	121	1	4.67E-7	2.9888E-7
50	122	0	6.31E-6	4.0384E-6	50	123	0	1.856E-5	1.18784E-5
50	123	1	7.58E-6	4.8512E-6	50	124	0	8.069E-5	5.16416E-5
50	125	0	8.668E-5	5.54752E-5	50	125	1	3.541E-5	2.26624E-5
50	126	0	4.5057E-4	2.88365E-4	50	127	0	9.6355E-4	6.16672E-4
50	127	1	3.9356E-4	2.51878E-4	50	128	1	0.0022366	0.00143142
50	128	0	0.0022366	0.00143142	50	129	0	0.00555127	0.00355281
50	129	1	0.00226296	0.00144829	50	130	1	0.00513936	0.00328919
50	130	0	0.00513936	0.00328919	50	131	1	0.00413845	0.00264861
50	131	0	0.00413845	0.00264861	50	132	0	0.00424046	0.00271389
50	133	0	9.7619E-4	6.24762E-4	50	134	0	1.1594E-4	7.42016E-5
50	135	0	6.75986E-6	4.32631E-6	50	136	0	2.6E-7	1.664E-7
50	137	0	4.02992E-9	2.57915E-9	50	138	0	6.09E-11	3.8976E-11
50	139	0	1.00103E-12	6.40657E-13	51	119	0	8.93E-14	5.7152E-14
51	120	0	3.39E-12	2.1696E-12	51	120	1	4.89E-12	3.1296E-12
51	121	0	6.58E-10	4.2112E-10	51	122	0	9.2E-9	5.888E-9
51	122	1	1.04E-8	6.656E-9	51	123	0	3.78E-7	2.4192E-7
51	124	2	2.54E-8	1.6256E-8	51	124	0	2.54E-8	1.6256E-8
51	124	1	2.54E-8	1.6256E-8	51	125	0	4.19E-7	2.6816E-7
51	126	2	1.045E-6	6.688E-7	51	126	0	1.23E-6	7.872E-7
51	126	1	1.045E-6	6.688E-7	51	127	0	3.716E-5	2.37824E-5
51	128	0	9.573E-5	6.12672E-5	51	128	1	1.63E-4	1.0432E-4
51	129	0	0.00148869	9.52762E-4	51	130	0	0.00254247	0.00162718
51	130	1	0.00432905	0.00277059	51	131	0	0.0201325	0.00644239
51	132	0	0.0149893	0.00479659	51	132	1	0.0108544	0.00347339
51	133	0	0.0254247	0.00813591	51	134	1	0.00427147	0.00273374
51	134	0	0.00427147	0.00273374	51	135	0	0.00233012	0.00149128
51	136	0	2.6989E-4	1.7273E-4	51	137	0	2.082E-5	1.33248E-5
51	138	0	9.24E-7	5.9136E-7	51	139	0	3.1799E-8	2.03514E-8
51	140	0	1.00939E-10	6.46008E-11	51	141	0	4.28014E-12	2.73929E-12
51	142	0	8.36591E-14	5.35418E-14	52	121	1	9.75E-15	6.24E-15
52	121	0	9.75E-15	6.24E-15	52	122	0	3.05E-12	1.952E-12
52	123	0	4.22E-11	2.7008E-11	52	123	1	1.41E-10	9.024E-11
52	124	0	4.53E-14	2.8992E-14	52	125	0	1.47E-13	9.408E-14
52	125	1	4.91E-13	3.1424E-13	52	126	0	2.07E-11	1.3248E-11
52	127	0	2.33E-10	1.4912E-10	52	127	1	5.71E-10	3.6544E-10
52	128	0	2.19E-8	1.4016E-8	52	129	0	1.12E-7	7.168E-8
52	129	1	2.75E-7	1.76E-7	52	130	0	3.8905E-4	2.48992E-4
52	131	0	8.2964E-4	5.3097E-4	52	131	1	0.00203639	0.00130329
52	132	0	0.0151594	0.00485102	52	133	0	0.00990784	0.00634102
52	133	1	0.0242572	0.00776229	52	134	0	0.0450616	0.00720986
52	135	0	0.030997	0.00991904	52	136	0	0.0155913	0.00498922
52	137	0	0.00341944	0.00218844	52	138	0	6.8281E-4	4.36998E-4
52	139	0	6.722E-5	4.30208E-5	52	140	0	4.7899E-6	3.06554E-6
52	141	0	2.03107E-7	1.29989E-7	52	142	0	3.96992E-9	2.54075E-9
52	143	0	9.24797E-12	5.9187E-12	52	144	0	1.08094E-12	6.91803E-13
53	129	0	5.56E-14	3.5584E-14	53	130	0	5.78E-7	3.6992E-7
53	130	1	2.48E-7	1.5872E-7	53	131	0	2.783E-5	1.78112E-5
53	132	1	2.0259E-4	1.29658E-4	53	132	0	2.0259E-4	1.29658E-4
53	133	1	0.00207652	0.00132897	53	133	0	0.00207652	0.00132897
53	134	0	0.0122477	0.00391925	53	134	1	0.00683735	0.00157259
53	135	0	0.0358558	0.00824684	53	136	0	0.0212141	0.0067885
53	136	1	0.0211697	0.00677429	53	137	0	0.0368934	0.0118059
53	138	0	0.0181872	0.00581991	53	139	0	0.00756648	0.00484255
53	140	0	0.00147342	9.42989E-4	53	141	0	2.41877E-4	1.54801E-4
53	142	0	1.561E-5	9.9904E-6	53	143	0	2.93775E-7	1.88016E-7
53	144	0	3.43376E-8	2.19761E-8	53	145	0	5.3525E-11	3.4256E-11
53	146	0	1.71533E-12	1.09781E-12	53	147	0	2.93979E-13	1.88147E-13
54	130	0	8.68E-11	5.5552E-11	54	131	0	2.36E-9	1.5104E-9
54	131	1	5.77E-9	3.6928E-9	54	132	0	7.1E-7	4.544E-7
54	133	0	5.99E-6	3.8336E-6	54	133	1	1.468E-5	9.3952E-6
54	134	0	9.385E-5	6.0064E-5	54	134	1	2.1899E-4	1.40154E-4
54	135	0	0.00224053	5.15322E-4	54	135	1	0.00548022	0.00126045
54	136	0	0.0107779	0.00485005	54	137	0	0.0221441	0.0070861
54	138	0	0.038841	0.00893342	54	139	0	0.0370456	0.0118546
54	140	0	0.0279421	0.00894149	54	141	0	0.0113323	0.00362633
54	142	0	0.00316033	0.00202261	54	143	1	2.61308E-4	1.67237E-4
54	143	0	2.61308E-4	1.67237E-4	54	144	0	6.10857E-5	3.90948E-5
54	145	0	2.53995E-6	1.62557E-6	54	146	0	8.13983E-8	5.20949E-8
54	147	0	1.39503E-8	8.92821E-9	54	148	0	1.27E-11	8.128E-12
54	149	0	2.66522E-13	1.70574E-13	55	131	0	1.21E-13	7.744E-14
55	132	0	3.46E-11	2.2144E-11	55	133	0	5.28E-9	3.3792E-9
55	134	1	1.27E-7	8.128E-8	55	134	0	1.27E-7	8.128E-8
55	135	1	4.445E-6	2.8448E-6	55	135	0	4.445E-6	2.8448E-6
55	136	1	6.136E-5	3.92704E-5	55	136	0	6.136E-5	3.92704E-5
55	137	0	0.00112189	7.1801E-4	55	138	0	0.00239521	0.00153293
55	138	1	0.00240616	0.00153994	55	139	0	0.016878	0.00540096
55	140	0	0.0282643	0.00904458	55	141	0	0.0402612	0.0128836
55	142	0	0.0260841	0.00834692	55	143	0	0.0171999	0.00550396
55	144	0	0.00524639	0.00335769	55	145	0	9.925599E-4	6.35238E-4
55	146	0	9.297E-5	5.95008E-5	55	147	0	1.66132E-5	1.06324E-5
55	148	0	2.06E-7	1.3184E-7	55	149	0	8.46643E-9	5.41852E-9
55	150	0	4.75E-11	3.04E-11	55	151	0	4.46614E-13	2.85833E-13
55	152	0	5.01533E-15	3.20981E-15	56	133	0	3.86E-14	2.4704E-14
56	134	0	9.9E-12	6.336E-12	56	135	1	5.45E-10	3.488E-10
56	135	0	5.45E-10	3.488E-10	56	136	1	3.78E-8	2.4192E-8
56	136	0	3.78E-8	2.4192E-8	56	137	0	6.08E-7	3.8912E-7
56	137	1	1.49E-6	9.536E-7	56	138	0	4.012E-5	2.56768E-5
56	139	0	3.7236E-4	2.3831E-4	56	140	0	0.00252227	0.00161425
56	141	0	0.00826079	0.00528691	56	142	0	0.0194607	0.00622742
56	143	0	0.028409	0.00909087	56	144	0	0.0317843	0.010171
56	145	0	0.0148075	0.00473839	56	146	0	0.00587759	0.00376166
56	147	0	0.00127832	8.18127E-4	56	148	0	1.6263E-4	1.04083E-4
56	149	0	1.50615E-5	9.63938E-6	56	150	0	5.05E-7	3.232E-7
56	151	0	2.11934E-8	1.35638E-8	56	152	0	2.37995E-10	1.52317E-10
56	153	0	1.04824E-12	6.70877E-13	57	137	0	1.93E-10	1.2352E-10
57	138	0	1.08E-8	6.912E-9	57	139	0	4.67E-7	2.9888E-7
57	140	0	8.99E-6	5.7536E-6	57	141	0	1.2332E-4	7.89248E-5
57	142	0	7.5067E-4	4.80429E-4	57	143	0	0.00433196	0.00277245
57	144	0	0.011095	0.00355041	57	145	0	0.0190363	0.00609161
57	146	1	0.00865752	0.00554081	57	146	0	0.00865752	0.00554081
57	147	0	0.0143715	0.00459887	57	148	0	0.00459434	0.00294038
57	149	0	0.00180365	0.00115434	57	150	0	1.657E-4	1.06048E-4
57	151	0	2.52388E-5	1.61528E-5	57	152	0	1.0E-6	6.4E-7
57	153	0	3.3299E-8	2.13113E-8	57	154	0	5.07E-10	3.2448E-10
57	155	0	1.45192E-12	9.29227E-13	57	156	0	5.79503E-14	3.70882E-14
57	157	0	6.49043E-16	4.15387E-16	58	138	0	1.36E-13	8.704E-14
58	139	0	5.06E-12	3.2384E-12	58	139	1	1.24E-11	7.936E-12
58	140	0	1.6E-9	1.024E-9	58	141	0	6.17E-8	3.9488E-8
58	142	0	1.8E-6	1.152E-6	58	143	0	2.742E-5	1.75488E-5
58	144	0	3.0215E-4	1.93376E-4	58	145	0	0.00133759	8.56058E-4
58	146	0	0.00476643	0.00305052	58	147	0	0.0088712	0.00567757
58	148	0	0.0104434	0.00334189	58	149	0	0.00933294	0.00597308
58	150	0	0.00332959	0.00213094	58	151	0	0.00129435	8.28384E-4
58	152	0	2.1569E-4	1.38042E-4	58	153	0	1.933E-5	1.23712E-5
58	154	0	1.32E-6	8.448E-7	58	155	0	6.88986E-8	4.40951E-8
58	156	0	2.74994E-9	1.75996E-9	58	157	0	3.07994E-11	1.97116E-11
58	158	0	3.44E-13	2.2016E-13	58	159	0	4.59591E-16	2.94138E-16
59	141	0	1.42E-12	9.088E-13	59	142	1	6.3E-11	4.032E-11
59	142	0	6.3E-11	4.032E-11	59	143	0	9.45E-9	6.048E-9
59	144	0	2.88E-8	1.8432E-8	59	144	1	2.6E-7	1.664E-7
59	145	0	5.98E-6	3.8272E-6	59	146	0	5.959E-5	3.81376E-5
59	147	0	4.6149E-4	2.95354E-4	59	148	1	6.76355E-4	4.32867E-4
59	148	0	6.76355E-4	4.32867E-4	59	149	0	0.00423377	0.00270961
59	150	0	0.0035439	0.0022681	59	151	0	0.00497361	0.00318311
59	152	0	0.00188246	0.00120477	59	153	0	6.5486E-4	4.1911E-4
59	154	0	1.1332E-4	7.25248E-5	59	155	0	2.453E-5	1.56992E-5
59	156	0	2.67E-6	1.7088E-6	59	157	0	1.26E-7	8.064E-8
59	158	0	3.87E-9	2.4768E-9	59	159	0	1.45995E-11	9.34371E-12
59	160	0	1.16E-13	7.424E-14	59	161	0	4.78353E-16	3.06146E-16
59	162	0	1.13793E-17	7.28277E-18	60	143	0	9.03E-14	5.7792E-14
60	144	0	1.33E-11	8.512E-12	60	145	0	8.37E-10	5.3568E-10
60	146	0	4.04E-8	2.5856E-8	60	147	0	8.9E-7	5.696E-7
60	148	0	1.2E-5	7.68E-6	60	149	0	1.0479E-4	6.70656E-5
60	150	0	3.3499E-4	2.14394E-4	60	151	0	0.00110705	7.08512E-4
60	152	0	0.00148055	9.47552E-4	60	153	0	0.00111154	7.11386E-4
60	154	0	6.8737E-4	4.39917E-4	60	155	0	3.36E-4	2.1504E-4
60	156	0	1.4545E-4	9.3088E-5	60	157	0	1.67E-5	1.0688E-5
60	158	0	2.15E-6	1.376E-6	60	159	0	2.16E-8	1.3824E-8
60	160	0	7.55E-10	4.832E-10	60	161	0	2.26995E-11	1.45277E-11
60	162	0	5.39989E-13	3.45593E-13	60	165	0	3.24232E-19	2.07508E-19
61	146	0	8.05E-13	5.152E-13	61	147	0	7.81E-11	4.9984E-11
61	148	0	1.04E-9	6.656E-10	61	148	1	2.42E-9	1.5488E-9
61	149	0	1.18E-7	7.552E-8	61	150	0	1.25E-6	8.0E-7
61	151	0	1.81E-5	1.1584E-5	61	152	2	2.01467E-5	1.28939E-5
61	152	0	2.01467E-5	1.28939E-5	61	152	1	2.01467E-5	1.28939E-5
61	153	0	1.7326E-4	1.10886E-4	61	154	0	1.1984E-4	7.66976E-5
61	154	1	1.1984E-4	7.66976E-5	61	155	0	3.9965E-4	2.55776E-4
61	156	0	3.7543E-4	2.40275E-4	61	157	0	1.4847E-4	9.50208E-5
61	158	0	4.403E-5	2.81792E-5	61	159	0	1.73E-6	1.1072E-6
61	160	0	1.54E-7	9.856E-8	61	161	0	1.97E-8	1.2608E-8
61	162	0	1.26E-9	8.064E-10	61	163	0	4.13E-11	2.6432E-11
61	164	0	6.89E-13	4.4096E-13	61	165	0	1.02997E-14	6.59179E-15
61	166	0	1.34234E-17	8.59097E-18	62	148	0	4.64E-14	2.9696E-14
62	149	0	4.7E-12	3.008E-12	62	150	0	2.38E-10	1.5232E-10
62	151	0	8.54E-9	5.4656E-9	62	152	0	1.48E-7	9.472E-8
62	153	0	1.14E-6	7.296E-7	62	154	0	6.53E-6	4.1792E-6
62	155	0	2.58E-5	1.6512E-5	62	156	0	9.038E-5	5.78432E-5
62	157	0	7.462E-5	4.77568E-5	62	158	0	7.522E-5	4.81408E-5
62	159	0	6.32E-6	4.0448E-6	62	160	0	2.03E-6	1.2992E-6
62	161	0	6.08E-7	3.8912E-7	62	162	0	1.55E-7	9.92E-8
62	163	0	1.31E-8	8.384E-9	62	164	0	9.38E-10	6.0032E-10
62	165	0	3.79E-11	2.4256E-11	62	166	0	6.36987E-13	4.07671E-13
63	151	0	2.23E-13	1.4272E-13	63	152	2	3.7E-12	2.368E-12
63	152	0	3.7E-12	2.368E-12	63	152	1	3.7E-12	2.368E-12
63	153	0	3.89E-10	2.4896E-10	63	154	1	3.115E-9	1.9936E-9
63	154	0	3.115E-9	1.9936E-9	63	155	0	1.05E-7	6.72E-8
63	156	0	6.31E-7	4.0384E-7	63	157	0	3.07E-6	1.9648E-6
63	158	0	7.19E-6	4.6016E-6	63	159	0	2.15E-6	1.376E-6
63	160	0	1.46E-6	9.344E-7	63	161	0	1.49E-6	9.536E-7
63	162	0	8.27E-7	5.2928E-7	63	163	0	2.56E-7	1.6384E-7
63	164	0	4.39E-8	2.8096E-8	63	165	0	7.2E-9	4.608E-9
63	166	0	3.16E-10	2.0224E-10	63	167	0	1.69E-11	1.0816E-11
63	168	0	2.54E-13	1.6256E-13	64	154	0	2.86E-13	1.8304E-13
64	155	0	1.33E-11	8.512E-12	64	156	0	3.64E-10	2.3296E-10
64	157	0	4.59E-9	2.9376E-9	64	158	0	4.53E-8	2.8992E-8
64	159	0	3.42E-8	2.1888E-8	64	160	0	9.03E-8	5.7792E-8
64	161	0	2.1E-7	1.344E-7	64	162	0	4.07E-7	2.6048E-7
64	163	0	2.66E-7	1.7024E-7	64	164	0	1.56E-7	9.984E-8
64	165	0	5.62E-8	3.5968E-8	64	166	0	9.24E-9	5.9136E-9
64	167	0	1.21E-9	7.744E-10	64	168	0	7.48E-11	4.7872E-11
64	169	0	4.4E-12	2.816E-12	64	170	0	7.14E-14	4.5696E-14
65	157	0	3.35E-13	2.144E-13	65	158	0	8.2E-12	5.248E-12
65	158	1	9.11E-13	5.8304E-13	65	159	0	3.01E-11	1.9264E-11
65	160	0	2.11E-10	1.3504E-10	65	161	0	2.04E-9	1.3056E-9
65	162	0	4.91E-9	3.1424E-9	65	162	1	4.91E-9	3.1424E-9
65	163	0	2.44E-8	1.5616E-8	65	164	0	3.2E-8	2.048E-8
65	165	0	3.99E-8	2.5536E-8	65	166	0	1.38E-8	8.832E-9
65	167	0	6.22E-9	3.9808E-9	65	168	0	8.64E-10	5.5296E-10
65	169	0	1.94E-10	1.2416E-10	65	170	0	7.84E-12	5.0176E-12
65	171	0	1.03E-12	6.592E-13	65	172	0	2.76E-14	1.7664E-14
66	160	0	2.44E-14	1.5616E-14	66	161	0	6.48E-13	4.1472E-13
66	162	0	1.35E-11	8.64E-12	66	163	0	8.87E-11	5.6768E-11
66	164	0	4.78E-10	3.0592E-10	66	165	0	1.26E-9	8.064E-10
66	165	1	1.88E-10	1.2032E-10	66	166	0	1.87E-9	1.1968E-9
66	167	0	1.85E-9	1.184E-9	66	168	0	8.8E-10	5.632E-10
66	169	0	4.17E-10	2.6688E-10	66	170	0	5.91E-11	3.7824E-11
66	171	0	1.77E-11	1.1328E-11	66	172	0	1.85E-12	1.184E-12
67	163	0	1.42E-14	9.088E-15	67	164	0	7.17E-14	4.5888E-14
67	164	1	1.67E-13	1.0688E-13	67	165	0	3.13E-12	2.0032E-12
67	166	0	3.15E-12	2.016E-12	67	166	1	7.35E-12	4.704E-12
67	167	0	4.22E-11	2.7008E-11	67	168	0	4.79E-11	3.0656E-11
67	169	0	8.32E-11	5.3248E-11	67	170	0	1.27E-11	8.128E-12
67	170	1	1.27E-11	8.128E-12	67	171	0	2.59E-11	1.6576E-11
67	172	0	5.76E-12	3.6864E-12	68	167	0	2.89E-14	1.8496E-14
68	168	0	1.61E-13	1.0304E-13	68	169	0	7.19E-13	4.6016E-13
68	170	0	8.77E-13	5.6128E-13	68	171	0	2.09E-12	1.3376E-12
68	172	0	1.67E-12	1.0688E-12	69	171	0	1.09E-14	6.976E-15
69	172	0	2.22E-14	1.4208E-14