Z	A	FPS	Yield	Uncertainty	Z	A	FPS	Yield	Uncertainty
23	66	0	1.78916E-18	1.14506E-18	24	66	0	5.44982E-14	3.48789E-14
25	66	0	2.23E-11	1.4272E-11	25	67	0	6.36E-12	4.0704E-12
25	68	0	3.03E-12	1.9392E-12	25	70	0	9.76E-14	6.2464E-14
25	72	0	1.58234E-16	1.0127E-16	25	73	0	1.81496E-17	1.16157E-17
26	66	0	5.56E-10	3.5584E-10	26	67	0	4.47E-10	2.8608E-10
26	68	0	6.21E-10	3.9744E-10	26	69	0	4.21E-12	2.6944E-12
26	70	0	1.83E-10	1.1712E-10	26	71	0	3.75E-11	2.4E-11
26	72	0	4.81984E-12	3.0847E-12	26	73	0	4.04982E-13	2.59188E-13
26	74	0	1.62E-14	1.0368E-14	26	75	0	1.27454E-15	8.15709E-16
27	66	0	1.1E-9	7.04E-10	27	67	0	2.25E-9	1.44E-9
27	68	0	8.21E-9	5.2544E-9	27	69	0	1.53E-10	9.792E-11
27	70	0	1.9E-8	1.216E-8	27	71	0	1.15E-8	7.36E-9
27	72	0	4.46E-9	2.8544E-9	27	73	0	1.15E-9	7.36E-10
27	74	0	1.43E-10	9.152E-11	27	75	0	1.27987E-11	8.19118E-12
27	76	0	1.71E-12	1.0944E-12	27	77	0	3.38792E-14	2.16827E-14
27	78	0	2.22578E-15	1.4245E-15	28	66	0	1.9E-10	1.216E-10
28	67	0	9.95E-10	6.368E-10	28	68	0	9.09E-9	5.8176E-9
28	69	0	4.25E-10	2.72E-10	28	70	0	1.36E-7	8.704E-8
28	71	0	2.2E-7	1.408E-7	28	72	0	2.38E-7	1.5232E-7
28	73	0	1.78E-7	1.1392E-7	28	74	0	6.57E-8	4.2048E-8
28	75	0	1.79E-8	1.1456E-8	28	76	0	7.37E-9	4.7168E-9
28	77	0	7.55966E-10	4.83818E-10	28	78	0	6.77978E-11	4.33906E-11
28	79	0	2.54909E-12	1.63142E-12	28	80	0	1.24E-13	7.936E-14
29	66	0	2.32E-12	1.4848E-12	29	67	0	3.44E-11	2.2016E-11
29	68	0	2.31E-10	1.4784E-10	29	68	1	6.25E-10	4.0E-10
29	69	0	1.04E-10	6.656E-11	29	70	0	1.86E-8	1.1904E-8
29	70	1	6.59E-8	4.2176E-8	29	71	0	3.41E-7	2.1824E-7
29	72	0	9.31E-7	5.9584E-7	29	73	0	1.81E-6	1.1584E-6
29	74	0	1.82E-6	1.1648E-6	29	75	0	1.41E-6	9.024E-7
29	76	0	1.7E-6	1.088E-6	29	77	0	5.22E-7	3.3408E-7
29	78	0	1.43E-7	9.152E-8	29	79	0	2.55975E-8	1.63824E-8
29	80	0	2.53E-9	1.6192E-9	29	81	0	1.33E-10	8.512E-11
29	82	0	2.99E-12	1.9136E-12	29	83	0	6.00505E-14	3.84323E-14
30	67	0	7.15E-14	4.576E-14	30	68	0	5.31E-12	3.3984E-12
30	69	0	3.19E-13	2.0416E-13	30	69	1	1.56E-12	9.984E-13
30	70	0	4.25E-9	2.72E-9	30	71	0	7.81E-9	4.9984E-9
30	71	1	3.81E-8	2.4384E-8	30	72	0	3.23E-7	2.0672E-7
30	73	0	1.58E-6	1.0112E-6	30	74	0	3.97E-6	2.5408E-6
30	75	0	7.8E-6	4.992E-6	30	76	0	2.489E-5	1.59296E-5
30	77	0	2.117E-5	1.35488E-5	30	78	0	1.665E-5	1.0656E-5
30	79	0	8.8E-6	5.632E-6	30	80	0	2.63E-6	1.6832E-6
30	81	0	4.66E-7	2.9824E-7	30	82	0	3.56E-8	2.2784E-8
30	83	0	1.33994E-9	8.57562E-10	30	84	0	3.38E-11	2.1632E-11
30	85	0	1.16501E-12	7.45609E-13	31	70	0	1.33E-11	8.512E-12
31	71	0	4.23E-10	2.7072E-10	31	72	1	4.26E-9	2.7264E-9
31	72	0	4.26E-9	2.7264E-9	31	73	0	1.15E-7	7.36E-8
31	74	1	3.805E-7	2.4352E-7	31	74	0	3.805E-7	2.4352E-7
31	75	0	3.81E-6	2.4384E-6	31	76	0	3.034E-5	1.94176E-5
31	77	0	6.477E-5	4.14528E-5	31	78	0	1.3155E-4	8.4192E-5
31	79	0	1.8707E-4	1.19725E-4	31	80	0	1.5689E-4	1.0041E-4
31	81	0	8.779E-5	5.61856E-5	31	82	0	2.188E-5	1.40032E-5
31	83	0	2.83E-6	1.8112E-6	31	84	0	2.49E-7	1.5936E-7
31	85	0	1.16988E-8	7.48725E-9	31	86	0	3.65E-10	2.336E-10
31	87	0	4.97433E-12	3.18357E-12	31	88	0	1.35582E-13	8.67725E-14
32	71	0	1.08E-13	6.912E-14	32	71	1	1.08E-13	6.912E-14
32	72	0	1.33E-11	8.512E-12	32	73	0	4.44E-10	2.8416E-10
32	73	1	9.09E-11	5.8176E-11	32	74	0	1.04E-8	6.656E-9
32	75	0	1.76E-8	1.1264E-8	32	75	1	1.29E-7	8.256E-8
32	76	0	3.17E-6	2.0288E-6	32	77	0	1.548E-5	9.9072E-6
32	77	1	2.11E-6	1.3504E-6	32	78	0	9.004E-5	5.76256E-5
32	79	1	1.5969E-4	1.02202E-4	32	79	0	1.5969E-4	1.02202E-4
32	80	0	6.7804E-4	4.33946E-4	32	81	0	0.00107252	6.86413E-4
32	82	0	7.9571E-4	5.09254E-4	32	83	0	3.2896E-4	2.10534E-4
32	84	0	9.635E-5	6.1664E-5	32	85	0	1.54E-5	9.856E-6
32	86	0	1.57E-6	1.0048E-6	32	87	0	1.10995E-7	7.10368E-8
32	88	0	4.12986E-9	2.64311E-9	32	89	0	6.85068E-11	4.38443E-11
32	90	0	4.80384E-12	3.07445E-12	33	73	0	1.34E-13	8.576E-14
33	74	0	2.16E-12	1.3824E-12	33	74	1	5.83E-12	3.7312E-12
33	75	0	3.43E-10	2.1952E-10	33	76	0	2.2E-8	1.408E-8
33	77	0	3.53E-7	2.2592E-7	33	78	0	5.03E-6	3.2192E-6
33	79	0	4.762E-5	3.04768E-5	33	80	0	2.5953E-4	1.66099E-4
33	81	0	0.00110562	7.07597E-4	33	82	0	0.00110365	7.06336E-4
33	82	1	0.00110377	7.06413E-4	33	83	0	0.00259777	0.00166257
33	84	1	0.00113829	7.28506E-4	33	84	0	0.00113829	7.28506E-4
33	85	0	0.00114453	7.32499E-4	33	86	0	3.6179E-4	2.31546E-4
33	87	0	8.144E-5	5.21216E-5	33	88	0	9.81E-6	6.2784E-6
33	89	0	6.87932E-7	4.40276E-7	33	90	0	3.53374E-8	2.2616E-8
33	91	0	2.30343E-10	1.47419E-10	33	92	0	9.45463E-12	6.05096E-12
33	93	0	2.03763E-12	1.30409E-12	34	75	0	4.18E-14	2.6752E-14
34	76	0	8.33E-12	5.3312E-12	34	77	0	4.92E-11	3.1488E-11
34	77	1	3.61E-10	2.3104E-10	34	78	0	1.76E-8	1.1264E-8
34	79	0	4.32E-7	2.7648E-7	34	79	1	5.89E-8	3.7696E-8
34	80	0	7.63E-6	4.8832E-6	34	81	0	1.157E-5	7.4048E-6
34	81	1	8.482E-5	5.42848E-5	34	82	0	5.4297E-4	3.47501E-4
34	83	0	0.00149015	9.53696E-4	34	83	1	3.0244E-4	1.93562E-4
34	84	0	0.0039795	0.00179078	34	85	0	0.00301921	0.00193229
34	85	1	0.0030041	0.00192262	34	86	0	0.00530253	0.00339362
34	87	0	0.00348773	0.00223215	34	88	0	0.00127779	8.17786E-4
34	89	0	2.8143E-4	1.80115E-4	34	90	0	5.52247E-5	3.53438E-5
34	91	0	5.13977E-6	3.28945E-6	34	92	0	2.87991E-7	1.84314E-7
34	93	0	4.54669E-8	2.90988E-8	34	94	0	1.77E-10	1.1328E-10
34	95	0	6.74692E-12	4.31803E-12	34	96	0	1.38E-14	8.832E-15
35	77	1	1.92E-14	1.2288E-14	35	78	0	3.26E-12	2.0864E-12
35	79	0	5.91E-11	3.7824E-11	35	79	1	2.22E-10	1.4208E-10
35	80	0	2.93E-9	1.8752E-9	35	80	1	1.04E-8	6.656E-9
35	81	0	5.49E-7	3.5136E-7	35	82	0	7.12E-6	4.5568E-6
35	82	1	2.63E-6	1.6832E-6	35	83	0	9.937E-5	6.35968E-5
35	84	0	2.2606E-4	1.44678E-4	35	84	1	4.8038E-4	3.07443E-4
35	85	0	0.00269963	0.00172776	35	86	0	0.00315499	0.00201919
35	86	1	0.00323402	0.00206977	35	87	0	0.0112024	0.00257656
35	88	0	0.0111744	0.0071516	35	89	0	0.0070157	0.00449005
35	90	0	0.00399455	0.00255651	35	91	0	0.00114979	7.35866E-4
35	92	0	2.0471E-4	1.31014E-4	35	93	0	2.34245E-5	1.49917E-5
35	94	0	1.43E-6	9.152E-7	35	95	0	6.77512E-8	4.33608E-8
35	96	0	1.28E-9	8.192E-10	35	97	0	1.33097E-11	8.5182E-12
35	98	0	3.19422E-13	2.0443E-13	36	80	0	1.2E-12	7.68E-13
36	81	0	1.49E-10	9.536E-11	36	81	1	2.03E-11	1.2992E-11
36	82	0	1.01E-8	6.464E-9	36	83	0	2.92E-7	1.8688E-7
36	83	1	5.98E-8	3.8272E-8	36	84	0	8.14E-6	5.2096E-6
36	85	0	8.5E-5	5.44E-5	36	85	1	1.741E-5	1.11424E-5
36	86	0	6.7571E-4	4.32454E-4	36	87	0	0.00226714	0.00145097
36	88	0	0.00825004	0.00371252	36	89	0	0.0142355	0.00455536
36	90	0	0.0204937	0.00655799	36	91	0	0.0164198	0.00525435
36	92	0	0.00852867	0.00545835	36	93	0	0.00305605	0.00195587
36	94	0	6.0032E-4	3.84205E-4	36	95	0	7.75622E-5	4.96398E-5
36	96	0	5.87E-6	3.7568E-6	36	97	0	2.96987E-7	1.90071E-7
36	98	0	9.72968E-9	6.227E-9	36	99	0	6.38067E-11	4.08363E-11
36	100	0	3.21E-12	2.0544E-12	37	83	0	6.52E-11	4.1728E-11
37	84	0	5.25E-9	3.36E-9	37	85	0	2.26E-7	1.4464E-7
37	86	1	2.345E-6	1.5008E-6	37	86	0	2.345E-6	1.5008E-6
37	87	0	6.572E-5	4.20608E-5	37	88	0	6.406E-4	4.09984E-4
37	89	0	0.00387896	0.00248253	37	90	0	0.00158566	0.00101482
37	90	1	0.0077406	0.00495398	37	91	0	0.0198316	0.00456127
37	92	0	0.0268829	0.00860251	37	93	0	0.0267332	0.00855462
37	94	0	0.0153732	0.00491942	37	95	0	0.0061011	0.0039047
37	96	0	0.00143067	9.15629E-4	37	97	0	2.3731E-4	1.51878E-4
37	98	0	2.457E-5	1.57248E-5	37	99	0	6.40735E-7	4.1007E-7
37	100	0	8.13E-8	5.2032E-8	37	101	0	3.85847E-10	2.46942E-10
37	102	0	1.48385E-11	9.49665E-12	37	103	0	2.86588E-12	1.83416E-12
38	84	0	1.7E-13	1.088E-13	38	85	1	1.295E-11	8.288E-12
38	85	0	1.295E-11	8.288E-12	38	86	0	1.78E-9	1.1392E-9
38	87	0	6.72E-8	4.3008E-8	38	87	1	1.38E-8	8.832E-9
38	88	0	2.52E-6	1.6128E-6	38	89	0	2.929E-5	1.87456E-5
38	90	0	3.3124E-4	2.11994E-4	38	91	0	0.00196424	0.00125711
38	92	0	0.00771415	0.00493706	38	93	0	0.0189393	0.00606058
38	94	0	0.03091	0.00989121	38	95	0	0.0337817	0.0108102
38	96	0	0.0221183	0.00707785	38	97	0	0.0110311	0.00352995
38	98	0	0.00338529	0.00216659	38	99	0	7.33519E-4	4.69452E-4
38	100	0	1.039E-4	6.6496E-5	38	101	0	8.60961E-6	5.51015E-6
38	102	0	4.51985E-7	2.89271E-7	38	103	0	6.3948E-8	4.09268E-8
38	104	0	2.58E-10	1.6512E-10	38	105	0	5.02434E-12	3.21558E-12
39	87	0	5.1E-12	3.264E-12	39	88	0	5.26E-10	3.3664E-10
39	89	0	3.97E-9	2.5408E-9	39	89	1	1.94E-8	1.2416E-8
39	90	1	3.55E-7	2.272E-7	39	90	0	3.55E-7	2.272E-7
39	91	1	6.805E-6	4.3552E-6	39	91	0	6.805E-6	4.3552E-6
39	92	0	1.4503E-4	9.28192E-5	39	93	1	6.25235E-4	4.0015E-4
39	93	0	6.25235E-4	4.0015E-4	39	94	0	0.00549833	0.00351893
39	95	0	0.0164322	0.00525829	39	96	0	0.00254493	0.00162876
39	96	1	0.0257618	0.00824376	39	97	1	0.0190836	0.0122135
39	97	0	0.0190836	0.0122135	39	98	0	0.0155908	0.00498905
39	98	1	0.0155903	0.0049889	39	99	0	0.0183062	0.00585797
39	100	0	0.00751153	0.00480738	39	101	0	0.00187045	0.00119709
39	102	0	3.0347E-4	1.94221E-4	39	103	0	3.29461E-5	2.10855E-5
39	104	0	1.74E-6	1.1136E-6	39	105	0	5.04534E-8	3.22902E-8
39	106	0	1.2442E-10	7.9629E-11	40	89	0	8.06E-13	5.1584E-13
40	90	1	3.955E-11	2.5312E-11	40	90	0	3.955E-11	2.5312E-11
40	91	0	5.01E-9	3.2064E-9	40	92	0	2.0E-7	1.28E-7
40	93	0	4.78E-6	3.0592E-6	40	94	0	6.932E-5	4.43648E-5
40	95	0	6.357E-4	4.06848E-4	40	96	0	0.00311015	0.0019905
40	97	0	0.0117142	0.00374854	40	98	0	0.0245175	0.00563903
40	99	0	0.0361179	0.0115577	40	100	0	0.0386483	0.0123675
40	101	0	0.026067	0.00834144	40	102	0	0.0119751	0.00383204
40	103	0	0.00383979	0.00245747	40	104	0	6.1692E-4	3.94829E-4
40	105	0	5.77595E-5	3.69661E-5	40	106	0	3.78988E-6	2.42552E-6
40	107	0	1.95004E-13	1.24803E-13	40	108	0	1.01E-14	6.464E-15
40	109	0	2.88785E-16	1.84822E-16	40	111	0	9.88181E-13	6.32436E-13
40	112	0	3.31209E-14	2.11974E-14	41	91	0	9.15E-14	5.856E-14
41	92	0	1.22E-11	7.808E-12	41	93	0	8.22E-10	5.2608E-10
41	93	1	1.68E-10	1.0752E-10	41	94	0	3.08E-8	1.9712E-8
41	94	1	1.81E-8	1.1584E-8	41	95	0	1.23E-6	7.872E-7
41	95	1	2.52E-7	1.6128E-7	41	96	0	2.287E-5	1.46368E-5
41	97	0	2.2663E-4	1.45043E-4	41	97	1	4.642E-5	2.97088E-5
41	98	0	0.00125685	8.04384E-4	41	98	1	3.5482E-4	2.27085E-4
41	99	0	5.0142E-4	3.20909E-4	41	99	1	0.0057658	0.00369011
41	100	0	0.00877021	0.00561293	41	100	1	0.00877021	0.00561293
41	101	0	0.0302765	0.00968849	41	102	1	0.017877	0.0114413
41	102	0	0.017877	0.0114413	41	103	0	0.0303394	0.0097086
41	104	1	0.00673033	0.00430741	41	104	0	0.00673033	0.00430741
41	105	0	0.00384567	0.00246123	41	106	0	7.7679E-4	4.97146E-4
41	107	0	2.62E-6	1.6768E-6	41	108	0	1.65E-7	1.056E-7
41	109	0	3.88E-9	2.4832E-9	41	110	0	4.95E-11	3.168E-11
41	111	0	9.92311E-9	6.35079E-9	41	112	0	2.4364E-10	1.5593E-10
41	113	0	3.33383E-13	2.13365E-13	41	114	0	5.77783E-15	3.69781E-15
42	93	1	5.1E-15	3.264E-15	42	93	0	5.1E-15	3.264E-15
42	94	0	1.74E-12	1.1136E-12	42	95	0	1.8E-10	1.152E-10
42	96	0	9.19E-9	5.8816E-9	42	97	0	3.57E-7	2.2848E-7
42	98	0	6.71E-6	4.2944E-6	42	99	0	7.641E-5	4.89024E-5
42	100	0	6.2281E-4	3.98598E-4	42	101	0	0.00300137	0.00192088
42	102	0	0.00947005	0.00606083	42	103	0	0.0202048	0.00646553
42	104	0	0.0235218	0.00752697	42	105	0	0.018357	0.00587424
42	106	0	0.0102751	0.00328804	42	107	0	0.003872	0.00247808
42	108	0	0.001146	7.3344E-4	42	109	0	1.4209E-4	9.09376E-5
42	110	0	1.158E-5	7.4112E-6	42	111	0	1.13601E-5	7.27045E-6
42	112	0	3.80756E-7	2.43684E-7	42	113	0	7.43897E-9	4.76094E-9
42	114	0	1.75994E-10	1.12636E-10	42	115	0	6.94421E-13	4.44429E-13
42	116	0	3.79E-14	2.4256E-14	43	97	1	1.23E-11	7.872E-12
43	97	0	1.23E-11	7.872E-12	43	98	0	1.49E-9	9.536E-10
43	99	0	4.3E-8	2.752E-8	43	99	1	8.81E-9	5.6384E-9
43	100	0	1.33E-6	8.512E-7	43	101	0	1.97E-5	1.2608E-5
43	102	0	9.244E-5	5.91616E-5	43	102	1	9.244E-5	5.91616E-5
43	103	0	0.00115993	7.42355E-4	43	104	0	0.00359481	0.00230068
43	105	0	0.00860098	0.00387044	43	106	0	0.0111715	0.00357488
43	107	0	0.0129532	0.00414501	43	108	0	0.0109666	0.0035093
43	109	0	0.00510145	0.00326493	43	110	0	0.00172865	0.00110634
43	111	0	2.8353E-4	1.81459E-4	43	112	0	4.695E-5	3.0048E-5
43	113	0	3.83256E-6	2.45284E-6	43	114	0	3.51E-7	2.2464E-7
43	115	0	6.97323E-9	4.46287E-9	43	116	0	8.49E-10	5.4336E-10
43	117	0	2.89945E-12	1.85565E-12	43	118	0	1.07021E-13	6.84935E-14
43	119	0	3.47755E-15	2.22563E-15	44	98	0	1.62E-14	1.0368E-14
44	99	0	1.79E-12	1.1456E-12	44	100	0	1.49E-10	9.536E-11
44	101	0	7.03E-9	4.4992E-9	44	102	0	2.09E-7	1.3376E-7
44	103	0	4.06E-6	2.5984E-6	44	104	0	3.817E-5	2.44288E-5
44	105	0	2.537E-4	1.62368E-4	44	106	0	0.00111489	7.1353E-4
44	107	0	2.984E-4	1.90976E-4	44	108	0	8.5105E-4	5.44672E-4
44	109	1	5.6371E-4	3.60774E-4	44	109	0	5.6371E-4	3.60774E-4
44	110	0	0.0012737	8.15168E-4	44	111	0	5.5963E-4	3.58163E-4
44	112	0	3.9035E-4	2.49824E-4	44	113	0	1.2525E-4	8.016E-5
44	114	0	3.863E-5	2.47232E-5	44	115	0	7.98303E-6	5.10914E-6
44	116	0	9.65E-7	6.176E-7	44	117	0	6.46971E-8	4.14061E-8
44	118	0	3.25989E-9	2.08633E-9	44	119	0	7.75965E-11	4.96618E-11
44	120	0	9.41E-13	6.0224E-13	44	121	0	2.50926E-14	1.60593E-14
45	101	0	2.12E-14	1.3568E-14	45	101	1	1.03E-13	6.592E-14
45	102	0	6.0E-12	3.84E-12	45	102	1	6.0E-12	3.84E-12
45	103	0	8.39E-11	5.3696E-11	45	103	1	6.15E-10	3.936E-10
45	104	0	4.96E-9	3.1744E-9	45	104	1	1.76E-8	1.1264E-8
45	105	0	4.37E-7	2.7968E-7	45	105	1	5.95E-8	3.808E-8
45	106	0	3.16E-6	2.0224E-6	45	106	1	3.16E-6	2.0224E-6
45	107	0	5.75E-9	3.68E-9	45	108	0	4.05E-8	2.592E-8
45	108	1	4.05E-8	2.592E-8	45	109	0	2.75E-7	1.76E-7
45	109	1	2.75E-7	1.76E-7	45	110	0	1.71E-6	1.0944E-6
45	110	1	1.71E-6	1.0944E-6	45	111	0	9.707E-5	6.21248E-5
45	112	0	2.8036E-4	1.7943E-4	45	113	0	3.1517E-4	2.01709E-4
45	114	0	2.9009E-4	1.85658E-4	45	115	0	1.6538E-4	1.05843E-4
45	116	0	6.246E-5	3.99744E-5	45	117	0	1.367E-5	8.7488E-6
45	118	0	2.39E-6	1.5296E-6	45	119	0	2.02E-7	1.2928E-7
45	120	0	9.1E-9	5.824E-9	45	121	0	2.51975E-10	1.61264E-10
45	122	0	5.17E-12	3.3088E-12	45	123	0	7.55E-14	4.832E-14
46	104	0	6.68E-13	4.2752E-13	46	105	0	5.46E-11	3.4944E-11
46	106	0	2.12E-9	1.3568E-9	46	109	0	3.82E-14	2.4448E-14
46	109	1	8.5E-14	5.44E-14	46	110	0	5.08E-12	3.2512E-12
46	111	0	3.67E-7	2.3488E-7	46	111	1	8.17E-7	5.2288E-7
46	112	0	1.651E-5	1.05664E-5	46	113	0	7.019E-5	4.49216E-5
46	114	0	1.8921E-4	1.21094E-4	46	115	0	2.7562E-4	1.76397E-4
46	116	0	2.9085E-4	1.86144E-4	46	117	0	1.8559E-4	1.18778E-4
46	118	0	1.0234E-4	6.54976E-5	46	119	0	2.859E-5	1.82976E-5
46	120	0	4.56E-6	2.9184E-6	46	121	0	4.46E-7	2.8544E-7
46	122	0	3.19E-8	2.0416E-8	46	123	0	1.59E-9	1.0176E-9
46	130	0	2.82E-14	1.8048E-14	47	106	1	2.58E-14	1.6512E-14
47	111	0	9.72E-11	6.2208E-11	47	111	1	7.13E-10	4.5632E-10
47	112	0	6.14E-8	3.9296E-8	47	113	0	1.36E-7	8.704E-8
47	113	1	9.939999E-7	6.3616E-7	47	114	0	1.002E-5	6.4128E-6
47	115	0	2.004E-5	1.28256E-5	47	115	1	2.004E-5	1.28256E-5
47	116	0	5.988E-5	3.83232E-5	47	116	1	5.988E-5	3.83232E-5
47	117	0	1.0522E-4	6.73408E-5	47	117	1	1.0522E-4	6.73408E-5
47	118	0	1.6444E-4	1.05242E-4	47	118	1	1.6444E-4	1.05242E-4
47	119	0	2.7022E-4	1.72941E-4	47	120	1	6.8625E-5	4.392E-5
47	120	0	6.8625E-5	4.392E-5	47	121	0	4.382E-5	2.80448E-5
47	122	1	5.18E-6	3.3152E-6	47	122	0	5.18E-6	3.3152E-6
47	123	0	1.71E-6	1.0944E-6	47	124	0	5.01E-11	3.2064E-11
47	125	0	7.98E-12	5.1072E-12	47	126	0	7.44E-13	4.7616E-13
47	127	0	6.74E-14	4.3136E-14	47	129	0	4.11994E-16	2.63676E-16
47	130	0	1.88E-9	1.2032E-9	47	131	0	1.69844E-11	1.087E-11
47	132	0	4.46469E-13	2.8574E-13	48	111	1	2.2E-14	1.408E-14
48	112	0	1.21E-11	7.744E-12	48	113	0	2.18E-10	1.3952E-10
48	113	1	8.2E-10	5.248E-10	48	114	0	3.31E-8	2.1184E-8
48	115	0	8.43E-8	5.3952E-8	48	115	1	3.17E-7	2.0288E-7
48	116	0	3.82E-6	2.4448E-6	48	117	0	4.27E-6	2.7328E-6
48	117	1	1.606E-5	1.02784E-5	48	118	0	9.381E-5	6.00384E-5
48	119	0	1.0944E-4	7.00416E-5	48	119	1	1.0944E-4	7.00416E-5
48	120	0	3.2106E-4	2.05478E-4	48	121	1	1.4865E-4	9.5136E-5
48	121	0	1.4865E-4	9.5136E-5	48	122	0	2.0872E-4	1.33581E-4
48	123	0	1.046E-4	6.6944E-5	48	124	0	5.82E-6	3.7248E-6
48	125	0	2.98E-6	1.9072E-6	48	126	0	8.99E-7	5.7536E-7
48	127	0	3.11E-7	1.9904E-7	48	128	0	1.48E-7	9.472E-8
48	129	0	1.23E-8	7.872E-9	48	130	0	6.2E-6	3.968E-6
48	131	0	3.78983E-7	2.42549E-7	48	132	0	1.35996E-8	8.70371E-9
48	133	0	1.76246E-10	1.12797E-10	48	134	0	1.59E-12	1.0176E-12
49	113	0	4.01E-14	2.5664E-14	49	114	0	1.27E-12	8.128E-13
49	114	1	4.51E-12	2.8864E-12	49	115	0	1.85E-10	1.184E-10
49	115	1	3.8E-11	2.432E-11	49	116	2	2.42667E-9	1.55307E-9
49	116	0	2.42667E-9	1.55307E-9	49	116	1	2.42667E-9	1.55307E-9
49	117	0	1.08E-7	6.912E-8	49	117	1	2.21E-8	1.4144E-8
49	118	2	2.185E-7	1.3984E-7	49	118	0	1.55E-6	9.92E-7
49	118	1	2.185E-7	1.3984E-7	49	119	0	1.22E-5	7.808E-6
49	119	1	2.5E-6	1.6E-6	49	120	2	2.212E-5	1.41568E-5
49	120	0	2.212E-5	1.41568E-5	49	120	1	2.212E-5	1.41568E-5
49	121	0	1.4615E-4	9.3536E-5	49	121	1	2.993E-5	1.91552E-5
49	122	2	1.13187E-4	7.24395E-5	49	122	0	1.13187E-4	7.24395E-5
49	122	1	1.13187E-4	7.24395E-5	49	123	0	3.8463E-4	2.46163E-4
49	123	1	7.878E-5	5.04192E-5	49	124	1	2.4224E-4	1.55034E-4
49	124	0	2.4224E-4	1.55034E-4	49	125	0	3.3187E-4	2.12397E-4
49	125	1	3.3187E-4	2.12397E-4	49	126	1	2.81865E-4	1.80394E-4
49	126	0	2.81865E-4	1.80394E-4	49	127	0	3.3049E-4	2.11514E-4
49	127	1	3.3049E-4	2.11514E-4	49	128	1	5.966E-4	3.81824E-4
49	128	0	5.966E-4	3.81824E-4	49	129	0	2.0892E-4	1.33709E-4
49	129	1	2.0892E-4	1.33709E-4	49	130	2	3.67447E-4	2.35166E-4
49	130	1	3.67447E-4	2.35166E-4	49	130	0	3.67447E-4	2.35166E-4
49	131	1	1.13255E-4	7.24832E-5	49	131	0	1.13255E-4	7.24832E-5
49	132	0	2.883E-5	1.84512E-5	49	133	0	1.76982E-6	1.13269E-6
49	134	0	4.84E-8	3.0976E-8	49	135	0	2.11969E-10	1.3566E-10
49	136	0	7.32E-12	4.6848E-12	50	116	0	7.2E-13	4.608E-13
50	117	1	2.245E-11	1.4368E-11	50	117	0	2.245E-11	1.4368E-11
50	118	0	2.45E-9	1.568E-9	50	119	0	1.32E-8	8.448E-9
50	119	1	4.97E-8	3.1808E-8	50	120	0	9.829999E-7	6.2912E-7
50	121	0	2.18E-6	1.3952E-6	50	121	1	6.21E-6	3.9744E-6
50	122	0	4.813E-5	3.08032E-5	50	123	0	1.345E-4	8.608E-5
50	123	1	4.726E-5	3.02464E-5	50	124	0	2.3683E-4	1.51571E-4
50	125	0	4.7444E-4	3.03642E-4	50	125	1	1.667E-4	1.06688E-4
50	126	0	0.00107322	4.82949E-4	50	127	0	0.002081	0.00133184
50	127	1	7.3014E-4	4.6729E-4	50	128	1	0.00634915	0.00406346
50	128	0	0.00634915	0.00406346	50	129	0	0.00960353	0.00614626
50	129	1	0.00336782	0.0021554	50	130	1	0.00640185	0.00409718
50	130	0	0.00640185	0.00409718	50	131	1	0.00400841	0.00256538
50	131	0	0.00400841	0.00256538	50	132	0	0.00335361	0.00214631
50	133	0	7.4424E-4	4.76314E-4	50	134	0	7.379E-5	4.72256E-5
50	135	0	4.72979E-6	3.02706E-6	50	136	0	1.5E-7	9.6E-8
50	137	0	2.81E-9	1.7984E-9	50	138	0	5.24E-11	3.3536E-11
50	139	0	1.87199E-12	1.19807E-12	51	118	0	5.7E-14	3.648E-14
51	118	1	9.71E-14	6.2144E-14	51	119	0	1.44E-11	9.216E-12
51	120	0	3.06E-10	1.9584E-10	51	120	1	5.21E-10	3.3344E-10
51	121	0	2.47E-8	1.5808E-8	51	122	0	2.02E-7	1.2928E-7
51	122	1	2.67E-7	1.7088E-7	51	123	0	5.49E-6	3.5136E-6
51	124	2	1.12667E-7	7.21067E-8	51	124	0	1.12667E-7	7.21067E-8
51	124	1	1.12667E-7	7.21067E-8	51	125	0	2.59E-6	1.6576E-6
51	126	2	3.395E-6	2.1728E-6	51	126	0	4.92E-6	3.1488E-6
51	126	1	3.395E-6	2.1728E-6	51	127	0	8.757E-5	5.60448E-5
51	128	0	4.614E-4	2.95296E-4	51	128	1	6.3717E-4	4.07789E-4
51	129	0	0.0041989	0.0026873	51	130	0	0.00496238	0.00158796
51	130	1	0.00735411	0.00470663	51	131	0	0.0215743	0.00690378
51	132	0	0.014044	0.00449409	51	132	1	0.0124541	0.00398532
51	133	0	0.019058	0.00609857	51	134	1	0.00315244	0.00201756
51	134	0	0.00315244	0.00201756	51	135	0	0.00140825	9.0128E-4
51	136	0	1.5599E-4	9.98336E-5	51	137	0	9.84E-6	6.2976E-6
51	138	0	6.25E-7	4.0E-7	51	139	0	1.87981E-8	1.20308E-8
51	140	0	7.61623E-11	4.87439E-11	51	141	0	9.42069E-12	6.02924E-12
52	120	0	3.52E-14	2.2528E-14	52	121	1	1.915E-12	1.2256E-12
52	121	0	1.915E-12	1.2256E-12	52	122	0	2.53E-10	1.6192E-10
52	123	0	2.07E-9	1.3248E-9	52	123	1	7.8E-9	4.992E-9
52	124	0	2.48E-13	1.5872E-13	52	125	0	1.25E-12	8.0E-13
52	125	1	4.69E-12	3.0016E-12	52	126	0	8.94E-11	5.7216E-11
52	127	0	6.49E-10	4.1536E-10	52	127	1	1.85E-9	1.184E-9
52	128	0	1.22E-7	7.808E-8	52	129	0	3.5E-7	2.24E-7
52	129	1	9.97E-7	6.3808E-7	52	130	0	0.00103985	6.65504E-4
52	131	0	0.00135411	8.6663E-4	52	131	1	0.00473989	0.00109017
52	132	0	0.0176351	0.00405606	52	133	0	0.0100387	0.00321238
52	133	1	0.0275504	0.00440807	52	134	0	0.0375285	0.00300228
52	135	0	0.0261893	0.00838058	52	136	0	0.0092884	0.00594458
52	137	0	0.00185324	0.00118607	52	138	0	3.8409E-4	2.45818E-4
52	139	0	3.742E-5	2.39488E-5	52	140	0	2.31992E-6	1.48475E-6
52	141	0	2.10209E-7	1.34534E-7	52	142	0	2.08E-9	1.3312E-9
52	143	0	2.36972E-11	1.51662E-11	52	144	0	2.12982E-12	1.36309E-12
53	123	0	9.19E-13	5.8816E-13	53	129	0	2.79E-13	1.7856E-13
53	130	0	4.08E-6	2.6112E-6	53	130	1	1.51E-6	9.664E-7
53	131	0	9.106E-5	5.82784E-5	53	132	1	5.10225E-4	3.26544E-4
53	132	0	5.10225E-4	3.26544E-4	53	133	1	0.00359889	0.00230329
53	133	0	0.00359889	0.00230329	53	134	0	0.0146133	0.00336106
53	134	1	0.0109858	0.00351547	53	135	0	0.0395783	0.00633253
53	136	0	0.0200722	0.0064231	53	136	1	0.020048	0.00641535
53	137	0	0.022662	0.00521227	53	138	0	0.0139682	0.00446982
53	139	0	0.0041147	0.00263341	53	140	0	8.2232E-4	5.26285E-4
53	141	0	1.083E-4	6.93119E-5	53	142	0	7.71E-6	4.9344E-6
53	143	0	2.37963E-7	1.52296E-7	53	144	0	1.56672E-8	1.0027E-8
53	145	0	5.64654E-11	3.61378E-11	53	146	0	1.2639E-12	8.08896E-13
54	130	0	1.62E-9	1.0368E-9	54	131	0	2.35E-8	1.504E-8
54	131	1	6.69E-8	4.2816E-8	54	132	0	3.35E-6	2.144E-6
54	133	0	2.188E-5	1.40032E-5	54	133	1	6.228E-5	3.98592E-5
54	134	0	2.6471E-4	1.69414E-4	54	134	1	7.157E-4	4.58048E-4
54	135	0	0.00162933	0.00104277	54	135	1	0.00383529	0.00245459
54	136	0	0.0153661	0.00491716	54	137	0	0.0360635	0.00577015
54	138	0	0.0385073	0.0042358	54	139	0	0.0308752	0.00988006
54	140	0	0.0179348	0.00573915	54	141	0	0.0070205	0.00449312
54	142	0	0.0015381	9.84384E-4	54	143	1	1.36211E-4	8.7175E-5
54	143	0	1.36211E-4	8.7175E-5	54	144	0	2.44843E-5	1.567E-5
54	145	0	1.25994E-6	8.06364E-7	54	146	0	3.84987E-8	2.46392E-8
54	147	0	5.7364E-11	3.6713E-11	54	148	0	6.64E-12	4.2496E-12
54	149	0	5.17122E-13	3.30958E-13	55	131	0	4.61E-12	2.9504E-12
55	132	0	6.21E-10	3.9744E-10	55	133	0	5.93E-8	3.7952E-8
55	134	1	1.25E-6	8.0E-7	55	134	0	1.25E-6	8.0E-7
55	135	1	2.441E-5	1.56224E-5	55	135	0	2.441E-5	1.56224E-5
55	136	1	2.9268E-4	1.87315E-4	55	136	0	2.9268E-4	1.87315E-4
55	137	0	0.00288653	0.00184738	55	138	0	0.00404682	0.00258996
55	138	1	0.00466452	0.00298529	55	139	0	0.0205819	0.00658622
55	140	0	0.0313498	0.00721045	55	141	0	0.0326904	0.0104609
55	142	0	0.0198198	0.00634233	55	143	0	0.0101892	0.00326054
55	144	0	0.00285017	0.00182411	55	145	0	4.7262E-4	3.02477E-4
55	146	0	4.78E-5	3.0592E-5	55	147	0	5.76038E-7	3.68664E-7
55	148	0	9.77E-8	6.2528E-8	55	149	0	5.19283E-9	3.32341E-9
55	150	0	3.0E-11	1.92E-11	55	151	0	9.02914E-13	5.77865E-13
56	133	0	2.11E-12	1.3504E-12	56	134	0	3.33E-10	2.1312E-10
56	135	1	1.08E-8	6.912E-9	56	135	0	1.08E-8	6.912E-9
56	136	1	3.95E-7	2.528E-7	56	136	0	3.95E-7	2.528E-7
56	137	0	4.01E-6	2.5664E-6	56	137	1	1.141E-5	7.3024E-6
56	138	0	1.6767E-4	1.07309E-4	56	139	0	0.00106778	6.83379E-4
56	140	0	0.00480765	0.0030769	56	141	0	0.0131799	0.00421756
56	142	0	0.0244643	0.00562679	56	143	0	0.0289477	0.00926326
56	144	0	0.0225008	0.00720025	56	145	0	0.0108748	0.00347993
56	146	0	0.00336063	0.0021508	56	147	0	6.59454E-4	4.22051E-4
56	148	0	7.369E-5	4.71616E-5	56	149	0	5.94481E-6	3.80468E-6
56	150	0	2.49E-7	1.5936E-7	56	151	0	2.01472E-8	1.28942E-8
56	152	0	1.18E-10	7.552E-11	56	153	0	2.23045E-12	1.42749E-12
57	135	0	5.33E-13	3.4112E-13	57	137	0	4.74E-9	3.0336E-9
57	138	0	1.73E-7	1.1072E-7	57	139	0	3.59E-6	2.2976E-6
57	140	0	5.121E-5	3.27744E-5	57	141	0	4.2917E-4	2.74669E-4
57	142	0	0.00196551	0.00125793	57	143	0	0.00703943	0.00450524
57	144	0	0.0151838	0.00485881	57	145	0	0.0199656	0.006389
57	146	1	0.00843216	0.00539658	57	146	0	0.00843216	0.00539658
57	147	0	0.00944193	0.00604284	57	148	0	0.00324319	0.00207564
57	149	0	7.9648E-4	5.09747E-4	57	150	0	1.0818E-4	6.92352E-5
57	151	0	1.03799E-5	6.64311E-6	57	152	0	5.26E-7	3.3664E-7
57	153	0	2.23978E-8	1.43346E-8	57	154	0	3.96E-10	2.5344E-10
57	155	0	2.15106E-12	1.37668E-12	57	156	0	5.38389E-14	3.44569E-14
58	137	0	7.22E-14	4.6208E-14	58	138	0	9.1E-12	5.824E-12
58	139	0	1.63E-10	1.0432E-10	58	139	1	4.64E-10	2.9696E-10
58	140	0	3.0E-8	1.92E-8	58	141	0	8.19E-7	5.2416E-7
58	142	0	1.309E-5	8.3776E-6	58	143	0	1.3494E-4	8.63616E-5
58	144	0	8.6098E-4	5.51027E-4	58	145	0	0.00321134	0.00205526
58	146	0	0.00747019	0.00336159	58	147	0	0.011026	0.00352832
58	148	0	0.0106795	0.00341743	58	149	0	0.00715056	0.00457636
58	150	0	0.002846	0.00182144	58	151	0	8.175E-4	5.232E-4
58	152	0	1.2456E-4	7.97184E-5	58	153	0	1.691E-5	1.08224E-5
58	154	0	9.13E-7	5.8432E-7	58	155	0	4.79979E-8	3.07186E-8
58	156	0	1.63995E-9	1.04957E-9	58	157	0	1.65E-11	1.056E-11
58	158	0	1.32E-13	8.448E-14	58	159	0	3.09675E-15	1.98192E-15
59	140	0	8.88E-13	5.6832E-13	59	141	0	7.66E-11	4.9024E-11
59	142	1	2.135E-9	1.3664E-9	59	142	0	2.135E-9	1.3664E-9
59	143	0	1.41E-7	9.024E-8	59	144	0	2.4E-7	1.536E-7
59	144	1	2.43E-6	1.5552E-6	59	145	0	3.6E-5	2.304E-5
59	146	0	2.582E-4	1.65248E-4	59	147	0	0.00114262	7.31277E-4
59	148	1	0.00156075	9.98877E-4	59	148	0	0.00156075	9.98877E-4
59	149	0	0.00472791	0.00302586	59	150	0	0.00589641	0.00265338
59	151	0	0.00447605	0.00286467	59	152	0	0.00187763	0.00120168
59	153	0	7.4438E-4	4.76403E-4	59	154	0	1.1562E-4	7.39968E-5
59	155	0	1.855E-5	1.1872E-5	59	156	0	1.92E-6	1.2288E-6
59	157	0	5.94E-8	3.8016E-8	59	158	0	1.49E-9	9.536E-10
59	159	0	3.10969E-11	1.9902E-11	59	160	0	3.21E-13	2.0544E-13
59	161	0	1.31753E-15	8.43216E-16	59	162	0	1.31971E-17	8.44614E-18
60	142	0	6.92E-14	4.4288E-14	60	143	0	7.65E-12	4.896E-12
60	144	0	4.94E-10	3.1616E-10	60	145	0	2.25E-8	1.44E-8
60	146	0	5.37E-7	3.4368E-7	60	147	0	7.72E-6	4.9408E-6
60	148	0	6.803E-5	4.35392E-5	60	149	0	3.5172E-4	2.25101E-4
60	150	0	0.00107545	6.88288E-4	60	151	0	0.00188283	0.00120501
60	152	0	0.00234391	0.0015001	60	153	0	0.00215885	0.00138166
60	154	0	9.8625E-4	6.312E-4	60	155	0	4.385E-4	2.8064E-4
60	156	0	1.2771E-4	8.17344E-5	60	157	0	1.15E-5	7.36E-6
60	158	0	8.62E-7	5.5168E-7	60	159	0	5.5E-8	3.52E-8
60	160	0	1.76E-9	1.1264E-9	60	161	0	2.93987E-11	1.88152E-11
60	162	0	4.01987E-13	2.57272E-13	61	145	0	7.1E-13	4.544E-13
61	146	0	5.81E-11	3.7184E-11	61	147	0	2.76E-9	1.7664E-9
61	148	0	2.33E-8	1.4912E-8	61	148	1	6.3E-8	4.032E-8
61	149	0	1.35E-6	8.64E-7	61	150	0	1.386E-5	8.8704E-6
61	151	0	8.518E-5	5.45152E-5	61	152	2	8.366E-5	5.35424E-5
61	152	0	8.366E-5	5.35424E-5	61	152	1	8.366E-5	5.35424E-5
61	153	0	7.1675E-4	4.5872E-4	61	154	0	3.628E-4	2.32192E-4
61	154	1	3.628E-4	2.32192E-4	61	155	0	8.2463E-4	5.27763E-4
61	156	0	6.0966E-4	3.90182E-4	61	157	0	1.4446E-4	9.24544E-5
61	158	0	2.97E-5	1.9008E-5	61	159	0	5.41E-6	3.4624E-6
61	160	0	5.08E-7	3.2512E-7	61	161	0	2.57E-8	1.6448E-8
61	162	0	1.08E-9	6.912E-10	61	163	0	3.25E-11	2.08E-11
61	164	0	6.51E-13	4.1664E-13	61	166	0	3.13513E-17	2.00648E-17
62	147	0	5.04E-14	3.2256E-14	62	148	0	5.6E-12	3.584E-12
62	149	0	2.51E-10	1.6064E-10	62	150	0	1.01E-8	6.464E-9
62	151	0	1.66E-7	1.0624E-7	62	152	0	1.79E-6	1.1456E-6
62	153	0	1.463E-5	9.3632E-6	62	154	0	4.386E-5	2.80704E-5
62	155	0	1.3602E-4	8.70528E-5	62	156	0	2.5724E-4	1.64634E-4
62	157	0	1.5242E-4	9.75488E-5	62	158	0	7.847E-5	5.02208E-5
62	159	0	3.668E-5	2.34752E-5	62	160	0	9.21E-6	5.8944E-6
62	161	0	1.3E-6	8.32E-7	62	162	0	1.57E-7	1.0048E-7
62	163	0	1.41E-8	9.024E-9	62	164	0	8.57E-10	5.4848E-10
62	165	0	2.7E-11	1.728E-11	62	166	0	9.54969E-13	6.1118E-13
63	151	0	2.44E-11	1.5616E-11	63	152	2	2.33333E-10	1.49333E-10
63	152	0	2.33333E-10	1.49333E-10	63	152	1	2.33333E-10	1.49333E-10
63	153	0	1.69E-8	1.0816E-8	63	154	1	8.35E-8	5.344E-8
63	154	0	8.35E-8	5.344E-8	63	155	0	1.57E-6	1.0048E-6
63	156	0	8.42E-6	5.3888E-6	63	157	0	1.363E-5	8.7232E-6
63	158	0	1.837E-5	1.17568E-5	63	159	0	2.173E-5	1.39072E-5
63	160	0	1.361E-5	8.7104E-6	63	161	0	4.83E-6	3.0912E-6
63	162	0	1.52E-6	9.728E-7	63	163	0	3.71E-7	2.3744E-7
63	164	0	6.37E-8	4.0768E-8	63	165	0	5.88E-9	3.7632E-9
63	166	0	6.22E-10	3.9808E-10	63	167	0	1.03E-11	6.592E-12
63	168	0	2.09E-13	1.3376E-13	63	171	0	1.00383E-18	6.4245E-19
64	152	0	1.36E-14	8.704E-15	64	153	0	1.09E-12	6.976E-13
64	154	0	3.39E-11	2.1696E-11	64	155	0	1.01E-9	6.464E-10
64	156	0	1.61E-8	1.0304E-8	64	157	0	7.98E-8	5.1072E-8
64	158	0	3.12E-7	1.9968E-7	64	159	0	1.04E-6	6.656E-7
64	160	0	1.74E-6	1.1136E-6	64	161	0	1.6E-6	1.024E-6
64	162	0	1.26E-6	8.064E-7	64	163	0	7.69E-7	4.9216E-7
64	164	0	3.36E-7	2.1504E-7	64	165	0	8.19E-8	5.2416E-8
64	166	0	2.39E-8	1.5296E-8	64	167	0	1.14E-9	7.296E-10
64	168	0	6.8E-11	4.352E-11	64	169	0	3.45E-12	2.208E-12
64	170	0	1.12E-12	7.168E-13	64	171	0	2.2399E-14	1.43354E-14
65	155	0	3.28E-14	2.0992E-14	65	156	0	1.49E-12	9.536E-13
65	156	1	1.47E-13	9.408E-14	65	157	0	2.53E-11	1.6192E-11
65	158	0	2.77E-10	1.7728E-10	65	158	1	2.74E-11	1.7536E-11
65	159	0	3.05E-9	1.952E-9	65	160	0	1.52E-8	9.728E-9
65	161	0	3.99E-8	2.5536E-8	65	162	0	4.35E-8	2.784E-8
65	162	1	4.35E-8	2.784E-8	65	163	0	1.4E-7	8.96E-8
65	164	0	1.56E-7	9.984E-8	65	165	0	9.51E-8	6.0864E-8
65	166	0	6.96E-8	4.4544E-8	65	167	0	8.53E-9	5.4592E-9
65	168	0	1.37E-9	8.768E-10	65	169	0	1.94E-10	1.2416E-10
65	170	0	1.83E-10	1.1712E-10	65	171	0	1.09E-11	6.976E-12
65	172	0	5.66E-12	3.6224E-12	66	158	0	1.51E-14	9.664E-15
66	159	0	4.72E-13	3.0208E-13	66	160	0	7.28E-12	4.6592E-12
66	161	0	5.85E-11	3.744E-11	66	162	0	3.83E-10	2.4512E-10
66	163	0	1.81E-9	1.1584E-9	66	164	0	5.7E-9	3.648E-9
66	165	0	8.3E-9	5.312E-9	66	165	1	1.13E-9	7.232E-10
66	166	0	1.8E-8	1.152E-8	66	167	0	5.56E-9	3.5584E-9
66	168	0	2.23E-9	1.4272E-9	66	169	0	7.99E-10	5.1136E-10
66	170	0	1.96E-9	1.2544E-9	66	171	0	3.2E-10	2.048E-10
66	172	0	4.7E-10	3.008E-10	67	162	0	2.44E-14	1.5616E-14
67	162	1	6.59E-14	4.2176E-14	67	163	0	1.15E-12	7.36E-13
67	163	1	1.57E-13	1.0048E-13	67	164	0	3.39E-12	2.1696E-12
67	164	1	9.17E-12	5.8688E-12	67	165	0	6.19E-11	3.9616E-11
67	166	0	9.23E-11	5.9072E-11	67	166	1	2.49E-10	1.5936E-10
67	167	0	2.95E-10	1.888E-10	67	168	0	3.16E-10	2.0224E-10
67	169	0	2.91E-10	1.8624E-10	67	170	0	8.97E-10	5.7408E-10
67	170	1	8.97E-10	5.7408E-10	67	171	0	7.3E-10	4.672E-10
67	172	0	2.74E-9	1.7536E-9	68	165	0	2.21E-14	1.4144E-14
68	166	0	3.74E-13	2.3936E-13	68	167	0	8.57E-13	5.4848E-13
68	167	1	1.17E-13	7.488E-14	68	168	0	3.08E-12	1.9712E-12
68	169	0	8.11E-12	5.1904E-12	68	170	0	1.37E-10	8.768E-11
68	171	0	1.47E-10	9.408E-11	68	172	0	1.4E-9	8.96E-10
69	169	0	1.34E-14	8.576E-15	69	170	0	6.78E-13	4.3392E-13
69	171	0	2.12E-12	1.3568E-12	69	172	0	5.7E-11	3.648E-11
70	172	0	1.41E-13	9.024E-14