Z	A	FPS	Yield	Uncertainty	Z	A	FPS	Yield	Uncertainty
23	66	0	5.51216E-18	3.52778E-18	23	67	0	1.14105E-18	7.30273E-19
24	66	0	5.15E-13	3.296E-13	24	67	0	7.88998E-14	5.04958E-14
24	69	0	5.4936E-17	3.51591E-17	25	66	0	9.84011E-11	6.29767E-11
25	67	0	6.19007E-11	3.96165E-11	25	68	0	8.06009E-12	5.15846E-12
25	69	0	1.75997E-12	1.12638E-12	25	70	0	1.17001E-13	7.48809E-14
25	72	0	9.15126E-17	5.85681E-17	25	73	0	2.29946E-17	1.47165E-17
26	66	0	2.64003E-9	1.68962E-9	26	67	0	4.03005E-9	2.57923E-9
26	68	0	2.10002E-9	1.34402E-9	26	69	0	1.21001E-9	7.74409E-10
26	70	0	3.45004E-10	2.20803E-10	26	71	0	7.38008E-11	4.72325E-11
26	72	0	8.55001E-12	5.472E-12	26	73	0	1.59E-12	1.0176E-12
26	74	0	1.27001E-13	8.12809E-14	26	75	0	3.30865E-15	2.11753E-15
27	66	0	1.54002E-9	9.85611E-10	27	67	0	7.70009E-9	4.92806E-9
27	68	0	9.1601E-9	5.86247E-9	27	69	0	1.88002E-8	1.20321E-8
27	70	0	1.36002E-8	8.7041E-9	27	71	0	1.15001E-8	7.36008E-9
27	72	0	3.67004E-9	2.34883E-9	27	73	0	2.94003E-9	1.88162E-9
27	74	0	6.56007E-10	4.19845E-10	27	75	0	1.05998E-10	6.78387E-11
27	76	0	6.84008E-12	4.37765E-12	27	77	0	1.03982E-13	6.65483E-14
27	78	0	8.38063E-15	5.3636E-15	27	79	0	1.3204E-15	8.45053E-16
28	66	0	1.80002E-10	1.15201E-10	28	67	0	2.06002E-9	1.31841E-9
28	68	0	8.3901E-9	5.36966E-9	28	69	0	3.69004E-8	2.36163E-8
28	70	0	9.0501E-8	5.79207E-8	28	71	0	1.72002E-7	1.10081E-7
28	72	0	2.06002E-7	1.31841E-7	28	73	0	4.27005E-7	2.73283E-7
28	74	0	3.79004E-7	2.42563E-7	28	75	0	1.71002E-7	1.09441E-7
28	76	0	4.62005E-8	2.95683E-8	28	77	0	7.18998E-9	4.60159E-9
28	78	0	7.83001E-10	5.0112E-10	28	79	0	9.13008E-11	5.84325E-11
28	80	0	4.60005E-13	2.94403E-13	28	81	0	1.04566E-14	6.69221E-15
29	66	0	3.22004E-13	2.06082E-13	29	67	0	1.47002E-11	9.40811E-12
29	68	0	4.19005E-11	2.68163E-11	29	68	1	1.13001E-10	7.23208E-11
29	69	0	2.47003E-9	1.58082E-9	29	70	0	3.09004E-9	1.97762E-9
29	70	1	1.10001E-8	7.04008E-9	29	71	0	8.8201E-8	5.64486E-8
29	72	0	2.31003E-7	1.47842E-7	29	73	0	1.65002E-6	1.05601E-6
29	74	0	3.36004E-6	2.15042E-6	29	75	0	5.79007E-6	3.70564E-6
29	76	0	3.98005E-6	2.54723E-6	29	77	0	2.58003E-6	1.65122E-6
29	78	0	8.15009E-7	5.21606E-7	29	79	0	1.0291E-7	6.58623E-8
29	80	0	6.72008E-9	4.30085E-9	29	81	0	3.34993E-10	2.14396E-10
29	82	0	7.02008E-12	4.49285E-12	29	83	0	1.13093E-13	7.23794E-14
29	84	0	3.33941E-15	2.13722E-15	30	68	0	3.75004E-13	2.40003E-13
30	69	0	2.72003E-12	1.74082E-12	30	69	1	1.33002E-11	8.5121E-12
30	70	0	3.69004E-10	2.36163E-10	30	71	0	9.69011E-10	6.20167E-10
30	71	1	4.73005E-9	3.02723E-9	30	72	0	5.48006E-8	3.50724E-8
30	73	0	8.9001E-7	5.69606E-7	30	74	0	5.94007E-6	3.80164E-6
30	75	0	2.25803E-5	1.44514E-5	30	76	0	5.25306E-5	3.36196E-5
30	77	0	8.19309E-5	5.24358E-5	30	78	0	1.03751E-4	6.64008E-5
30	79	0	3.72804E-5	2.38595E-5	30	80	0	1.06201E-5	6.79688E-6
30	81	0	1.60002E-6	1.02401E-6	30	82	0	1.58002E-7	1.01121E-7
30	83	0	7.81998E-9	5.00478E-9	30	84	0	3.12E-10	1.9968E-10
30	85	0	2.26923E-12	1.45231E-12	30	86	0	4.17005E-14	2.66883E-14
31	70	0	1.30001E-13	8.32009E-14	31	71	0	8.30009E-12	5.31206E-12
31	72	1	1.09001E-10	6.97608E-11	31	72	0	1.09001E-10	6.97608E-11
31	73	0	1.41002E-8	9.0241E-9	31	74	1	1.14501E-7	7.32808E-8
31	74	0	1.14501E-7	7.32808E-8	31	75	0	3.12004E-6	1.99682E-6
31	76	0	1.59002E-5	1.01761E-5	31	77	0	8.29509E-5	5.30886E-5
31	78	0	2.40243E-4	1.53755E-4	31	79	0	3.24254E-4	2.07522E-4
31	80	0	2.35313E-4	1.506E-4	31	81	0	1.50462E-4	9.62955E-5
31	82	0	4.31205E-5	2.75971E-5	31	83	0	9.72011E-6	6.22087E-6
31	84	0	1.15001E-6	7.36008E-7	31	85	0	7.26986E-8	4.65271E-8
31	86	0	2.29003E-9	1.46562E-9	31	87	0	1.26253E-11	8.0802E-12
31	88	0	6.21858E-13	3.97989E-13	31	89	0	7.57625E-14	4.8488E-14
32	72	0	1.01001E-13	6.46407E-14	32	73	0	1.55002E-11	9.92011E-12
32	73	1	3.18004E-12	2.03522E-12	32	74	0	1.24001E-9	7.93609E-10
32	75	0	5.49006E-9	3.51364E-9	32	75	1	4.03005E-8	2.57923E-8
32	76	0	8.8901E-7	5.68966E-7	32	77	0	1.00001E-5	6.40007E-6
32	77	1	1.36002E-6	8.7041E-7	32	78	0	1.19241E-4	7.63145E-5
32	79	1	1.88137E-4	1.20408E-4	32	79	0	1.88137E-4	1.20408E-4
32	80	0	9.39331E-4	6.01172E-4	32	81	0	0.00143579	9.18903E-4
32	82	0	0.00159313	0.0010196	32	83	0	9.72231E-4	6.22228E-4
32	84	0	4.82385E-4	3.08727E-4	32	85	0	9.0071E-5	5.76455E-5
32	86	0	1.30801E-5	8.3713E-6	32	87	0	8.72997E-7	5.58718E-7
32	88	0	5.81E-8	3.7184E-8	32	89	0	5.23872E-9	3.35278E-9
32	90	0	4.84932E-12	3.10356E-12	32	91	0	4.63385E-13	2.96566E-13
33	74	0	2.24003E-14	1.43362E-14	33	74	1	6.05007E-14	3.87204E-14
33	75	0	1.34002E-11	8.5761E-12	33	76	0	7.10008E-10	4.54405E-10
33	77	0	3.81004E-8	2.43843E-8	33	78	0	1.10001E-6	7.04008E-7
33	79	0	1.41702E-5	9.0689E-6	33	80	0	8.6851E-5	5.55846E-5
33	81	0	4.83505E-4	3.09444E-4	33	82	0	6.20807E-4	3.97317E-4
33	82	1	6.20807E-4	3.97317E-4	33	83	0	0.00269701	0.00172609
33	84	1	0.00160337	0.00102616	33	84	0	0.00160337	0.00102616
33	85	0	0.00238959	0.00152934	33	86	0	9.63311E-4	6.16519E-4
33	87	0	2.84013E-4	1.81768E-4	33	88	0	5.48406E-5	3.5098E-5
33	89	0	5.90483E-6	3.77909E-6	33	90	0	1.14977E-7	7.35855E-8
33	91	0	1.48453E-8	9.50098E-9	33	92	0	3.05042E-11	1.95227E-11
33	93	0	1.58871E-12	1.01677E-12	33	94	0	3.53207E-14	2.26052E-14
34	76	0	6.19007E-14	3.96165E-14	34	77	0	1.16001E-12	7.42408E-13
34	77	1	8.4801E-12	5.42726E-12	34	78	0	1.25001E-9	8.00009E-10
34	79	0	4.24005E-8	2.71363E-8	34	79	1	5.79007E-9	3.70564E-9
34	80	0	1.26001E-6	8.06409E-7	34	81	0	2.33003E-6	1.49122E-6
34	81	1	1.71002E-5	1.09441E-5	34	82	0	1.98322E-4	1.26926E-4
34	83	0	8.786E-4	5.62304E-4	34	83	1	1.79952E-4	1.15169E-4
34	84	0	0.00423021	0.00270733	34	85	0	0.00376431	0.00240916
34	85	1	0.0037238	0.00238323	34	86	0	0.0110213	0.00352683
34	87	0	0.00826688	0.00529081	34	88	0	0.00636314	0.00407241
34	89	0	0.00194543	0.00124508	34	90	0	3.77949E-4	2.41888E-4
34	91	0	3.61156E-5	2.3114E-5	34	92	0	2.85E-6	1.824E-6
34	93	0	1.09854E-7	7.03063E-8	34	94	0	3.3E-9	2.112E-9
34	95	0	7.84663E-12	5.02184E-12	34	96	0	3.99005E-13	2.55363E-13
35	78	0	1.65002E-14	1.05601E-14	35	79	0	6.37007E-13	4.07685E-13
35	79	1	2.40003E-12	1.53602E-12	35	80	0	5.21006E-11	3.33444E-11
35	80	1	1.85002E-10	1.18401E-10	35	81	0	1.68002E-8	1.07521E-8
35	82	0	3.69004E-7	2.36163E-7	35	82	1	1.37002E-7	8.7681E-8
35	83	0	1.16601E-5	7.46248E-6	35	84	0	4.02005E-5	2.57283E-5
35	84	1	8.5421E-5	5.46694E-5	35	85	0	8.35699E-4	5.34848E-4
35	86	0	0.00146578	9.38097E-4	35	86	1	0.00145834	9.33335E-4
35	87	0	0.00762223	0.00487823	35	88	0	0.0135574	0.00433836
35	89	0	0.0155204	0.00496653	35	90	0	0.00788598	0.00504703
35	91	0	0.00328367	0.00210155	35	92	0	7.27158E-4	4.65381E-4
35	93	0	1.23822E-4	7.92458E-5	35	94	0	1.06301E-5	6.80328E-6
35	95	0	2.51379E-7	1.60883E-7	35	96	0	1.72002E-8	1.10081E-8
35	97	0	8.4458E-11	5.40531E-11	35	98	0	3.37152E-12	2.15777E-12
35	99	0	7.14264E-13	4.57129E-13	36	81	0	9.1201E-13	5.83687E-13
36	81	1	1.24001E-13	7.93609E-14	36	82	0	1.48002E-10	9.47211E-11
36	83	0	8.6401E-9	5.52966E-9	36	83	1	1.77002E-9	1.13281E-9
36	84	0	4.94006E-7	3.16164E-7	36	85	0	7.91009E-6	5.06246E-6
36	85	1	1.62002E-6	1.03681E-6	36	86	0	1.41152E-4	9.0337E-5
36	87	0	9.73211E-4	6.22855E-4	36	88	0	0.00615247	0.00393758
36	89	0	0.0163634	0.00523629	36	90	0	0.0296976	0.00950324
36	91	0	0.0304434	0.0097419	36	92	0	0.0253573	0.00811433
36	93	0	0.0112985	0.00361551	36	94	0	0.00392729	0.00251347
36	95	0	6.11556E-4	3.91396E-4	36	96	0	7.81209E-5	4.99974E-5
36	97	0	5.83998E-6	3.73759E-6	36	98	0	3.15E-7	2.016E-7
36	99	0	4.93889E-8	3.16089E-8	36	100	0	1.41002E-10	9.0241E-11
36	101	0	1.62011E-12	1.03687E-12	36	102	0	1.47894E-13	9.46519E-14
37	83	0	1.64002E-13	1.04961E-13	37	84	0	2.36003E-11	1.51042E-11
37	85	0	2.14002E-9	1.36962E-9	37	86	1	4.79005E-8	3.06563E-8
37	86	0	4.79005E-8	3.06563E-8	37	87	0	2.97003E-6	1.90082E-6
37	88	0	5.22106E-5	3.34148E-5	37	89	0	5.74847E-4	3.67902E-4
37	90	0	4.44145E-4	2.84253E-4	37	90	1	0.00216635	0.00138647
37	91	0	0.00999129	0.00319721	37	92	0	0.018708	0.00598654
37	93	0	0.0289266	0.00925651	37	94	0	0.023315	0.0074608
37	95	0	0.0139748	0.00447194	37	96	0	0.00462043	0.00295708
37	97	0	0.00142245	9.10366E-4	37	98	0	2.13742E-4	1.36795E-4
37	99	0	5.56688E-5	3.5628E-5	37	100	0	1.20001E-6	7.68009E-7
37	101	0	5.1903E-8	3.32179E-8	37	102	0	3.50656E-9	2.2442E-9
37	103	0	4.069E-12	2.60416E-12	37	104	0	1.80885E-13	1.15766E-13
38	85	1	1.64002E-14	1.04961E-14	38	85	0	1.64002E-14	1.04961E-14
38	86	0	7.05008E-12	4.51205E-12	38	87	0	5.63006E-10	3.60324E-10
38	87	1	1.15001E-10	7.36008E-11	38	88	0	5.38006E-8	3.44324E-8
38	89	0	1.77002E-6	1.13281E-6	38	90	0	3.56504E-5	2.28163E-5
38	91	0	3.89854E-4	2.49507E-4	38	92	0	0.00282578	0.0018085
38	93	0	0.0103992	0.00332773	38	94	0	0.0283029	0.00905693
38	95	0	0.0384017	0.0122886	38	96	0	0.0435891	0.0100255
38	97	0	0.0318409	0.0101891	38	98	0	0.0182644	0.00584462
38	99	0	0.00551155	0.00352739	38	100	0	0.00112618	7.20757E-4
38	101	0	1.2627E-4	8.08125E-5	38	102	0	1.15266E-5	7.37704E-6
38	103	0	2.81357E-7	1.80069E-7	38	104	0	1.69E-8	1.0816E-8
38	105	0	8.54677E-12	5.46993E-12	39	88	0	6.43007E-13	4.11525E-13
39	89	0	1.72002E-11	1.10081E-11	39	89	1	8.3801E-11	5.36326E-11
39	90	1	3.13004E-9	2.00322E-9	39	90	0	3.13004E-9	2.00322E-9
39	91	1	1.63502E-7	1.04641E-7	39	91	0	1.63502E-7	1.04641E-7
39	92	0	6.77008E-6	4.33285E-6	39	93	1	5.25506E-5	3.36324E-5
39	93	0	5.25506E-5	3.36324E-5	39	94	0	7.30738E-4	4.67673E-4
39	95	0	0.00372433	0.00238357	39	96	0	8.663E-4	5.54432E-4
39	96	1	0.00875842	0.00560539	39	97	1	0.0117724	0.00753431
39	97	0	0.0117724	0.00753431	39	98	0	0.014904	0.00476929
39	98	1	0.0149004	0.00476814	39	99	0	0.0316695	0.0101342
39	100	0	0.0154851	0.00495523	39	101	0	0.00697243	0.00446235
39	102	0	0.00170394	0.00109052	39	103	0	3.17132E-4	2.02965E-4
39	104	0	2.99803E-5	1.91874E-5	39	105	0	2.7381E-7	1.75238E-7
39	106	0	4.25088E-14	2.72056E-14	39	107	0	2.77711E-15	1.77735E-15
39	108	0	2.0047E-17	1.28301E-17	39	110	0	1.72322E-13	1.10286E-13
39	111	0	7.08208E-15	4.53253E-15	40	90	1	5.75007E-14	3.68004E-14
40	90	0	5.75007E-14	3.68004E-14	40	91	0	1.95002E-11	1.24801E-11
40	92	0	1.85002E-9	1.18401E-9	40	93	0	8.4901E-8	5.43366E-8
40	94	0	2.53003E-6	1.61922E-6	40	95	0	3.63204E-5	2.32451E-5
40	96	0	3.75124E-4	2.4008E-4	40	97	0	0.00228843	0.00146459
40	98	0	0.0103827	0.00332246	40	99	0	0.0247616	0.00792371
40	100	0	0.040524	0.0129677	40	101	0	0.0418002	0.013376
40	102	0	0.0363416	0.0116293	40	103	0	0.0167387	0.00535637
40	104	0	0.00627429	0.00401555	40	105	0	6.66124E-4	4.26319E-4
40	106	0	1.69002E-6	1.08161E-6	40	107	0	8.1713E-8	5.22963E-8
40	108	0	7.97009E-10	5.10086E-10	40	109	0	1.84121E-13	1.17838E-13
40	110	0	1.61E-8	1.0304E-8	40	111	0	4.89702E-10	3.13409E-10
40	112	0	7.4524E-14	4.76954E-14	40	113	0	7.79896E-15	4.99134E-15
41	93	0	1.00001E-12	6.40007E-13	41	93	1	2.06002E-13	1.31841E-13
41	94	0	6.63008E-11	4.24325E-11	41	94	1	3.90004E-11	2.49603E-11
41	95	0	5.72006E-9	3.66084E-9	41	95	1	1.17001E-9	7.48809E-10
41	96	0	2.02002E-7	1.29281E-7	41	97	0	4.34005E-6	2.77763E-6
41	97	1	8.9001E-7	5.69606E-7	41	98	0	4.99606E-5	3.19748E-5
41	98	1	1.40902E-5	9.0177E-6	41	99	0	4.79805E-5	3.07075E-5
41	99	1	5.51776E-4	3.53137E-4	41	100	0	0.00119773	7.6655E-4
41	100	1	0.00119773	7.6655E-4	41	101	0	0.00892777	0.00571377
41	102	1	0.00859838	0.00550296	41	102	0	0.00859838	0.00550296
41	103	0	0.026531	0.00848991	41	104	1	0.0112551	0.00720327
41	104	0	0.0112551	0.00720327	41	105	0	0.00920628	0.00589202
41	106	0	0.00228025	0.00145936	41	107	0	4.67514E-4	2.99209E-4
41	108	0	3.71604E-5	2.37827E-5	41	109	0	2.51003E-6	1.60642E-6
41	110	0	7.89009E-6	5.04966E-6	41	111	0	5.51968E-7	3.53259E-7
41	112	0	1.76696E-9	1.13086E-9	41	113	0	2.49852E-10	1.59906E-10
41	114	0	1.00824E-13	6.45276E-14	41	115	0	7.17317E-15	4.59083E-15
42	95	0	8.9401E-14	5.72167E-14	42	96	0	1.18001E-11	7.55209E-12
42	97	0	8.8501E-10	5.66406E-10	42	98	0	4.74005E-8	3.03363E-8
42	99	0	1.25001E-6	8.00009E-7	42	100	0	2.10102E-5	1.34466E-5
42	101	0	2.14312E-4	1.3716E-4	42	102	0	0.00158869	0.00101676
42	103	0	0.00585213	0.00374536	42	104	0	0.017117	0.00547745
42	105	0	0.016242	0.00519745	42	106	0	0.0179982	0.00575944
42	107	0	0.00990994	0.00445947	42	108	0	0.00400696	0.00256445
42	109	0	9.89361E-4	6.33191E-4	42	110	0	4.98356E-4	3.18948E-4
42	111	0	5.46482E-5	3.49748E-5	42	112	0	5.8083E-6	3.71731E-6
42	113	0	6.07841E-7	3.89018E-7	42	114	0	9.42001E-9	6.0288E-9
42	115	0	4.96E-10	3.1744E-10	42	116	0	1.82002E-12	1.16481E-12
42	117	0	1.37233E-14	8.78289E-15	42	118	0	1.22368E-15	7.83156E-16
43	98	0	4.04005E-13	2.58563E-13	43	99	0	3.95004E-11	2.52803E-11
43	99	1	8.10009E-12	5.18406E-12	43	100	0	2.31003E-9	1.47842E-9
43	101	0	1.06001E-7	6.78408E-8	43	102	0	1.10001E-6	7.04008E-7
43	102	1	1.10001E-6	7.04008E-7	43	103	0	3.36004E-5	2.15042E-5
43	104	0	2.56623E-4	1.64239E-4	43	105	0	9.71421E-4	6.21709E-4
43	106	0	3.49324E-4	2.23567E-4	43	107	0	8.5123E-4	5.44787E-4
43	108	0	9.073E-4	5.80672E-4	43	109	0	7.88189E-4	5.04441E-4
43	110	0	6.23347E-4	3.98942E-4	43	111	0	3.41614E-4	2.18633E-4
43	112	0	1.17661E-4	7.53033E-5	43	113	0	2.78822E-5	1.78446E-5
43	114	0	3.44004E-6	2.20163E-6	43	115	0	5.59067E-7	3.57803E-7
43	116	0	1.23001E-8	7.87209E-9	43	117	0	4.39647E-10	2.81374E-10
43	118	0	2.90135E-11	1.85686E-11	43	119	0	6.62359E-14	4.2391E-14
43	120	0	1.50916E-15	9.65859E-16	44	100	0	2.64003E-14	1.68962E-14
44	101	0	3.69004E-12	2.36163E-12	44	102	0	3.40004E-10	2.17602E-10
44	103	0	1.50002E-8	9.60011E-9	44	104	0	4.94006E-7	3.16164E-7
44	105	0	5.52006E-6	3.53284E-6	44	106	0	1.90002E-8	1.21601E-8
44	107	0	2.14002E-7	1.36962E-7	44	108	0	1.62002E-6	1.03681E-6
44	109	1	2.81503E-6	1.80162E-6	44	109	0	2.81503E-6	1.80162E-6
44	110	0	1.65042E-4	1.05627E-4	44	111	0	2.89283E-4	1.85141E-4
44	112	0	4.33795E-4	2.77629E-4	44	113	0	2.96153E-4	1.89538E-4
44	114	0	1.65872E-4	1.06158E-4	44	115	0	5.53511E-5	3.54247E-5
44	116	0	9.1901E-6	5.88167E-6	44	117	0	1.06957E-6	6.84526E-7
44	118	0	9.53721E-8	6.10381E-8	44	119	0	4.57999E-9	2.93119E-9
44	120	0	1.41E-10	9.02401E-11	44	121	0	4.65084E-13	2.97653E-13
44	122	0	1.78002E-14	1.13921E-14	44	123	0	3.4335E-16	2.19744E-16
45	103	0	1.39002E-14	8.8961E-15	45	103	1	1.02001E-13	6.52807E-14
45	104	0	2.47003E-12	1.58082E-12	45	104	1	8.7501E-12	5.60006E-12
45	105	0	5.23006E-10	3.34724E-10	45	105	1	7.13008E-11	4.56325E-11
45	107	0	1.15001E-14	7.36008E-15	45	108	0	2.37003E-13	1.51682E-13
45	108	1	2.37003E-13	1.51682E-13	45	109	0	6.16007E-12	3.94244E-12
45	109	1	6.16007E-12	3.94244E-12	45	110	0	3.72004E-7	2.38083E-7
45	110	1	3.72004E-7	2.38083E-7	45	111	0	7.65009E-6	4.89606E-6
45	112	0	3.69104E-5	2.36227E-5	45	113	0	1.07741E-4	6.89544E-5
45	114	0	1.63582E-4	1.04692E-4	45	115	0	2.27903E-4	1.45858E-4
45	116	0	1.02821E-4	6.58055E-5	45	117	0	4.92506E-5	3.15204E-5
45	118	0	1.24201E-5	7.94889E-6	45	119	0	2.59003E-6	1.65762E-6
45	120	0	2.41003E-7	1.54242E-7	45	121	0	1.48997E-8	9.53581E-9
45	122	0	4.79005E-10	3.06563E-10	45	123	0	1.09998E-11	7.03986E-12
45	124	0	1.20001E-13	7.68009E-14	46	110	0	3.95004E-10	2.52803E-10
46	111	0	5.47006E-9	3.50084E-9	46	111	1	1.22001E-8	7.80809E-9
46	112	0	4.88006E-7	3.12324E-7	46	113	0	4.74005E-6	3.03363E-6
46	114	0	3.36904E-5	2.15618E-5	46	115	0	1.29791E-4	8.30665E-5
46	116	0	2.23933E-4	1.43317E-4	46	117	0	2.50973E-4	1.60623E-4
46	118	0	2.36273E-4	1.51215E-4	46	119	0	1.24821E-4	7.98857E-5
46	120	0	4.88006E-5	3.12324E-5	46	121	0	9.0001E-6	5.76007E-6
46	122	0	1.37002E-6	8.7681E-7	46	123	0	1.06001E-7	6.78408E-8
46	124	0	5.86007E-9	3.75044E-9	46	131	0	7.23357E-14	4.62949E-14
47	111	0	8.9001E-14	5.69606E-14	47	111	1	6.53007E-13	4.17925E-13
47	112	0	8.29009E-11	5.30566E-11	47	113	0	5.43006E-10	3.47524E-10
47	113	1	3.98005E-9	2.54723E-9	47	114	0	1.14001E-7	7.29608E-8
47	115	0	1.10001E-6	7.04008E-7	47	115	1	1.10001E-6	7.04008E-7
47	116	0	5.42006E-6	3.46884E-6	47	116	1	5.42006E-6	3.46884E-6
47	117	0	2.28003E-5	1.45922E-5	47	117	1	2.28003E-5	1.45922E-5
47	118	0	5.03406E-5	3.2218E-5	47	118	1	5.03406E-5	3.2218E-5
47	119	0	1.82742E-4	1.16955E-4	47	120	1	8.5161E-5	5.4503E-5
47	120	0	8.5161E-5	5.4503E-5	47	121	0	1.24381E-4	7.96041E-5
47	122	1	2.62303E-5	1.67874E-5	47	122	0	2.62303E-5	1.67874E-5
47	123	0	1.93602E-5	1.23905E-5	47	124	0	3.37004E-6	2.15682E-6
47	125	0	2.38003E-10	1.52322E-10	47	126	0	1.77002E-11	1.13281E-11
47	127	0	1.43002E-12	9.1521E-13	47	128	0	9.48011E-14	6.06727E-14
47	129	0	3.87447E-15	2.47966E-15	47	131	0	2.31739E-9	1.48313E-9
47	132	0	3.84246E-12	2.45917E-12	47	133	0	2.76258E-13	1.76805E-13
48	113	0	6.48007E-14	4.14725E-14	48	113	1	2.44003E-13	1.56162E-13
48	114	0	4.51005E-11	2.88643E-11	48	115	0	6.50007E-10	4.16005E-10
48	115	1	2.45003E-9	1.56802E-9	48	116	0	7.61009E-8	4.87046E-8
48	117	0	1.91002E-7	1.22241E-7	48	117	1	7.19008E-7	4.60165E-7
48	118	0	8.27009E-6	5.29286E-6	48	119	0	1.85402E-5	1.18657E-5
48	119	1	1.85402E-5	1.18657E-5	48	120	0	1.26251E-4	8.08009E-5
48	121	1	1.09746E-4	7.02376E-5	48	121	0	1.09746E-4	7.02376E-5
48	122	0	3.38954E-4	2.1693E-4	48	123	0	3.34654E-4	2.14178E-4
48	124	0	2.47743E-4	1.58555E-4	48	125	0	2.16202E-5	1.3837E-5
48	126	0	7.98009E-6	5.10726E-6	48	127	0	1.98002E-6	1.26721E-6
48	128	0	6.68008E-7	4.27525E-7	48	129	0	1.14001E-7	7.29608E-8
48	130	0	1.59002E-8	1.01761E-8	48	131	0	5.63775E-6	3.60816E-6
48	132	0	3.59E-7	2.2976E-7	48	133	0	1.91023E-8	1.22254E-8
48	134	0	8.9401E-11	5.72167E-11	48	135	0	1.1516E-12	7.37024E-13
49	115	0	6.51007E-14	4.16645E-14	49	115	1	1.33002E-14	8.5121E-15
49	116	2	2.21336E-12	1.41655E-12	49	116	0	2.21336E-12	1.41655E-12
49	116	1	2.21336E-12	1.41655E-12	49	117	0	3.07003E-10	1.96482E-10
49	117	1	6.29007E-11	4.02565E-11	49	118	2	1.11001E-9	7.10408E-10
49	118	0	7.86009E-9	5.03046E-9	49	118	1	1.11001E-9	7.10408E-10
49	119	0	1.61002E-7	1.03041E-7	49	119	1	3.29004E-8	2.10562E-8
49	120	2	6.1134E-7	3.91258E-7	49	120	0	6.1134E-7	3.91258E-7
49	120	1	6.1134E-7	3.91258E-7	49	121	0	1.08901E-5	6.96968E-6
49	121	1	2.23003E-6	1.42722E-6	49	122	2	1.70869E-5	1.09356E-5
49	122	0	1.70869E-5	1.09356E-5	49	122	1	1.70869E-5	1.09356E-5
49	123	0	1.62212E-4	1.03816E-4	49	123	1	3.32204E-5	2.1261E-5
49	124	1	1.76932E-4	1.13236E-4	49	124	0	1.76932E-4	1.13236E-4
49	125	0	3.94434E-4	2.52438E-4	49	125	1	3.94434E-4	2.52438E-4
49	126	1	3.74429E-4	2.39635E-4	49	126	0	3.74429E-4	2.39635E-4
49	127	0	3.65484E-4	2.3391E-4	49	127	1	3.65484E-4	2.3391E-4
49	128	1	3.61554E-4	2.31395E-4	49	128	0	3.61554E-4	2.31395E-4
49	129	0	3.09984E-4	1.98389E-4	49	129	1	3.09984E-4	1.98389E-4
49	130	2	1.06425E-4	6.81117E-5	49	130	1	1.06425E-4	6.81117E-5
49	130	0	1.06425E-4	6.81117E-5	49	131	1	5.30961E-4	3.39815E-4
49	131	0	5.30961E-4	3.39815E-4	49	132	0	2.13692E-4	1.36763E-4
49	133	0	2.15311E-5	1.37799E-5	49	134	0	9.0201E-7	5.77287E-7
49	135	0	3.68934E-8	2.36118E-8	49	136	0	3.10004E-10	1.98402E-10
49	137	0	2.73332E-12	1.74932E-12	49	138	0	3.9709E-14	2.54137E-14
50	117	1	5.25006E-15	3.36004E-15	50	117	0	5.25006E-15	3.36004E-15
50	118	0	1.36002E-12	8.7041E-13	50	119	0	1.64002E-11	1.04961E-11
50	119	1	6.17007E-11	3.94884E-11	50	120	0	3.42004E-9	2.18882E-9
50	121	0	1.94002E-8	1.24161E-8	50	121	1	5.52006E-8	3.53284E-8
50	122	0	1.30001E-6	8.32009E-7	50	123	0	1.08301E-5	6.93128E-6
50	123	1	3.80004E-6	2.43203E-6	50	124	0	1.07581E-4	6.8852E-5
50	125	0	2.81583E-4	1.80213E-4	50	125	1	9.89311E-5	6.33159E-5
50	126	0	0.00101785	6.51425E-4	50	127	0	0.00128712	8.2376E-4
50	127	1	4.52235E-4	2.8943E-4	50	128	1	0.00246398	0.00157695
50	128	0	0.00246398	0.00157695	50	129	0	0.00664626	0.0042536
50	129	1	0.00233351	0.00149344	50	130	1	0.00880023	0.00563215
50	130	0	0.00880023	0.00563215	50	131	1	0.00944023	0.00604175
50	131	0	0.00944023	0.00604175	50	132	0	0.0161731	0.00517539
50	133	0	0.00485086	0.00310455	50	134	0	9.96021E-4	6.37454E-4
50	135	0	8.97541E-5	5.74426E-5	50	136	0	5.53006E-6	3.53924E-6
50	137	0	1.88999E-7	1.2096E-7	50	138	0	3.71E-9	2.3744E-9
50	139	0	1.66681E-11	1.06676E-11	50	140	0	8.39389E-13	5.37209E-13
51	120	0	2.78003E-14	1.77922E-14	51	120	1	4.73005E-14	3.02723E-14
51	121	0	8.03009E-12	5.13926E-12	51	122	0	1.91002E-10	1.22241E-10
51	122	1	2.53003E-10	1.61922E-10	51	123	0	2.50003E-8	1.60002E-8
51	124	2	1.89335E-7	1.21175E-7	51	124	0	1.89335E-7	1.21175E-7
51	124	1	1.89335E-7	1.21175E-7	51	125	0	2.24003E-7	1.43362E-7
51	126	2	5.00006E-7	3.20004E-7	51	126	0	7.25008E-7	4.64005E-7
51	126	1	5.00006E-7	3.20004E-7	51	127	0	1.13201E-5	7.24488E-6
51	128	0	3.36304E-5	2.15234E-5	51	128	1	4.64405E-5	2.97219E-5
51	129	0	5.31886E-4	3.40407E-4	51	130	0	9.90971E-4	6.34222E-4
51	130	1	0.00136847	8.75818E-4	51	131	0	0.011321	0.00362271
51	132	0	0.0125736	0.00402354	51	132	1	0.0111501	0.00356804
51	133	0	0.0275574	0.00881837	51	134	1	0.00794078	0.0050821
51	134	0	0.00794078	0.0050821	51	135	0	0.00635312	0.004066
51	136	0	0.00120076	7.68489E-4	51	137	0	1.93372E-4	1.23758E-4
51	138	0	1.19501E-5	7.64809E-6	51	139	0	5.33989E-7	3.41753E-7
51	140	0	1.99019E-8	1.27372E-8	51	141	0	1.28591E-11	8.22984E-12
51	142	0	1.17736E-12	7.53507E-13	51	143	0	3.20553E-13	2.05154E-13
52	122	0	1.60002E-14	1.02401E-14	52	123	0	6.57007E-13	4.20485E-13
52	123	1	2.47003E-12	1.58082E-12	52	124	0	3.56004E-10	2.27843E-10
52	125	0	2.66003E-14	1.70242E-14	52	125	1	9.99011E-14	6.39367E-14
52	126	0	4.96006E-12	3.17444E-12	52	127	0	2.58003E-11	1.65122E-11
52	127	1	7.34008E-11	4.69765E-11	52	128	0	3.47004E-9	2.22083E-9
52	129	0	2.05002E-8	1.31201E-8	52	129	1	5.85007E-8	3.74404E-8
52	130	0	1.91002E-6	1.22241E-6	52	131	0	2.26863E-4	1.45192E-4
52	131	1	6.45687E-4	4.1324E-4	52	132	0	0.00741348	0.00474463
52	133	0	0.00561313	0.00359241	52	133	1	0.0159749	0.00511196
52	134	0	0.0470844	0.015067	52	135	0	0.0472765	0.0151285
52	136	0	0.0361904	0.0115809	52	137	0	0.0160791	0.00514531
52	138	0	0.00441523	0.00282575	52	139	0	6.00437E-4	3.8428E-4
52	140	0	6.54208E-5	4.18693E-5	52	141	0	8.89164E-7	5.69065E-7
52	142	0	1.1E-7	7.04E-8	52	143	0	2.21651E-8	1.41857E-8
52	144	0	5.19436E-12	3.32439E-12	52	145	0	3.83867E-13	2.45675E-13
53	130	0	1.70002E-13	1.08801E-13	53	130	1	6.30007E-14	4.03205E-14
53	131	0	1.54002E-6	9.85611E-7	53	132	1	2.01652E-5	1.29057E-5
53	132	0	2.01652E-5	1.29057E-5	53	133	1	2.61288E-4	1.67224E-4
53	133	0	2.61288E-4	1.67224E-4	53	134	0	0.00170961	0.00109415
53	134	1	0.00151624	9.70392E-4	53	135	0	0.0125254	0.00400813
53	136	0	0.0117281	0.003753	53	136	1	0.011519	0.00368609
53	137	0	0.0379737	0.0121516	53	138	0	0.0262127	0.00838806
53	139	0	0.0145616	0.00465971	53	140	0	0.0045252	0.00289613
53	141	0	0.00100222	6.41422E-4	53	142	0	1.06891E-4	6.84104E-5
53	143	0	2.49834E-5	1.59894E-5	53	144	0	1.23158E-7	7.88214E-8
53	145	0	1.22978E-8	7.87059E-9	53	146	0	2.0015E-11	1.28096E-11
53	147	0	7.26224E-13	4.64783E-13	53	148	0	7.56718E-15	4.843E-15
54	131	0	5.19006E-11	3.32164E-11	54	131	1	1.48002E-10	9.47211E-11
54	132	0	2.62003E-8	1.67682E-8	54	133	0	2.84003E-7	1.81762E-7
54	133	1	8.09009E-7	5.17766E-7	54	134	0	8.9501E-6	5.72807E-6
54	134	1	2.42003E-5	1.54882E-5	54	135	0	9.98611E-5	6.39111E-5
54	135	1	2.84223E-4	1.81903E-4	54	136	0	0.0030675	0.0019632
54	137	0	0.0126138	0.00403642	54	138	0	0.0318174	0.0101816
54	139	0	0.0422565	0.0135221	54	140	0	0.049074	0.0157037
54	141	0	0.027532	0.00881022	54	142	0	0.0127894	0.0040926
54	143	1	0.00123676	7.91524E-4	54	143	0	0.00123676	7.91524E-4
54	144	0	4.04841E-4	2.59099E-4	54	145	0	2.9918E-5	1.91475E-5
54	146	0	1.87E-6	1.1968E-6	54	147	0	5.02159E-8	3.21382E-8
54	148	0	7.07E-10	4.5248E-10	54	149	0	1.53867E-12	9.84751E-13
54	150	0	2.88003E-14	1.84322E-14	55	132	0	1.94002E-13	1.24161E-13
55	133	0	4.15005E-11	2.65603E-11	55	134	1	2.15502E-9	1.37922E-9
55	134	0	2.15502E-9	1.37922E-9	55	135	1	1.24001E-7	7.93609E-8
55	135	0	1.24001E-7	7.93609E-8	55	136	1	3.13004E-6	2.00322E-6
55	136	0	3.13004E-6	2.00322E-6	55	137	0	1.15941E-4	7.42024E-5
55	138	0	4.10765E-4	2.62889E-4	55	138	1	4.10765E-4	2.62889E-4
55	139	0	0.00432607	0.00276868	55	140	0	0.012357	0.00395423
55	141	0	0.0244454	0.00782251	55	142	0	0.0280367	0.00897174
55	143	0	0.0211115	0.00675568	55	144	0	0.00897411	0.00574343
55	145	0	0.00272021	0.00174093	55	146	0	4.77475E-4	3.05584E-4
55	147	0	5.66009E-5	3.62246E-5	55	148	0	2.60003E-6	1.66402E-6
55	149	0	4.92939E-8	3.15481E-8	55	150	0	1.58002E-9	1.01121E-9
55	151	0	1.62793E-12	1.04188E-12	55	152	0	1.35931E-13	8.69958E-14
55	153	0	9.37097E-15	5.99742E-15	56	134	0	5.83007E-14	3.73124E-14
56	135	1	5.65006E-12	3.61604E-12	56	135	0	5.65006E-12	3.61604E-12
56	136	1	7.20008E-10	4.60805E-10	56	136	0	7.20008E-10	4.60805E-10
56	137	0	2.21003E-8	1.41442E-8	56	137	1	6.28007E-8	4.01925E-8
56	138	0	2.84003E-6	1.81762E-6	56	139	0	4.49205E-5	2.87491E-5
56	140	0	5.60186E-4	3.58519E-4	56	141	0	0.00290546	0.0018595
56	142	0	0.0131742	0.00421576	56	143	0	0.0238246	0.00762387
56	144	0	0.0357252	0.011432	56	145	0	0.0252786	0.00808914
56	146	0	0.0166572	0.0053303	56	147	0	0.00560383	0.00358645
56	148	0	0.00109285	6.99426E-4	56	149	0	1.19922E-4	7.67501E-5
56	150	0	9.0301E-6	5.77927E-6	56	151	0	1.12566E-7	7.20422E-8
56	152	0	1.27E-8	8.12801E-9	56	153	0	6.4797E-10	4.14701E-10
56	154	0	1.75002E-12	1.12001E-12	56	155	0	2.18033E-14	1.39541E-14
56	156	0	9.79971E-16	6.27182E-16	57	137	0	1.09001E-12	6.97608E-13
57	138	0	1.18001E-10	7.55209E-11	57	139	0	9.1101E-9	5.83047E-9
57	140	0	3.56004E-7	2.27843E-7	57	141	0	8.31009E-6	5.31846E-6
57	142	0	1.14221E-4	7.31016E-5	57	143	0	8.7336E-4	5.5895E-4
57	144	0	0.00331186	0.00211959	57	145	0	0.00827907	0.00529861
57	146	1	0.00615206	0.00393732	57	146	0	0.00615206	0.00393732
57	147	0	0.0149147	0.0047727	57	148	0	0.00727326	0.00465489
57	149	0	0.00318364	0.00203753	57	150	0	6.64898E-4	4.25534E-4
57	151	0	1.26879E-4	8.12025E-5	57	152	0	1.16001E-5	7.42408E-6
57	153	0	7.3036E-7	4.67431E-7	57	154	0	1.96002E-8	1.25441E-8
57	155	0	6.98505E-10	4.47043E-10	57	156	0	2.32351E-11	1.48705E-11
57	157	0	3.81797E-14	2.4435E-14	57	158	0	3.20027E-16	2.04817E-16
58	139	0	3.29004E-14	2.10562E-14	58	139	1	9.36011E-14	5.99047E-14
58	140	0	2.45003E-11	1.56802E-11	58	141	0	1.78002E-9	1.13921E-9
58	142	0	1.22001E-7	7.80809E-8	58	143	0	2.88003E-6	1.84322E-6
58	144	0	4.81205E-5	3.07971E-5	58	145	0	3.22954E-4	2.0669E-4
58	146	0	0.00185653	0.00118818	58	147	0	0.00553166	0.00354026
58	148	0	0.0098797	0.00632301	58	149	0	0.0100282	0.00320902
58	150	0	0.00763175	0.00488432	58	151	0	0.00369649	0.00236575
58	152	0	0.00130466	8.34985E-4	58	153	0	2.18772E-4	1.40014E-4
58	154	0	2.38103E-5	1.52386E-5	58	155	0	1.69932E-6	1.08757E-6
58	156	0	7.63776E-8	4.88817E-8	58	157	0	2.63999E-9	1.68959E-9
58	158	0	2.99E-11	1.9136E-11	58	159	0	6.83579E-14	4.37491E-14
58	161	0	3.80917E-17	2.43787E-17	59	142	1	7.50009E-13	4.80005E-13
59	142	0	7.50009E-13	4.80005E-13	59	143	0	1.75002E-10	1.12001E-10
59	144	0	8.13009E-10	5.20326E-10	59	144	1	8.22009E-9	5.26086E-9
59	145	0	2.71003E-7	1.73442E-7	59	146	0	4.44005E-6	2.84163E-6
59	147	0	5.73207E-5	3.66852E-5	59	148	1	1.42292E-4	9.10666E-5
59	148	0	1.42292E-4	9.10666E-5	59	149	0	0.00111319	7.12443E-4
59	150	0	0.00202382	0.00129525	59	151	0	0.00345939	0.00221401
59	152	0	0.0027112	0.00173517	59	153	0	0.00160379	0.00102642
59	154	0	4.15125E-4	2.6568E-4	59	155	0	1.16471E-4	7.45416E-5
59	156	0	1.36902E-5	8.7617E-6	59	157	0	2.00002E-6	1.28001E-6
59	158	0	6.46007E-8	4.13445E-8	59	159	0	2.18996E-9	1.40157E-9
59	160	0	2.94003E-11	1.88162E-11	59	161	0	1.22033E-12	7.8101E-13
59	162	0	5.94029E-16	3.80179E-16	59	163	0	4.81584E-18	3.08214E-18
60	144	0	1.77002E-13	1.13281E-13	60	145	0	1.61002E-11	1.03041E-11
60	146	0	1.21001E-9	7.74409E-10	60	147	0	4.79005E-8	3.06563E-8
60	148	0	1.12001E-6	7.16808E-7	60	149	0	1.27001E-5	8.12809E-6
60	150	0	9.74211E-5	6.23495E-5	60	151	0	4.35165E-4	2.78506E-4
60	152	0	0.00120789	7.73052E-4	60	153	0	0.00159014	0.00101769
60	154	0	0.00134102	8.5825E-4	60	155	0	8.452E-4	5.40928E-4
60	156	0	3.46954E-4	2.22051E-4	60	157	0	1.26571E-4	8.10057E-5
60	158	0	1.63302E-5	1.04513E-5	60	159	0	1.46002E-6	9.34411E-7
60	160	0	8.3901E-8	5.36966E-8	60	161	0	2.96881E-9	1.90004E-9
60	162	0	5.55E-11	3.552E-11	60	163	0	3.32999E-13	2.13119E-13
60	165	0	1.23918E-17	7.93077E-18	60	166	0	5.11791E-19	3.27546E-19
61	147	0	7.06008E-13	4.51845E-13	61	148	0	1.44002E-11	9.2161E-12
61	148	1	3.90004E-11	2.49603E-11	61	149	0	2.84003E-9	1.81762E-9
61	150	0	6.61008E-8	4.23045E-8	61	151	0	1.33002E-6	8.5121E-7
61	152	2	3.28004E-6	2.09922E-6	61	152	0	3.28004E-6	2.09922E-6
61	152	1	3.28004E-6	2.09922E-6	61	153	0	5.02406E-5	3.2154E-5
61	154	0	4.96306E-5	3.17636E-5	61	154	1	4.96306E-5	3.17636E-5
61	155	0	2.17752E-4	1.39362E-4	61	156	0	1.92122E-4	1.22958E-4
61	157	0	2.35313E-4	1.506E-4	61	158	0	6.92008E-5	4.42885E-5
61	159	0	2.20203E-5	1.4093E-5	61	160	0	3.22004E-6	2.06082E-6
61	161	0	4.47005E-7	2.86083E-7	61	162	0	2.31003E-8	1.47842E-8
61	163	0	5.76007E-10	3.68644E-10	61	164	0	1.98002E-11	1.26721E-11
61	165	0	3.96992E-13	2.54075E-13	61	166	0	1.21346E-14	7.76613E-15
61	167	0	1.48958E-17	9.53334E-18	61	168	0	2.57948E-19	1.65087E-19
61	169	0	1.04606E-20	6.69479E-21	62	149	0	4.38005E-14	2.80323E-14
62	150	0	4.86006E-12	3.11044E-12	62	151	0	3.03003E-10	1.93922E-10
62	152	0	9.81011E-9	6.27847E-9	62	153	0	1.41002E-7	9.0241E-8
62	154	0	1.12001E-6	7.16808E-7	62	155	0	6.47007E-6	4.14085E-6
62	156	0	2.11302E-5	1.35234E-5	62	157	0	6.12407E-5	3.9194E-5
62	158	0	6.17407E-5	3.9514E-5	62	159	0	4.20405E-5	2.69059E-5
62	160	0	2.07802E-5	1.32994E-5	62	161	0	6.52007E-6	4.17285E-6
62	162	0	1.25001E-6	8.00009E-7	62	163	0	7.85009E-8	5.02406E-8
62	164	0	1.11001E-8	7.10408E-9	62	165	0	5.98007E-10	3.82724E-10
62	166	0	3.98883E-11	2.55285E-11	62	167	0	1.03E-12	6.59198E-13
62	168	0	2.41E-14	1.5424E-14	62	169	0	7.23315E-16	4.62922E-16
62	171	0	3.9246E-21	2.51174E-21	63	152	2	3.77338E-14	2.41496E-14
63	152	0	3.77338E-14	2.41496E-14	63	152	1	3.77338E-14	2.41496E-14
63	153	0	7.24008E-12	4.63365E-12	63	154	1	8.05009E-11	5.15206E-11
63	154	0	8.05009E-11	5.15206E-11	63	155	0	4.04005E-9	2.58563E-9
63	156	0	3.56004E-8	2.27843E-8	63	157	0	4.24005E-7	2.71363E-7
63	158	0	1.11001E-6	7.10408E-7	63	159	0	2.74003E-6	1.75362E-6
63	160	0	3.14004E-6	2.00962E-6	63	161	0	3.25004E-6	2.08002E-6
63	162	0	1.37002E-6	8.7681E-7	63	163	0	2.87003E-7	1.83682E-7
63	164	0	9.55011E-8	6.11207E-8	63	165	0	1.90002E-8	1.21601E-8
63	166	0	3.33004E-9	2.13122E-9	63	167	0	3.58004E-10	2.29123E-10
63	168	0	2.27003E-11	1.45282E-11	63	169	0	8.15286E-13	5.21783E-13
63	171	0	1.25731E-16	8.04677E-17	64	155	0	1.78002E-13	1.13921E-13
64	156	0	6.71008E-12	4.29445E-12	64	157	0	2.30003E-10	1.47202E-10
64	158	0	2.59003E-9	1.65762E-9	64	159	0	1.71002E-8	1.09441E-8
64	160	0	7.98009E-8	5.10726E-8	64	161	0	2.04002E-7	1.30561E-7
64	162	0	3.17004E-7	2.02882E-7	64	163	0	1.47002E-7	9.40811E-8
64	164	0	1.64002E-7	1.04961E-7	64	165	0	7.03008E-8	4.49925E-8
64	166	0	4.27005E-8	2.73283E-8	64	167	0	1.10001E-8	7.04008E-9
64	168	0	2.64003E-9	1.68962E-9	64	169	0	2.52003E-10	1.61282E-10
64	170	0	1.01001E-11	6.46407E-12	64	171	0	3.05878E-13	1.95762E-13
65	158	0	6.56007E-14	4.19845E-14	65	159	0	2.04002E-12	1.30561E-12
65	160	0	2.72003E-11	1.74082E-11	65	161	0	2.88003E-10	1.84322E-10
65	162	0	6.10007E-10	3.90404E-10	65	162	1	6.10007E-10	3.90404E-10
65	163	0	2.19002E-9	1.40162E-9	65	164	0	6.15007E-9	3.93604E-9
65	165	0	9.2101E-9	5.89447E-9	65	166	0	1.26001E-8	8.06409E-9
65	167	0	1.09001E-8	6.97608E-9	65	168	0	5.63006E-9	3.60324E-9
65	169	0	1.90002E-9	1.21601E-9	65	170	0	1.82002E-10	1.16481E-10
65	171	0	2.17002E-11	1.38882E-11	65	172	0	1.59002E-12	1.01761E-12
66	161	0	2.94003E-14	1.88162E-14	66	162	0	5.49006E-13	3.51364E-13
66	163	0	2.72003E-12	1.74082E-12	66	164	0	3.23004E-11	2.06722E-11
66	165	0	1.12001E-10	7.16808E-11	66	165	1	1.52002E-11	9.72811E-12
66	166	0	6.84008E-10	4.37765E-10	66	167	0	1.45002E-9	9.28011E-10
66	168	0	2.58003E-9	1.65122E-9	66	169	0	1.94002E-9	1.24161E-9
66	170	0	6.03007E-10	3.85924E-10	66	171	0	1.62002E-10	1.03681E-10
66	172	0	4.14005E-11	2.64963E-11	67	165	0	3.46004E-14	2.21443E-14
67	166	0	1.43002E-13	9.1521E-14	67	166	1	3.86004E-13	2.47043E-13
67	167	0	4.71005E-12	3.01443E-12	67	168	0	2.16002E-11	1.38242E-11
67	169	0	6.30007E-11	4.03205E-11	67	170	0	2.29003E-11	1.46562E-11
67	170	1	2.29003E-11	1.46562E-11	67	171	0	4.28005E-11	2.73923E-11
67	172	0	2.36003E-11	1.51042E-11	68	168	0	2.23003E-14	1.42722E-14
68	169	0	1.82002E-13	1.16481E-13	68	170	0	5.35006E-13	3.42404E-13
68	171	0	1.31001E-12	8.3841E-13	68	172	0	2.67003E-12	1.70882E-12