Z	A	FPS	Yield	Uncertainty	Z	A	FPS	Yield	Uncertainty
23	66	0	7.58793E-20	4.85627E-20	24	66	0	1.17999E-14	7.55195E-15
24	69	0	3.92061E-18	2.50919E-18	25	66	0	1.13E-11	7.232E-12
25	67	0	5.25E-12	3.36E-12	25	68	0	1.48E-12	9.472E-13
25	69	0	2.00996E-13	1.28637E-13	25	70	0	1.15E-14	7.36E-15
25	72	0	8.03806E-18	5.14436E-18	25	73	0	4.27498E-19	2.73599E-19
26	66	0	4.03E-10	2.5792E-10	26	67	0	6.32E-10	4.0448E-10
26	68	0	6.28E-10	4.0192E-10	26	69	0	3.01E-10	1.9264E-10
26	70	0	6.41E-11	4.1024E-11	26	71	0	1.0E-11	6.4E-12
26	72	0	1.24999E-12	7.99995E-13	26	73	0	4.86996E-14	3.11677E-14
26	75	0	1.2464E-16	7.97698E-17	27	66	0	7.83E-10	5.0112E-10
27	67	0	3.54E-9	2.2656E-9	27	68	0	1.07E-8	6.848E-9
27	69	0	1.62E-8	1.0368E-8	27	70	0	1.18E-8	7.552E-9
27	71	0	6.61E-9	4.2304E-9	27	72	0	3.04E-9	1.9456E-9
27	73	0	4.44E-10	2.8416E-10	27	74	0	4.95E-11	3.168E-11
27	75	0	6.38988E-12	4.08952E-12	27	76	0	2.01E-13	1.2864E-13
27	77	0	2.79146E-15	1.78654E-15	27	78	0	1.02887E-16	6.58478E-17
28	66	0	9.62E-11	6.1568E-11	28	67	0	1.27E-9	8.128E-10
28	68	0	1.09E-8	6.976E-9	28	69	0	4.5E-8	2.88E-8
28	70	0	9.64E-8	6.1696E-8	28	71	0	1.68E-7	1.0752E-7
28	72	0	2.56E-7	1.6384E-7	28	73	0	1.3E-7	8.32E-8
28	74	0	5.09E-8	3.2576E-8	28	75	0	2.43E-8	1.5552E-8
28	76	0	2.89E-9	1.8496E-9	28	77	0	3.17997E-10	2.03518E-10
28	78	0	1.59999E-11	1.02399E-11	28	79	0	2.18462E-13	1.39816E-13
28	81	0	3.8816E-16	2.48422E-16	29	66	0	5.22E-13	3.3408E-13
29	67	0	2.37E-11	1.5168E-11	29	68	0	1.77E-10	1.1328E-10
29	68	1	4.79E-10	3.0656E-10	29	69	0	8.05E-9	5.152E-9
29	70	0	1.09E-8	6.976E-9	29	70	1	3.87E-8	2.4768E-8
29	71	0	2.42E-7	1.5488E-7	29	72	0	1.05E-6	6.72E-7
29	73	0	1.6E-6	1.024E-6	29	74	0	1.93E-6	1.2352E-6
29	75	0	3.13E-6	2.0032E-6	29	76	0	1.31E-6	8.384E-7
29	77	0	5.27E-7	3.3728E-7	29	78	0	9.93E-8	6.3552E-8
29	79	0	1.11998E-8	7.16786E-9	29	80	0	6.37E-10	4.0768E-10
29	81	0	1.98996E-11	1.27358E-11	29	82	0	2.61E-13	1.6704E-13
29	83	0	3.34449E-15	2.14047E-15	30	67	0	1.59E-14	1.0176E-14
30	68	0	1.6E-12	1.024E-12	30	69	0	1.14E-11	7.296E-12
30	69	1	5.56E-11	3.5584E-11	30	70	0	1.39E-9	8.896E-10
30	71	0	3.66E-9	2.3424E-9	30	71	1	1.79E-8	1.1456E-8
30	72	0	2.79E-7	1.7856E-7	30	73	0	1.21E-6	7.744E-7
30	74	0	3.97E-6	2.5408E-6	30	75	0	1.855E-5	1.1872E-5
30	76	0	2.384E-5	1.52576E-5	30	77	0	3.121E-5	1.99744E-5
30	78	0	2.023E-5	1.29472E-5	30	79	0	7.9E-6	5.056E-6
30	80	0	1.66E-6	1.0624E-6	30	81	0	2.02E-7	1.2928E-7
30	82	0	1.08E-8	6.912E-9	30	83	0	3.80997E-10	2.43838E-10
30	84	0	6.85E-12	4.384E-12	30	85	0	8.77748E-14	5.61759E-14
31	69	0	1.88E-14	1.2032E-14	31	70	0	1.45E-12	9.28E-13
31	71	0	8.11E-11	5.1904E-11	31	72	1	1.825E-9	1.168E-9
31	72	0	1.825E-9	1.168E-9	31	73	0	5.22E-8	3.3408E-8
31	74	1	2.585E-7	1.6544E-7	31	74	0	2.585E-7	1.6544E-7
31	75	0	7.06E-6	4.5184E-6	31	76	0	2.552E-5	1.63328E-5
31	77	0	9.427E-5	6.03328E-5	31	78	0	1.7985E-4	1.15104E-4
31	79	0	2.1344E-4	1.36602E-4	31	80	0	1.4878E-4	9.52192E-5
31	81	0	6.552E-5	4.19328E-5	31	82	0	1.365E-5	8.736E-6
31	83	0	1.92E-6	1.2288E-6	31	84	0	1.45E-7	9.28E-8
31	85	0	4.49991E-9	2.87994E-9	31	86	0	1.05E-10	6.72E-11
31	87	0	4.31009E-13	2.75846E-13	31	88	0	9.00263E-15	5.76168E-15
32	72	0	1.67E-12	1.0688E-12	32	73	0	7.28E-11	4.6592E-11
32	73	1	1.49E-11	9.536E-12	32	74	0	3.0E-9	1.92E-9
32	75	0	1.68E-8	1.0752E-8	32	75	1	1.23E-7	7.872E-8
32	76	0	1.64E-6	1.0496E-6	32	77	0	1.614E-5	1.03296E-5
32	77	1	2.2E-6	1.408E-6	32	78	0	1.0042E-4	6.42688E-5
32	79	1	1.6249E-4	1.03994E-4	32	79	0	1.6249E-4	1.03994E-4
32	80	0	6.4613E-4	4.13523E-4	32	81	0	8.8043E-4	5.63475E-4
32	82	0	6.268E-4	4.01152E-4	32	83	0	3.2077E-4	2.05293E-4
32	84	0	9.577E-5	6.12928E-5	32	85	0	1.213E-5	7.7632E-6
32	86	0	1.15E-6	7.36E-7	32	87	0	4.90996E-8	3.14237E-8
32	88	0	1.39999E-9	8.95994E-10	32	89	0	8.87501E-12	5.68001E-12
32	90	0	2.49819E-13	1.59884E-13	32	91	0	1.88991E-14	1.20954E-14
33	74	0	1.56E-13	9.984E-14	33	74	1	4.2E-13	2.688E-13
33	75	0	1.0E-10	6.4E-11	33	76	0	4.27E-9	2.7328E-9
33	77	0	1.68E-7	1.0752E-7	33	78	0	3.09E-6	1.9776E-6
33	79	0	3.069E-5	1.96416E-5	33	80	0	1.812E-4	1.15968E-4
33	81	0	7.1897E-4	4.60141E-4	33	82	0	7.5911E-4	4.8583E-4
33	82	1	7.5911E-4	4.8583E-4	33	83	0	0.00239397	0.00153214
33	84	1	0.00121542	7.77869E-4	33	84	0	0.00121542	7.77869E-4
33	85	0	0.00112505	7.20032E-4	33	86	0	3.9761E-4	2.5447E-4
33	87	0	6.864E-5	4.39296E-5	33	88	0	7.58E-6	4.8512E-6
33	89	0	4.54991E-7	2.91194E-7	33	90	0	9.38197E-9	6.00446E-9
33	91	0	9.68891E-10	6.2009E-10	33	92	0	9.70998E-13	6.21438E-13
33	93	0	1.19347E-13	7.63821E-14	34	76	0	3.54E-13	2.2656E-13
34	77	0	6.31E-12	4.0384E-12	34	77	1	4.63E-11	2.9632E-11
34	78	0	3.57E-9	2.2848E-9	34	79	0	1.09E-7	6.976E-8
34	79	1	1.48E-8	9.472E-9	34	80	0	2.53E-6	1.6192E-6
34	81	0	4.09E-6	2.6176E-6	34	81	1	2.998E-5	1.91872E-5
34	82	0	2.3503E-4	1.50419E-4	34	83	0	9.4231E-4	6.03078E-4
34	83	1	1.93E-4	1.2352E-4	34	84	0	0.00342684	0.00219318
34	85	0	0.00251281	0.0016082	34	85	1	0.00249608	0.00159749
34	86	0	0.00566304	0.00362435	34	87	0	0.00346417	0.00221707
34	88	0	0.00135321	8.66054E-4	34	89	0	3.2103E-4	2.05459E-4
34	90	0	4.37406E-5	2.7994E-5	34	91	0	3.30903E-6	2.11778E-6
34	92	0	1.50999E-7	9.66394E-8	34	93	0	1.35957E-8	8.70127E-9
34	94	0	6.81E-11	4.3584E-11	34	95	0	6.26924E-13	4.01231E-13
35	78	0	1.27E-13	8.128E-14	35	79	0	3.39E-12	2.1696E-12
35	79	1	1.28E-11	8.192E-12	35	80	0	2.73E-10	1.7472E-10
35	80	1	9.67E-10	6.1888E-10	35	81	0	6.34E-8	4.0576E-8
35	82	0	1.21E-6	7.744E-7	35	82	1	4.48E-7	2.8672E-7
35	83	0	2.897E-5	1.85408E-5	35	84	0	9.988E-5	6.39232E-5
35	84	1	2.1224E-4	1.35834E-4	35	85	0	0.00144865	9.27136E-4
35	86	0	0.00244416	0.00156426	35	86	1	0.00244141	0.0015625
35	87	0	0.00892584	0.00571254	35	88	0	0.0107015	0.00342448
35	89	0	0.00866721	0.00554701	35	90	0	0.00405893	0.00259772
35	91	0	0.00114909	7.35418E-4	35	92	0	1.9656E-4	1.25798E-4
35	93	0	2.08964E-5	1.33737E-5	35	94	0	1.35E-6	8.64E-7
35	95	0	3.21402E-8	2.05698E-8	35	96	0	9.88E-10	6.3232E-10
35	97	0	3.80096E-12	2.43261E-12	35	98	0	7.26641E-14	4.6505E-14
36	80	0	1.82E-14	1.1648E-14	36	81	0	3.25E-12	2.08E-12
36	81	1	4.44E-13	2.8416E-13	36	82	0	3.93E-10	2.5152E-10
36	83	0	2.27E-8	1.4528E-8	36	83	1	4.64E-9	2.9696E-9
36	84	0	1.18E-6	7.552E-7	36	85	0	1.735E-5	1.1104E-5
36	85	1	3.55E-6	2.272E-6	36	86	0	2.4621E-4	1.57574E-4
36	87	0	0.00151913	9.72243E-4	36	88	0	0.00529227	0.00338705
36	89	0	0.0130339	0.00417086	36	90	0	0.0180725	0.0057832
36	91	0	0.0163644	0.0052366	36	92	0	0.0093107	0.00595885
36	93	0	0.00349376	0.00223601	36	94	0	8.2948E-4	5.30867E-4
36	95	0	1.09768E-4	7.02514E-5	36	96	0	8.7E-6	5.568E-6
36	97	0	4.32996E-7	2.77118E-7	36	98	0	1.12999E-8	7.23195E-9
36	99	0	8.52229E-12	5.45426E-12	36	100	0	2.15E-12	1.376E-12
36	101	0	9.82638E-14	6.28888E-14	37	83	0	7.86E-13	5.0304E-13
37	84	0	1.43E-10	9.152E-11	37	85	0	1.06E-8	6.784E-9
37	86	1	2.45E-7	1.568E-7	37	86	0	2.45E-7	1.568E-7
37	87	0	1.207E-5	7.7248E-6	37	88	0	1.4565E-4	9.3216E-5
37	89	0	0.00124628	7.97619E-4	37	90	0	8.8886E-4	5.6887E-4
37	90	1	0.00433781	0.0027762	37	91	0	0.0141266	0.0045205
37	92	0	0.0231695	0.00741423	37	93	0	0.0260768	0.00834459
37	94	0	0.0198017	0.00633653	37	95	0	0.0086679	0.00554746
37	96	0	0.00247053	0.00158114	37	97	0	4.444E-4	2.84416E-4
37	98	0	4.454E-5	2.85056E-5	37	99	0	4.36908E-7	2.79621E-7
37	100	0	1.22E-7	7.808E-8	37	101	0	5.03765E-9	3.22409E-9
37	102	0	5.97389E-12	3.82329E-12	37	103	0	4.37548E-13	2.80031E-13
37	104	0	2.75223E-15	1.76143E-15	38	85	1	8.1E-14	5.184E-14
38	85	0	8.1E-14	5.184E-14	38	86	0	3.07E-11	1.9648E-11
38	87	0	2.63E-9	1.6832E-9	38	87	1	5.39E-10	3.4496E-10
38	88	0	1.47E-7	9.408E-8	38	89	0	5.02E-6	3.2128E-6
38	90	0	7.54E-5	4.8256E-5	38	91	0	7.1156E-4	4.55398E-4
38	92	0	0.00369034	0.00236182	38	93	0	0.012258	0.00392255
38	94	0	0.0269001	0.00860802	38	95	0	0.0335495	0.0107359
38	96	0	0.0294365	0.00941968	38	97	0	0.0168904	0.00540491
38	98	0	0.00591228	0.00378386	38	99	0	0.00149216	9.54984E-4
38	100	0	2.105E-4	1.3472E-4	38	101	0	1.7205E-5	1.10112E-5
38	102	0	9.28994E-7	5.94556E-7	38	103	0	4.98445E-8	3.19005E-8
38	104	0	4.27997E-10	2.73918E-10	38	105	0	1.17665E-12	7.53058E-13
38	106	0	8.8393E-14	5.65715E-14	39	87	0	2.46E-14	1.5744E-14
39	88	0	4.54E-12	2.9056E-12	39	89	0	1.12E-10	7.168E-11
39	89	1	5.45E-10	3.488E-10	39	90	1	1.915E-8	1.2256E-8
39	90	0	1.915E-8	1.2256E-8	39	91	1	7.1E-7	4.544E-7
39	91	0	7.1E-7	4.544E-7	39	92	0	2.696E-5	1.72544E-5
39	93	1	1.57795E-4	1.00989E-4	39	93	0	1.57795E-4	1.00989E-4
39	94	0	0.002269	0.00145216	39	95	0	0.0084332	0.00539725
39	96	0	0.00194367	0.00124395	39	96	1	0.0196526	0.00628883
39	97	1	0.0173547	0.011107	39	97	0	0.0173547	0.011107
39	98	0	0.018048	0.00577537	39	98	1	0.0180471	0.00577506
39	99	0	0.0279207	0.00893463	39	100	0	0.0128577	0.00411445
39	101	0	0.003745	0.0023968	39	102	0	7.2602E-4	4.64653E-4
39	103	0	7.66102E-5	4.90305E-5	39	104	0	4.99E-6	3.1936E-6
39	105	0	6.0323E-8	3.86067E-8	39	106	0	3.31961E-9	2.12455E-9
40	90	1	2.915E-13	1.8656E-13	40	90	0	2.915E-13	1.8656E-13
40	91	0	8.87E-11	5.6768E-11	40	92	0	6.61E-9	4.2304E-9
40	93	0	2.97E-7	1.9008E-7	40	94	0	8.0E-6	5.12E-6
40	95	0	1.0358E-4	6.62912E-5	40	96	0	9.0544E-4	5.79482E-4
40	97	0	0.0045192	0.00289229	40	98	0	0.0140969	0.00451101
40	99	0	0.0306858	0.00981947	40	100	0	0.0399297	0.0127775
40	101	0	0.0352986	0.0112955	40	102	0	0.0215097	0.0068831
40	103	0	0.00783843	0.0050166	40	104	0	0.00185472	0.00118702
40	105	0	2.0602E-4	1.31853E-4	40	106	0	1.54767E-5	9.90508E-6
40	107	0	9.62368E-13	6.15915E-13	40	108	0	1.65E-13	1.056E-13
40	109	0	2.90273E-15	1.85775E-15	40	111	0	3.29653E-17	2.10978E-17
40	112	0	3.57455E-14	2.28771E-14	40	113	0	2.81844E-15	1.8038E-15
41	92	0	4.77E-14	3.0528E-14	41	93	0	7.11E-12	4.5504E-12
41	93	1	1.46E-12	9.344E-13	41	94	0	5.73E-10	3.6672E-10
41	94	1	3.36E-10	2.1504E-10	41	95	0	3.67E-8	2.3488E-8
41	95	1	7.52E-9	4.8128E-9	41	96	0	1.47E-6	9.408E-7
41	97	0	2.175E-5	1.392E-5	41	97	1	4.45E-6	2.848E-6
41	98	0	2.2541E-4	1.44262E-4	41	98	1	6.358E-5	4.06912E-5
41	99	0	1.6236E-4	1.0391E-4	41	99	1	0.00186698	0.00119487
41	100	0	0.00399535	0.00255702	41	100	1	0.00399535	0.00255702
41	101	0	0.0208119	0.00665982	41	102	1	0.0177668	0.0113707
41	102	0	0.0177668	0.0113707	41	103	0	0.0381084	0.0121947
41	104	1	0.0140449	0.00898873	41	104	0	0.0140449	0.00898873
41	105	0	0.0104016	0.0033285	41	106	0	0.00285542	0.00182747
41	107	0	1.293E-5	8.2752E-6	41	108	0	9.92E-7	6.3488E-7
41	109	0	3.9E-8	2.496E-8	41	110	0	9.24E-10	5.9136E-10
41	111	0	4.42909E-10	2.83462E-10	41	112	0	1.34243E-9	8.59153E-10
41	113	0	1.44492E-10	9.24748E-11	41	114	0	7.90945E-15	5.06205E-15
41	115	0	1.47424E-15	9.43513E-16	42	95	0	5.64E-13	3.6096E-13
42	96	0	7.45E-11	4.768E-11	42	97	0	5.03E-9	3.2192E-9
42	98	0	2.14E-7	1.3696E-7	42	99	0	5.47E-6	3.5008E-6
42	100	0	7.573E-5	4.84672E-5	42	101	0	6.817E-4	4.36288E-4
42	102	0	0.00366448	0.00234527	42	103	0	0.0119457	0.00382264
42	104	0	0.0255294	0.00816942	42	105	0	0.0273574	0.00875436
42	106	0	0.0232613	0.00744363	42	107	0	0.00827365	0.00529514
42	108	0	0.00267819	0.00171404	42	109	0	5.0373E-4	3.22387E-4
42	110	0	6.394E-5	4.09216E-5	42	111	0	5.54956E-6	3.55172E-6
42	112	0	6.25866E-6	4.00554E-6	42	113	0	4.9348E-7	3.15827E-7
42	114	0	1.22999E-9	7.87195E-10	42	115	0	1.67942E-10	1.07483E-10
42	116	0	5.85E-14	3.744E-14	42	117	0	1.21616E-15	7.78345E-16
43	97	1	1.415E-14	9.056E-15	43	97	0	1.415E-14	9.056E-15
43	98	0	4.82E-12	3.0848E-12	43	99	0	3.9E-10	2.496E-10
43	99	1	7.99E-11	5.1136E-11	43	100	0	2.45E-8	1.568E-8
43	101	0	8.44E-7	5.4016E-7	43	102	0	8.15E-6	5.216E-6
43	102	1	8.15E-6	5.216E-6	43	103	0	1.8962E-4	1.21357E-4
43	104	0	0.00136781	8.75398E-4	43	105	0	0.00461614	0.00295433
43	106	0	0.0119671	0.00382948	43	107	0	0.0159777	0.00511288
43	108	0	0.0133711	0.00427875	43	109	0	0.00754559	0.00339552
43	110	0	0.00348682	0.00223156	43	111	0	0.00117936	7.5479E-4
43	112	0	3.1573E-4	2.02067E-4	43	113	0	2.64664E-5	1.69385E-5
43	114	0	2.26E-6	1.4464E-6	43	115	0	2.58124E-7	1.65199E-7
43	116	0	2.51E-9	1.6064E-9	43	117	0	6.23486E-11	3.99031E-11
43	118	0	4.91286E-14	3.14423E-14	43	119	0	1.37818E-15	8.82032E-16
44	100	0	2.35E-13	1.504E-13	44	101	0	3.22E-11	2.0608E-11
44	102	0	2.37E-9	1.5168E-9	44	103	0	1.07E-7	6.848E-8
44	104	0	2.91E-6	1.8624E-6	44	105	0	3.597E-5	2.30208E-5
44	106	0	3.3548E-4	2.14707E-4	44	107	0	1.7728E-4	1.13459E-4
44	108	0	5.0603E-4	3.23859E-4	44	109	1	4.55655E-4	2.91619E-4
44	109	0	4.55655E-4	2.91619E-4	44	110	0	0.0012473	7.98272E-4
44	111	0	0.00110308	7.05971E-4	44	112	0	8.306E-4	5.31584E-4
44	113	0	3.6224E-4	2.31834E-4	44	114	0	1.4728E-4	9.42592E-5
44	115	0	3.07617E-5	1.96875E-5	44	116	0	3.28E-6	2.0992E-6
44	117	0	2.12938E-7	1.3628E-7	44	118	0	7.63995E-9	4.88957E-9
44	119	0	1.56999E-10	1.00479E-10	44	120	0	1.81E-12	1.1584E-12
44	121	0	1.51363E-14	9.68722E-15	45	103	0	2.17E-13	1.3888E-13
45	103	1	1.59E-12	1.0176E-12	45	104	0	4.3E-11	2.752E-11
45	104	1	1.53E-10	9.792E-11	45	105	0	8.32E-9	5.3248E-9
45	105	1	1.13E-9	7.232E-10	45	106	0	1.75E-7	1.12E-7
45	106	1	1.75E-7	1.12E-7	45	107	0	1.38E-9	8.832E-10
45	108	0	9.2E-9	5.888E-9	45	108	1	9.2E-9	5.888E-9
45	109	0	8.07E-8	5.1648E-8	45	109	1	8.07E-8	5.1648E-8
45	110	0	5.53E-7	3.5392E-7	45	110	1	5.53E-7	3.5392E-7
45	111	0	4.25E-6	2.72E-6	45	112	0	1.4012E-4	8.96768E-5
45	113	0	2.9581E-4	1.89318E-4	45	114	0	4.835E-4	3.0944E-4
45	115	0	3.8126E-4	2.44006E-4	45	116	0	1.5547E-4	9.95008E-5
45	117	0	4.205E-5	2.6912E-5	45	118	0	6.39E-6	4.0896E-6
45	119	0	5.59E-7	3.5776E-7	45	120	0	2.8E-8	1.792E-8
45	121	0	7.75985E-10	4.9663E-10	45	122	0	1.17E-11	7.488E-12
45	123	0	1.14E-13	7.296E-14	46	105	0	7.33E-14	4.6912E-14
46	106	0	1.12E-11	7.168E-12	46	110	0	4.78E-13	3.0592E-13
46	111	0	2.96E-12	1.8944E-12	46	111	1	6.59E-12	4.2176E-12
46	112	0	1.09E-6	6.976E-7	46	113	0	1.402E-5	8.9728E-6
46	114	0	1.0239E-4	6.55296E-5	46	115	0	2.8704E-4	1.83706E-4
46	116	0	3.8707E-4	2.47725E-4	46	117	0	3.631E-4	2.32384E-4
46	118	0	2.0149E-4	1.28954E-4	46	119	0	6.731E-5	4.30784E-5
46	120	0	1.362E-5	8.7168E-6	46	121	0	1.58E-6	1.0112E-6
46	122	0	1.03E-7	6.592E-8	46	123	0	4.24E-9	2.7136E-9
46	124	0	9.06E-11	5.7984E-11	47	112	0	2.87E-10	1.8368E-10
47	113	0	3.13E-9	2.0032E-9	47	113	1	2.29E-8	1.4656E-8
47	114	0	1.04E-6	6.656E-7	47	115	0	6.2E-6	3.968E-6
47	115	1	6.2E-6	3.968E-6	47	116	0	3.083E-5	1.97312E-5
47	116	1	3.083E-5	1.97312E-5	47	117	0	9.864E-5	6.31296E-5
47	117	1	9.864E-5	6.31296E-5	47	118	0	1.7574E-4	1.12474E-4
47	118	1	1.7574E-4	1.12474E-4	47	119	0	3.7722E-4	2.41421E-4
47	120	1	1.3128E-4	8.40192E-5	47	120	0	1.3128E-4	8.40192E-5
47	121	0	1.1357E-4	7.26848E-5	47	122	1	1.4605E-5	9.3472E-6
47	122	0	1.4605E-5	9.3472E-6	47	123	0	4.83E-6	3.0912E-6
47	124	0	4.4E-7	2.816E-7	47	125	0	8.68E-12	5.5552E-12
47	126	0	9.46E-13	6.0544E-13	47	127	0	7.18E-14	4.5952E-14
47	129	0	4.95732E-16	3.17269E-16	47	131	0	4.60855E-12	2.94947E-12
47	132	0	1.08675E-13	6.95517E-14	48	113	0	3.19E-13	2.0416E-13
48	113	1	1.2E-12	7.68E-13	48	114	0	3.59E-10	2.2976E-10
48	115	0	4.38E-9	2.8032E-9	48	115	1	1.65E-8	1.056E-8
48	116	0	4.5E-7	2.88E-7	48	117	0	1.24E-6	7.936E-7
48	117	1	4.65E-6	2.976E-6	48	118	0	3.843E-5	2.45952E-5
48	119	0	6.79E-5	4.3456E-5	48	119	1	6.79E-5	4.3456E-5
48	120	0	2.9669E-4	1.89882E-4	48	121	1	2.0267E-4	1.29709E-4
48	121	0	2.0267E-4	1.29709E-4	48	122	0	3.485E-4	2.2304E-4
48	123	0	2.0169E-4	1.29082E-4	48	124	0	7.12E-5	4.5568E-5
48	125	0	3.06E-6	1.9584E-6	48	126	0	1.08E-6	6.912E-7
48	127	0	2.9E-7	1.856E-7	48	128	0	8.18E-8	5.2352E-8
48	129	0	1.48E-8	9.472E-9	48	130	0	1.88E-9	1.2032E-9
48	131	0	5.24995E-7	3.35997E-7	48	132	0	1.68999E-8	1.08159E-8
48	133	0	6.22226E-11	3.98225E-11	48	134	0	1.92E-12	1.2288E-12
48	135	0	6.33205E-14	4.05251E-14	49	115	0	9.09E-13	5.8176E-13
49	115	1	1.86E-13	1.1904E-13	49	116	2	3.67333E-11	2.35093E-11
49	116	0	3.67333E-11	2.35093E-11	49	116	1	3.67333E-11	2.35093E-11
49	117	0	5.46E-9	3.4944E-9	49	117	1	1.12E-9	7.168E-10
49	118	2	2.01E-8	1.2864E-8	49	118	0	1.43E-7	9.152E-8
49	118	1	2.01E-8	1.2864E-8	49	119	0	2.1E-6	1.344E-6
49	119	1	4.3E-7	2.752E-7	49	120	2	6.73333E-6	4.30933E-6
49	120	0	6.73333E-6	4.30933E-6	49	120	1	6.73333E-6	4.30933E-6
49	121	0	7.754E-5	4.96256E-5	49	121	1	1.588E-5	1.01632E-5
49	122	2	8.51133E-5	5.44725E-5	49	122	0	8.51133E-5	5.44725E-5
49	122	1	8.51133E-5	5.44725E-5	49	123	0	3.7343E-4	2.38995E-4
49	123	1	7.648E-5	4.89472E-5	49	124	1	2.5828E-4	1.65299E-4
49	124	0	2.5828E-4	1.65299E-4	49	125	0	3.2519E-4	2.08122E-4
49	125	1	3.2519E-4	2.08122E-4	49	126	1	3.22455E-4	2.06371E-4
49	126	0	3.22455E-4	2.06371E-4	49	127	0	2.7134E-4	1.73658E-4
49	127	1	2.7134E-4	1.73658E-4	49	128	1	2.68695E-4	1.71965E-4
49	128	0	2.68695E-4	1.71965E-4	49	129	0	1.7534E-4	1.12218E-4
49	129	1	1.7534E-4	1.12218E-4	49	130	2	6.37367E-5	4.07915E-5
49	130	1	6.37367E-5	4.07915E-5	49	130	0	6.37367E-5	4.07915E-5
49	131	1	2.05385E-4	1.31446E-4	49	131	0	2.05385E-4	1.31446E-4
49	132	0	5.612E-5	3.59168E-5	49	133	0	3.18994E-6	2.04156E-6
49	134	0	1.22E-7	7.808E-8	49	135	0	3.24622E-9	2.07758E-9
49	136	0	1.24E-11	7.936E-12	49	137	0	7.93548E-14	5.07871E-14
50	117	1	1.13E-13	7.232E-14	50	117	0	1.13E-13	7.232E-14
50	118	0	2.85E-11	1.824E-11	50	119	0	3.55E-10	2.272E-10
50	119	1	1.33E-9	8.512E-10	50	120	0	5.63E-8	3.6032E-8
50	121	0	2.71E-7	1.7344E-7	50	121	1	7.7E-7	4.928E-7
50	122	0	1.071E-5	6.8544E-6	50	123	0	4.728E-5	3.02592E-5
50	123	1	1.661E-5	1.06304E-5	50	124	0	2.3821E-4	1.52454E-4
50	125	0	4.5015E-4	2.88096E-4	50	125	1	1.5816E-4	1.01222E-4
50	126	0	0.0011872	7.59808E-4	50	127	0	0.00156982	0.00100468
50	127	1	5.5156E-4	3.52998E-4	50	128	1	0.00247507	0.00158404
50	128	0	0.00247507	0.00158404	50	129	0	0.00611616	0.00391434
50	129	1	0.00214793	0.00137468	50	130	1	0.00713027	0.00456337
50	130	0	0.00713027	0.00456337	50	131	1	0.00608436	0.00389399
50	131	0	0.00608436	0.00389399	50	132	0	0.00632657	0.004049
50	133	0	0.00144794	9.26682E-4	50	134	0	2.3208E-4	1.48531E-4
50	135	0	1.10868E-5	7.09552E-6	50	136	0	4.48E-7	2.8672E-7
50	137	0	9.03992E-9	5.78555E-9	50	138	0	9.6E-11	6.144E-11
50	139	0	8.91402E-13	5.70497E-13	50	140	0	4.23692E-14	2.71163E-14
51	119	0	3.42E-14	2.1888E-14	51	120	0	1.85E-12	1.184E-12
51	120	1	3.16E-12	2.0224E-12	51	121	0	4.01E-10	2.5664E-10
51	122	0	7.48E-9	4.7872E-9	51	122	1	9.91E-9	6.3424E-9
51	123	0	4.09E-7	2.6176E-7	51	124	2	1.96667E-6	1.25867E-6
51	124	0	1.96667E-6	1.25867E-6	51	124	1	1.96667E-6	1.25867E-6
51	125	0	2.34E-6	1.4976E-6	51	126	2	3.59E-6	2.2976E-6
51	126	0	5.2E-6	3.328E-6	51	126	1	3.59E-6	2.2976E-6
51	127	0	5.972E-5	3.82208E-5	51	128	0	1.5522E-4	9.93408E-5
51	128	1	2.1435E-4	1.37184E-4	51	129	0	0.00150098	9.60627E-4
51	130	0	0.00270545	0.00173149	51	130	1	0.00373609	0.0023911
51	131	0	0.020104	0.00643327	51	132	0	0.0177502	0.00568007
51	132	1	0.0157408	0.00503705	51	133	0	0.0262669	0.00840542
51	134	1	0.00780126	0.0049928	51	134	0	0.00780126	0.0049928
51	135	0	0.0030473	0.00195027	51	136	0	4.924E-4	3.15136E-4
51	137	0	4.101E-5	2.62464E-5	51	138	0	1.83E-6	1.1712E-6
51	139	0	4.56991E-8	2.92474E-8	51	140	0	1.59118E-9	1.01836E-9
51	141	0	1.69574E-12	1.08528E-12	51	142	0	3.6332E-14	2.32525E-14
52	122	0	8.81E-13	5.6384E-13	52	123	0	1.83E-11	1.1712E-11
52	123	1	6.89E-11	4.4096E-11	52	124	0	5.36E-9	3.4304E-9
52	125	0	1.11E-12	7.104E-13	52	125	1	4.16E-12	2.6624E-12
52	126	0	8.94E-11	5.7216E-11	52	127	0	3.85E-10	2.464E-10
52	127	1	1.1E-9	7.04E-10	52	128	0	3.34E-8	2.1376E-8
52	129	0	1.25E-7	8.0E-8	52	129	1	3.56E-7	2.2784E-7
52	130	0	8.16E-6	5.2224E-6	52	131	0	5.3906E-4	3.44998E-4
52	131	1	0.00153424	9.81914E-4	52	132	0	0.0114091	0.00365091
52	133	0	0.00731314	0.00468041	52	133	1	0.0208143	0.00666056
52	134	0	0.0525278	0.0168089	52	135	0	0.035249	0.0112797
52	136	0	0.0199262	0.00637638	52	137	0	0.00620639	0.00397209
52	138	0	0.00109062	6.97997E-4	52	139	0	1.109E-4	7.0976E-5
52	140	0	7.41841E-6	4.74778E-6	52	141	0	1.93175E-7	1.23632E-7
52	142	0	5.64996E-9	3.61598E-9	52	143	0	3.78547E-12	2.4227E-12
52	144	0	4.00395E-13	2.56253E-13	52	145	0	1.91275E-14	1.22416E-14
53	129	0	6.87E-14	4.3968E-14	53	130	0	3.82E-12	2.4448E-12
53	130	1	1.41E-12	9.024E-13	53	131	0	9.22E-6	5.9008E-6
53	132	1	9.964E-5	6.37696E-5	53	132	0	9.964E-5	6.37696E-5
53	133	1	9.0201E-4	5.77286E-4	53	133	0	9.0201E-4	5.77286E-4
53	134	0	0.00607354	0.00388707	53	134	1	0.00539236	0.00345111
53	135	0	0.0251306	0.0080418	53	136	0	0.021626	0.00692033
53	136	1	0.0215437	0.00689398	53	137	0	0.0424828	0.0135945
53	138	0	0.0252503	0.0080801	53	139	0	0.00933743	0.00597596
53	140	0	0.00233102	0.00149185	53	141	0	2.96907E-4	1.9002E-4
53	142	0	2.844E-5	1.82016E-5	53	143	0	1.94068E-7	1.24203E-7
53	144	0	1.50369E-8	9.62361E-9	53	145	0	9.80599E-10	6.27584E-10
53	146	0	6.94488E-13	4.44473E-13	53	147	0	8.7568E-14	5.60435E-14
54	131	0	3.48E-10	2.2272E-10	54	131	1	9.91E-10	6.3424E-10
54	132	0	1.24E-7	7.936E-8	54	133	0	1.22E-6	7.808E-7
54	133	1	3.48E-6	2.2272E-6	54	134	0	3.236E-5	2.07104E-5
54	134	1	8.749E-5	5.59936E-5	54	135	0	2.6606E-4	1.70278E-4
54	135	1	7.5725E-4	4.8464E-4	54	136	0	0.0059673	0.00381907
54	137	0	0.0184724	0.00591116	54	138	0	0.0333958	0.0106867
54	139	0	0.0382729	0.0122473	54	140	0	0.0303827	0.00972246
54	141	0	0.0132135	0.00422831	54	142	0	0.00475094	0.0030406
54	143	1	3.31398E-4	2.12095E-4	54	143	0	3.31398E-4	2.12095E-4
54	144	0	7.0105E-5	4.48672E-5	54	145	0	3.34902E-6	2.14337E-6
54	146	0	1.07999E-7	6.91196E-8	54	147	0	9.97555E-9	6.38435E-9
54	148	0	1.91E-11	1.2224E-11	54	149	0	1.79855E-13	1.15107E-13
55	132	0	2.34E-12	1.4976E-12	55	133	0	3.9E-10	2.496E-10
55	134	1	2.15E-8	1.376E-8	55	134	0	2.15E-8	1.376E-8
55	135	1	8.05E-7	5.152E-7	55	135	0	8.05E-7	5.152E-7
55	136	1	1.848E-5	1.18272E-5	55	136	0	1.848E-5	1.18272E-5
55	137	0	4.3095E-4	2.75808E-4	55	138	0	0.00136716	8.74982E-4
55	138	1	0.00136716	8.74982E-4	55	139	0	0.010164	0.00325247
55	140	0	0.024161	0.00773152	55	141	0	0.0311363	0.00996362
55	142	0	0.0354731	0.0113514	55	143	0	0.0168313	0.00538602
55	144	0	0.00629775	0.00403056	55	145	0	0.0011637	7.44768E-4
55	146	0	1.4588E-4	9.33632E-5	55	147	0	1.53322E-5	9.81263E-6
55	148	0	4.04E-7	2.5856E-7	55	149	0	9.22056E-9	5.90116E-9
55	150	0	1.18E-10	7.552E-11	55	151	0	3.24309E-13	2.07558E-13
55	152	0	6.11536E-15	3.91383E-15	56	134	0	4.6E-13	2.944E-13
56	135	1	3.94E-11	2.5216E-11	56	135	0	3.94E-11	2.5216E-11
56	136	1	3.805E-9	2.4352E-9	56	136	0	3.805E-9	2.4352E-9
56	137	0	9.52E-8	6.0928E-8	56	137	1	2.71E-7	1.7344E-7
56	138	0	9.32E-6	5.9648E-6	56	139	0	1.3312E-4	8.51968E-5
56	140	0	0.0011105	7.1072E-4	56	141	0	0.00468407	0.0029978
56	142	0	0.016797	0.00537503	56	143	0	0.0242343	0.00775499
56	144	0	0.0273059	0.0087379	56	145	0	0.0165933	0.00530985
56	146	0	0.0071335	0.00456544	56	147	0	0.00182721	0.00116941
56	148	0	2.6673E-4	1.70707E-4	56	149	0	3.14908E-5	2.01541E-5
56	150	0	1.16E-6	7.424E-7	56	151	0	3.69445E-8	2.36445E-8
56	152	0	9.50994E-10	6.08636E-10	56	153	0	3.39396E-12	2.17213E-12
56	154	0	6.08E-14	3.8912E-14	56	155	0	2.64359E-15	1.6919E-15
57	137	0	9.49E-12	6.0736E-12	57	138	0	1.02E-9	6.528E-10
57	139	0	6.09E-8	3.8976E-8	57	140	0	2.0E-6	1.28E-6
57	141	0	3.202E-5	2.04928E-5	57	142	0	4.2915E-4	2.74656E-4
57	143	0	0.00216054	0.00138275	57	144	0	0.00766827	0.00490769
57	145	0	0.0143091	0.0045789	57	146	1	0.00912806	0.00584196
57	146	0	0.00912806	0.00584196	57	147	0	0.0145805	0.00466577
57	148	0	0.00677198	0.00433407	57	149	0	0.00273893	0.00175292
57	150	0	3.6299E-4	2.32314E-4	57	151	0	5.67831E-5	3.63412E-5
57	152	0	4.17E-6	2.6688E-6	57	153	0	1.73997E-7	1.11358E-7
57	154	0	3.99E-9	2.5536E-9	57	155	0	1.35528E-10	8.67377E-11
57	156	0	9.45276E-14	6.04976E-14	57	157	0	2.47545E-15	1.58429E-15
57	158	0	1.87126E-17	1.19761E-17	58	139	0	2.17E-13	1.3888E-13
58	139	1	6.17E-13	3.9488E-13	58	140	0	1.12E-10	7.168E-11
58	141	0	7.32E-9	4.6848E-9	58	142	0	4.04E-7	2.5856E-7
58	143	0	8.14E-6	5.2096E-6	58	144	0	1.0711E-4	6.85504E-5
58	145	0	7.206E-4	4.61184E-4	58	146	0	0.00299296	0.00191549
58	147	0	0.00729902	0.00467137	58	148	0	0.00976122	0.00624718
58	149	0	0.0115642	0.00370054	58	150	0	0.00473448	0.00303007
58	151	0	0.00244877	0.00156721	58	152	0	6.1023E-4	3.90547E-4
58	153	0	9.063E-5	5.80032E-5	58	154	0	7.88E-6	5.0432E-6
58	155	0	4.62864E-7	2.96233E-7	58	156	0	1.46999E-8	9.40794E-9
58	157	0	2.81998E-10	1.80478E-10	58	158	0	2.90998E-12	1.86239E-12
58	159	0	1.74964E-14	1.11977E-14	59	141	0	4.93E-14	3.1552E-14
59	142	1	5.8E-12	3.712E-12	59	142	0	5.8E-12	3.712E-12
59	143	0	9.93E-10	6.3552E-10	59	144	0	4.72E-9	3.0208E-9
59	144	1	4.78E-8	3.0592E-8	59	145	0	1.43E-6	9.152E-7
59	146	0	2.257E-5	1.44448E-5	59	147	0	1.9832E-4	1.26925E-4
59	148	1	4.3466E-4	2.78182E-4	59	148	0	4.3466E-4	2.78182E-4
59	149	0	0.00315381	0.00201844	59	150	0	0.00376288	0.00240824
59	151	0	0.00561434	0.00359318	59	152	0	0.00406049	0.00259871
59	153	0	0.00185726	0.00118865	59	154	0	5.4688E-4	3.50003E-4
59	155	0	1.1137E-4	7.12768E-5	59	156	0	1.269E-5	8.1216E-6
59	157	0	9.04E-7	5.7856E-7	59	158	0	3.52E-8	2.2528E-8
59	159	0	8.96983E-10	5.74069E-10	59	160	0	1.32E-11	8.448E-12
59	161	0	1.79953E-14	1.1517E-14	59	162	0	1.96129E-16	1.25522E-16
59	163	0	1.86098E-18	1.19102E-18	60	144	0	7.72E-13	4.9408E-13
60	145	0	8.98E-11	5.7472E-11	60	146	0	5.73E-9	3.6672E-9
60	147	0	2.0E-7	1.28E-7	60	148	0	3.28E-6	2.0992E-6
60	149	0	4.265E-5	2.7296E-5	60	150	0	1.7293E-4	1.10675E-4
60	151	0	8.2057E-4	5.25165E-4	60	152	0	0.00172459	0.00110374
60	153	0	0.00221551	0.00141793	60	154	0	0.00189815	0.00121482
60	155	0	0.00114638	7.33683E-4	60	156	0	4.128E-4	2.64192E-4
60	157	0	9.867E-5	6.31488E-5	60	158	0	1.351E-5	8.6464E-6
60	159	0	1.25E-6	8.0E-7	60	160	0	6.65E-8	4.256E-8
60	161	0	2.04998E-9	1.31199E-9	60	162	0	3.04998E-11	1.95199E-11
60	163	0	2.11998E-13	1.35679E-13	60	165	0	4.73984E-18	3.0335E-18
61	146	0	4.29E-14	2.7456E-14	61	147	0	6.19E-12	3.9616E-12
61	148	0	1.08E-10	6.912E-11	61	148	1	2.91E-10	1.8624E-10
61	149	0	2.02E-8	1.2928E-8	61	150	0	3.11E-7	1.9904E-7
61	151	0	5.43E-6	3.4752E-6	61	152	2	1.294E-5	8.2816E-6
61	152	0	1.294E-5	8.2816E-6	61	152	1	1.294E-5	8.2816E-6
61	153	0	1.6018E-4	1.02515E-4	61	154	0	2.1266E-4	1.36102E-4
61	154	1	2.1266E-4	1.36102E-4	61	155	0	7.3336E-4	4.6935E-4
61	156	0	7.3999E-4	4.73594E-4	61	157	0	5.0771E-4	3.24934E-4
61	158	0	2.1085E-4	1.34944E-4	61	159	0	6.332E-5	4.05248E-5
61	160	0	1.112E-5	7.1168E-6	61	161	0	1.22E-6	7.808E-7
61	162	0	6.67E-8	4.2688E-8	61	163	0	1.74E-9	1.1136E-9
61	164	0	2.53E-11	1.6192E-11	61	165	0	2.42995E-13	1.55517E-13
61	166	0	1.20892E-16	7.73711E-17	61	167	0	2.92314E-18	1.87081E-18
62	149	0	2.87E-13	1.8368E-13	62	150	0	1.75E-11	1.12E-11
62	151	0	1.2E-9	7.68E-10	62	152	0	3.19E-8	2.0416E-8
62	153	0	4.78E-7	3.0592E-7	62	154	0	4.59E-6	2.9376E-6
62	155	0	2.636E-5	1.68704E-5	62	156	0	8.331E-5	5.33184E-5
62	157	0	1.6823E-4	1.07667E-4	62	158	0	1.9714E-4	1.2617E-4
62	159	0	1.6656E-4	1.06598E-4	62	160	0	8.301E-5	5.31264E-5
62	161	0	2.822E-5	1.80608E-5	62	162	0	5.1E-6	3.264E-6
62	163	0	4.63E-7	2.9632E-7	62	164	0	2.43E-8	1.5552E-8
62	165	0	8.35E-10	5.344E-10	62	166	0	1.87999E-11	1.20319E-11
62	167	0	3.32997E-13	2.13118E-13	62	169	0	5.57858E-18	3.57029E-18
62	171	0	6.10937E-22	3.91E-22	63	152	2	2.66E-13	1.7024E-13
63	152	0	2.66E-13	1.7024E-13	63	152	1	2.66E-13	1.7024E-13
63	153	0	4.56E-11	2.9184E-11	63	154	1	8.55E-10	5.472E-10
63	154	0	8.55E-10	5.472E-10	63	155	0	3.61E-8	2.3104E-8
63	156	0	4.09E-7	2.6176E-7	63	157	0	2.85E-6	1.824E-6
63	158	0	1.087E-5	6.9568E-6	63	159	0	2.81E-5	1.7984E-5
63	160	0	3.934E-5	2.51776E-5	63	161	0	3.751E-5	2.40064E-5
63	162	0	1.925E-5	1.232E-5	63	163	0	5.2E-6	3.328E-6
63	164	0	8.67E-7	5.5488E-7	63	165	0	9.73E-8	6.2272E-8
63	166	0	7.71E-9	4.9344E-9	63	167	0	4.99E-10	3.1936E-10
63	168	0	1.66E-11	1.0624E-11	63	169	0	2.85994E-13	1.83036E-13
63	171	0	3.13206E-17	2.00452E-17	64	154	0	1.89E-14	1.2096E-14
64	155	0	1.54E-12	9.856E-13	64	156	0	6.6E-11	4.224E-11
64	157	0	1.72E-9	1.1008E-9	64	158	0	2.4E-8	1.536E-8
64	159	0	2.19E-7	1.4016E-7	64	160	0	1.0E-6	6.4E-7
64	161	0	3.06E-6	1.9584E-6	64	162	0	4.69E-6	3.0016E-6
64	163	0	3.61E-6	2.3104E-6	64	164	0	1.69E-6	1.0816E-6
64	165	0	5.3E-7	3.392E-7	64	166	0	1.28E-7	8.192E-8
64	167	0	2.68E-8	1.7152E-8	64	168	0	3.07E-9	1.9648E-9
64	169	0	1.88E-10	1.2032E-10	64	170	0	6.24E-12	3.9936E-12
64	171	0	1.06969E-13	6.846E-14	65	157	0	3.12E-14	1.9968E-14
65	158	0	1.52E-12	9.728E-13	65	158	1	1.5E-13	9.6E-14
65	159	0	5.75E-11	3.68E-11	65	160	0	9.46E-10	6.0544E-10
65	161	0	1.04E-8	6.656E-9	65	162	0	2.79E-8	1.7856E-8
65	162	1	2.79E-8	1.7856E-8	65	163	0	1.42E-7	9.088E-8
65	164	0	2.07E-7	1.3248E-7	65	165	0	1.86E-7	1.1904E-7
65	166	0	1.26E-7	8.064E-8	65	167	0	7.46E-8	4.7744E-8
65	168	0	2.5E-8	1.6E-8	65	169	0	4.79E-9	3.0656E-9
65	170	0	5.09E-10	3.2576E-10	65	171	0	3.05E-11	1.952E-11
65	172	0	4.53E-13	2.8992E-13	66	160	0	2.72E-14	1.7408E-14
66	161	0	1.14E-12	7.296E-13	66	162	0	2.3E-11	1.472E-11
66	163	0	2.16E-10	1.3824E-10	66	164	0	1.12E-9	7.168E-10
66	165	0	2.94E-9	1.8816E-9	66	165	1	4.01E-10	2.5664E-10
66	166	0	7.39E-9	4.7296E-9	66	167	0	1.33E-8	8.512E-9
66	168	0	1.29E-8	8.256E-9	66	169	0	6.9E-9	4.416E-9
66	170	0	2.03E-9	1.2992E-9	66	171	0	3.64E-10	2.3296E-10
66	172	0	1.72E-11	1.1008E-11	67	164	0	5.44E-14	3.4816E-14
67	164	1	1.47E-13	9.408E-14	67	165	0	2.16E-12	1.3824E-12
67	166	0	4.7E-12	3.008E-12	67	166	1	1.27E-11	8.128E-12
67	167	0	1.11E-10	7.104E-11	67	168	0	3.61E-10	2.3104E-10
67	169	0	6.14E-10	3.9296E-10	67	170	0	2.62E-10	1.6768E-10
67	170	1	2.62E-10	1.6768E-10	67	171	0	2.67E-10	1.7088E-10
67	172	0	3.54E-11	2.2656E-11	68	167	0	2.75E-14	1.76E-14
68	168	0	3.76E-13	2.4064E-13	68	169	0	2.31E-12	1.4784E-12
68	170	0	6.64E-12	4.2496E-12	68	171	0	1.12E-11	7.168E-12
68	172	0	4.6E-12	2.944E-12	69	171	0	1.82E-14	1.1648E-14
69	172	0	2.67E-14	1.7088E-14