Z	A	FPS	Yield	Uncertainty	Z	A	FPS	Yield	Uncertainty
23	66	0	8.64479E-18	5.53266E-18	23	67	0	5.95371E-19	3.81037E-19
24	66	0	1.83991E-13	1.17754E-13	24	67	0	1.04994E-14	6.71962E-15
24	69	0	5.10836E-17	3.26935E-17	25	66	0	6.88E-11	4.4032E-11
25	67	0	1.45E-11	9.28E-12	25	68	0	3.09E-12	1.9776E-12
25	69	0	6.07949E-13	3.89087E-13	25	70	0	6.91E-14	4.4224E-14
25	72	0	2.52296E-16	1.6147E-16	26	66	0	3.62E-9	2.3168E-9
26	67	0	1.89E-9	1.2096E-9	26	68	0	1.4E-9	8.96E-10
26	69	0	6.99E-10	4.4736E-10	26	70	0	2.86E-10	1.8304E-10
26	71	0	4.66E-11	2.9824E-11	26	72	0	5.36975E-12	3.43664E-12
26	73	0	1.51E-13	9.664E-14	26	75	0	4.99074E-16	3.19407E-16
27	66	0	6.26E-9	4.0064E-9	27	67	0	1.01E-8	6.464E-9
27	68	0	1.69E-8	1.0816E-8	27	69	0	2.77E-8	1.7728E-8
27	70	0	2.78E-8	1.7792E-8	27	71	0	1.63E-8	1.0432E-8
27	72	0	4.82E-9	3.0848E-9	27	73	0	4.92E-10	3.1488E-10
27	74	0	6.98E-11	4.4672E-11	27	75	0	5.9395E-12	3.80128E-12
27	76	0	4.17E-13	2.6688E-13	27	77	0	3.02222E-14	1.93422E-14
27	78	0	1.45646E-15	9.32134E-16	28	66	0	2.27E-9	1.4528E-9
28	67	0	8.04E-9	5.1456E-9	28	68	0	3.94E-8	2.5216E-8
28	69	0	1.38E-7	8.832E-8	28	70	0	4.23E-7	2.7072E-7
28	71	0	5.85E-7	3.744E-7	28	72	0	5.76E-7	3.6864E-7
28	73	0	1.45E-7	9.28E-8	28	74	0	7.28E-8	4.6592E-8
28	75	0	1.6E-8	1.024E-8	28	76	0	4.22E-9	2.7008E-9
28	77	0	5.3297E-10	3.41101E-10	28	78	0	3.09985E-11	1.98391E-11
28	79	0	6.5871E-13	4.21574E-13	28	80	0	2.36E-14	1.5104E-14
29	66	0	2.56E-11	1.6384E-11	29	67	0	3.08E-10	1.9712E-10
29	68	0	9.23E-10	5.9072E-10	29	68	1	2.5E-9	1.6E-9
29	69	0	3.63E-8	2.3232E-8	29	70	0	5.2E-8	3.328E-8
29	70	1	1.84E-7	1.1776E-7	29	71	0	9.829999E-7	6.2912E-7
29	72	0	2.09E-6	1.3376E-6	29	73	0	1.64E-6	1.0496E-6
29	74	0	1.92E-6	1.2288E-6	29	75	0	1.42E-6	9.088E-7
29	76	0	9.63E-7	6.1632E-7	29	77	0	4.33E-7	2.7712E-7
29	78	0	6.54E-8	4.1856E-8	29	79	0	7.83934E-9	5.01718E-9
29	80	0	4.96E-10	3.1744E-10	29	81	0	2.14E-11	1.3696E-11
29	82	0	3.78E-13	2.4192E-13	29	83	0	1.87684E-14	1.20118E-14
30	66	0	3.94E-14	2.5216E-14	30	67	0	1.24E-12	7.936E-13
30	68	0	4.79E-11	3.0656E-11	30	69	0	2.09E-10	1.3376E-10
30	69	1	1.02E-9	6.528E-10	30	70	0	2.6E-8	1.664E-8
30	71	0	4.21E-8	2.6944E-8	30	71	1	2.05E-7	1.312E-7
30	72	0	1.57E-6	1.0048E-6	30	73	0	2.61E-6	1.6704E-6
30	74	0	9.02E-6	5.7728E-6	30	75	0	1.458E-5	9.3312E-6
30	76	0	3.208E-5	2.05312E-5	30	77	0	3.419E-5	2.18816E-5
30	78	0	1.764E-5	1.12896E-5	30	79	0	5.5E-6	3.52E-6
30	80	0	1.25E-6	8.0E-7	30	81	0	1.48E-7	9.472E-8
30	82	0	1.05E-8	6.72E-9	30	83	0	3.30981E-10	2.11828E-10
30	84	0	7.39E-12	4.7296E-12	30	85	0	1.96605E-13	1.25827E-13
31	68	0	1.6E-14	1.024E-14	31	69	0	1.47E-12	9.408E-13
31	70	0	7.87E-11	5.0368E-11	31	71	0	2.65E-9	1.696E-9
31	72	1	2.01E-8	1.2864E-8	31	72	0	2.01E-8	1.2864E-8
31	73	0	2.12E-7	1.3568E-7	31	74	1	8.05E-7	5.152E-7
31	74	0	8.05E-7	5.152E-7	31	75	0	7.74E-6	4.9536E-6
31	76	0	3.68E-5	2.3552E-5	31	77	0	1.1682E-4	7.47648E-5
31	78	0	1.3369E-4	8.55616E-5	31	79	0	1.375E-4	8.8E-5
31	80	0	7.496E-5	4.79744E-5	31	81	0	3.27E-5	2.0928E-5
31	82	0	6.46E-6	4.1344E-6	31	83	0	7.99E-7	5.1136E-7
31	84	0	5.29E-8	3.3856E-8	31	85	0	2.3398E-9	1.49747E-9
31	86	0	6.01E-11	3.8464E-11	31	87	0	1.43456E-12	9.18119E-13
32	70	0	3.03E-14	1.9392E-14	32	71	0	1.37E-12	8.768E-13
32	71	1	1.37E-12	8.768E-13	32	72	0	1.48E-10	9.472E-11
32	73	0	1.63E-9	1.0432E-9	32	73	1	3.33E-10	2.1312E-10
32	74	0	5.05E-8	3.232E-8	32	75	0	6.84E-8	4.3776E-8
32	75	1	5.01E-7	3.2064E-7	32	76	0	8.72E-6	5.5808E-6
32	77	0	5.281E-5	3.37984E-5	32	77	1	7.2E-6	4.608E-6
32	78	0	2.0219E-4	1.29402E-4	32	79	1	2.2546E-4	1.44294E-4
32	79	0	2.2546E-4	1.44294E-4	32	80	0	7.4123E-4	4.74387E-4
32	81	0	7.6799E-4	4.91514E-4	32	82	0	5.3902E-4	3.44973E-4
32	83	0	1.7761E-4	1.1367E-4	32	84	0	4.629E-5	2.96256E-5
32	85	0	5.78E-6	3.6992E-6	32	86	0	5.89E-7	3.7696E-7
32	87	0	2.52986E-8	1.61911E-8	32	88	0	9.15E-10	5.856E-10
32	89	0	1.50394E-11	9.62523E-12	32	90	0	1.77804E-12	1.13794E-12
33	72	0	1.22E-14	7.808E-15	33	73	0	5.91E-13	3.7824E-13
33	74	0	1.07E-11	6.848E-12	33	74	1	2.88E-11	1.8432E-11
33	75	0	1.58E-9	1.0112E-9	33	76	0	6.16E-8	3.9424E-8
33	77	0	1.42E-6	9.088E-7	33	78	0	1.107E-5	7.0848E-6
33	79	0	7.81E-5	4.9984E-5	33	80	0	2.7512E-4	1.76077E-4
33	81	0	8.7767E-4	5.61709E-4	33	82	0	7.0743E-4	4.52755E-4
33	82	1	7.0743E-4	4.52755E-4	33	83	0	0.00154585	9.89344E-4
33	84	1	5.18195E-4	3.31645E-4	33	84	0	5.18195E-4	3.31645E-4
33	85	0	4.717E-4	3.01888E-4	33	86	0	1.3075E-4	8.368E-5
33	87	0	2.179E-5	1.39456E-5	33	88	0	2.17E-6	1.3888E-6
33	89	0	1.78985E-7	1.1455E-7	33	90	0	1.75331E-8	1.12212E-8
33	91	0	8.90222E-11	5.69742E-11	33	92	0	4.07808E-12	2.60997E-12
34	75	0	3.93E-13	2.5152E-13	34	76	0	5.75E-11	3.68E-11
34	77	0	4.09E-10	2.6176E-10	34	77	1	3.0E-9	1.92E-9
34	78	0	9.34E-8	5.9776E-8	34	79	0	1.47E-6	9.408E-7
34	79	1	2.0E-7	1.28E-7	34	80	0	1.934E-5	1.23776E-5
34	81	0	1.773E-5	1.13472E-5	34	81	1	1.3001E-4	8.32064E-5
34	82	0	7.7759E-4	4.97658E-4	34	83	0	0.00160722	0.00102862
34	83	1	3.292E-4	2.10688E-4	34	84	0	0.00414822	0.00265486
34	85	0	0.00224366	0.00143594	34	85	1	0.00223811	0.00143239
34	86	0	0.00424041	0.00271386	34	87	0	0.00181954	0.00116451
34	88	0	6.5684E-4	4.20378E-4	34	89	0	1.4104E-4	9.02656E-5
34	90	0	1.93525E-5	1.23856E-5	34	91	0	1.56991E-6	1.00474E-6
34	92	0	8.67959E-8	5.55494E-8	34	93	0	5.89814E-10	3.77481E-10
34	94	0	5.35E-11	3.424E-11	34	95	0	3.41132E-12	2.18324E-12
35	77	0	5.34E-14	3.4176E-14	35	77	1	2.01E-13	1.2864E-13
35	78	0	1.83E-11	1.1712E-11	35	79	0	2.55E-10	1.632E-10
35	79	1	9.59E-10	6.1376E-10	35	80	0	7.93E-9	5.0752E-9
35	80	1	2.81E-8	1.7984E-8	35	81	0	1.01E-6	6.464E-7
35	82	0	1.022E-5	6.5408E-6	35	82	1	3.78E-6	2.4192E-6
35	83	0	1.2181E-4	7.79584E-5	35	84	0	2.0787E-4	1.33037E-4
35	84	1	4.4172E-4	2.82701E-4	35	85	0	0.00221475	0.00141744
35	86	0	0.00237076	0.00151729	35	86	1	0.00237359	0.0015191
35	87	0	0.00653038	0.00208972	35	88	0	0.00551693	0.00353084
35	89	0	0.00393104	0.00251587	35	90	0	0.00137957	8.82925E-4
35	91	0	4.1014E-4	2.6249E-4	35	92	0	6.154E-5	3.93856E-5
35	93	0	7.01941E-6	4.49242E-6	35	94	0	3.94E-7	2.5216E-7
35	95	0	4.05983E-8	2.59829E-8	35	96	0	3.84E-10	2.4576E-10
35	97	0	9.52594E-12	6.0966E-12	35	98	0	2.46658E-13	1.57861E-13
36	79	1	3.825E-14	2.448E-14	36	79	0	3.825E-14	2.448E-14
36	80	0	8.35E-12	5.344E-12	36	81	0	5.74E-10	3.6736E-10
36	81	1	7.82E-11	5.0048E-11	36	82	0	3.53E-8	2.2592E-8
36	83	0	7.03E-7	4.4992E-7	36	83	1	1.44E-7	9.216E-8
36	84	0	1.725E-5	1.104E-5	36	85	0	1.251E-4	8.0064E-5
36	85	1	2.562E-5	1.63968E-5	36	86	0	0.00109745	7.02368E-4
36	87	0	0.00322597	0.00206462	36	88	0	0.00908837	0.00581656
36	89	0	0.0141251	0.00452004	36	90	0	0.0158502	0.00507207
36	91	0	0.0112783	0.00360906	36	92	0	0.00589394	0.00377212
36	93	0	0.00169955	0.00108771	36	94	0	3.5553E-4	2.27539E-4
36	95	0	3.71294E-5	2.37628E-5	36	96	0	3.55E-6	2.272E-6
36	97	0	1.6799E-7	1.07514E-7	36	98	0	5.24975E-9	3.35984E-9
36	99	0	4.82393E-11	3.08732E-11	36	100	0	1.29E-12	8.256E-13
37	81	0	1.26E-14	8.064E-15	37	83	0	1.9E-10	1.216E-10
37	84	0	1.13E-8	7.232E-9	37	85	0	3.82E-7	2.4448E-7
37	86	1	3.77E-6	2.4128E-6	37	86	0	3.77E-6	2.4128E-6
37	87	0	8.73E-5	5.5872E-5	37	88	0	5.5763E-4	3.56883E-4
37	89	0	0.00271598	0.00173823	37	90	0	0.00115714	7.4057E-4
37	90	1	0.00564922	0.0036155	37	91	0	0.0148995	0.00476784
37	92	0	0.0175023	0.00560075	37	93	0	0.0159858	0.00511546
37	94	0	0.00817913	0.00523464	37	95	0	0.00295129	0.00188883
37	96	0	7.4331E-4	4.75718E-4	37	97	0	1.2841E-4	8.21824E-5
37	98	0	1.075E-5	6.88E-6	37	99	0	5.74099E-7	3.67423E-7
37	100	0	2.73E-8	1.7472E-8	37	101	0	2.9882E-10	1.91245E-10
37	102	0	1.30611E-11	8.35913E-12	37	103	0	1.48782E-12	9.52208E-13
38	84	0	8.93E-13	5.7152E-13	38	85	1	4.365E-11	2.7936E-11
38	85	0	4.365E-11	2.7936E-11	38	86	0	6.84E-9	4.3776E-9
38	87	0	1.85E-7	1.184E-7	38	87	1	3.78E-8	2.4192E-8
38	88	0	5.27E-6	3.3728E-6	38	89	0	6.466E-5	4.13824E-5
38	90	0	5.6076E-4	3.58886E-4	38	91	0	0.00291913	0.00186824
38	92	0	0.01085	0.00347199	38	93	0	0.0213655	0.00683698
38	94	0	0.0339575	0.0108664	38	95	0	0.0273416	0.0087493
38	96	0	0.0228663	0.00731722	38	97	0	0.00960266	0.0061457
38	98	0	0.0028185	0.00180384	38	99	0	5.25046E-4	3.36029E-4
38	100	0	6.844E-5	4.38016E-5	38	101	0	5.2697E-6	3.37261E-6
38	102	0	2.77987E-7	1.77912E-7	38	103	0	2.62379E-8	1.67922E-8
38	104	0	1.5E-10	9.6E-11	38	105	0	5.21472E-12	3.33742E-12
39	87	0	1.76E-11	1.1264E-11	39	88	0	1.16E-9	7.424E-10
39	89	0	9.01E-9	5.7664E-9	39	89	1	4.4E-8	2.816E-8
39	90	1	6.2E-7	3.968E-7	39	90	0	6.2E-7	3.968E-7
39	91	1	1.183E-5	7.5712E-6	39	91	0	1.183E-5	7.5712E-6
39	92	0	2.2396E-4	1.43334E-4	39	93	1	7.298E-4	4.67072E-4
39	93	0	7.298E-4	4.67072E-4	39	94	0	0.00538236	0.00344471
39	95	0	0.0131905	0.00422096	39	96	0	0.00219684	0.00140598
39	96	1	0.0222124	0.00710796	39	97	1	0.0156157	0.00999402
39	97	0	0.0156157	0.00999402	39	98	0	0.0104059	0.00332989
39	98	1	0.0104056	0.00332978	39	99	0	0.0128019	0.0040966
39	100	0	0.0041208	0.00263731	39	101	0	0.00112799	7.21914E-4
39	102	0	1.6047E-4	1.02701E-4	39	103	0	1.61938E-5	1.0364E-5
39	104	0	8.71E-7	5.5744E-7	39	105	0	6.20606E-8	3.97188E-8
39	106	0	1.8793E-10	1.20275E-10	39	107	0	6.98782E-12	4.47221E-12
40	88	0	3.01E-14	1.9264E-14	40	89	0	3.77E-12	2.4128E-12
40	90	1	1.72E-10	1.1008E-10	40	90	0	1.72E-10	1.1008E-10
40	91	0	1.82E-8	1.1648E-8	40	92	0	6.53E-7	4.1792E-7
40	93	0	1.107E-5	7.0848E-6	40	94	0	1.4696E-4	9.40544E-5
40	95	0	8.7421E-4	5.59494E-4	40	96	0	0.00536144	0.00343132
40	97	0	0.0152805	0.00488975	40	98	0	0.0306895	0.00982063
40	99	0	0.0409655	0.013109	40	100	0	0.0407461	0.0130388
40	101	0	0.0258033	0.00825706	40	102	0	0.0126799	0.00405756
40	103	0	0.00322101	0.00206145	40	104	0	6.2297E-4	3.98701E-4
40	105	0	5.67579E-5	3.63251E-5	40	106	0	3.99981E-6	2.55988E-6
40	107	0	1.23231E-7	7.88676E-8	40	112	0	4.37854E-14	2.80226E-14
41	91	0	4.2E-13	2.688E-13	41	92	0	4.25E-11	2.72E-11
41	93	0	2.25E-9	1.44E-9	41	93	1	4.61E-10	2.9504E-10
41	94	0	6.25E-8	4.0E-8	41	94	1	3.67E-8	2.3488E-8
41	95	0	1.79E-6	1.1456E-6	41	95	1	3.66E-7	2.3424E-7
41	96	0	3.485E-5	2.2304E-5	41	97	0	2.8426E-4	1.81926E-4
41	97	1	5.822E-5	3.72608E-5	41	98	0	0.0012785	8.1824E-4
41	98	1	3.6061E-4	2.3079E-4	41	99	0	5.5387E-4	3.54477E-4
41	99	1	0.00636924	0.00407631	41	100	0	0.00756185	0.00483958
41	100	1	0.00756185	0.00483958	41	101	0	0.0287886	0.00921236
41	102	1	0.0158407	0.0101381	41	102	0	0.0158407	0.0101381
41	103	0	0.0253019	0.0080966	41	104	1	0.00577758	0.00369765
41	104	0	0.00577758	0.00369765	41	105	0	0.00381576	0.00244209
41	106	0	7.254E-4	4.64256E-4	41	107	0	7.60568E-5	4.86763E-5
41	108	0	1.18E-10	7.552E-11	41	109	0	1.45E-12	9.28E-13
41	111	0	7.21906E-17	4.6202E-17	41	112	0	4.31766E-10	2.7633E-10
41	113	0	1.30253E-13	8.33622E-14	42	93	1	2.81E-14	1.7984E-14
42	93	0	2.81E-14	1.7984E-14	42	94	0	8.07E-12	5.1648E-12
42	95	0	4.77E-10	3.0528E-10	42	96	0	2.98E-8	1.9072E-8
42	97	0	7.77E-7	4.9728E-7	42	98	0	1.344E-5	8.6016E-6
42	99	0	1.4356E-4	9.18784E-5	42	100	0	0.00106302	6.80333E-4
42	101	0	0.00472436	0.00302359	42	102	0	0.0165825	0.0053064
42	103	0	0.0287852	0.00921126	42	104	0	0.0395604	0.0126593
42	105	0	0.0304239	0.00973565	42	106	0	0.0195681	0.00626179
42	107	0	0.00539288	0.00345144	42	108	0	6.345E-5	4.0608E-5
42	109	0	3.72E-6	2.3808E-6	42	110	0	1.02E-7	6.528E-8
42	111	0	1.76E-9	1.1264E-9	42	112	0	4.76568E-7	3.05004E-7
42	113	0	2.29703E-9	1.4701E-9	42	114	0	9.33E-12	5.9712E-12
42	115	0	1.1472E-13	7.34209E-14	43	97	1	2.725E-11	1.744E-11
43	97	0	2.725E-11	1.744E-11	43	98	0	2.56E-9	1.6384E-9
43	99	0	8.43E-8	5.3952E-8	43	99	1	1.73E-8	1.1072E-8
43	100	0	1.98E-6	1.2672E-6	43	101	0	3.148E-5	2.01472E-5
43	102	0	1.414E-4	9.0496E-5	43	102	1	1.414E-4	9.0496E-5
43	103	0	0.00163214	0.00104457	43	104	0	0.00513442	0.00328603
43	105	0	0.0126904	0.00406094	43	106	0	0.0185138	0.00592441
43	107	0	0.016693	0.00534175	43	108	0	0.00877042	0.00561307
43	109	0	0.0027989	0.0017913	43	110	0	4.0634E-4	2.60058E-4
43	111	0	5.443E-5	3.48352E-5	43	112	0	5.33E-5	3.4112E-5
43	113	0	1.4177E-6	9.0733E-7	43	114	0	3.57E-8	2.2848E-8
43	115	0	1.36529E-9	8.73785E-10	43	116	0	8.89E-12	5.6896E-12
43	117	0	1.25878E-13	8.05622E-14	44	98	0	5.7E-14	3.648E-14
44	99	0	6.22E-12	3.9808E-12	44	100	0	4.59E-10	2.9376E-10
44	101	0	1.97E-8	1.2608E-8	44	102	0	6.73E-7	4.3072E-7
44	103	0	1.013E-5	6.4832E-6	44	104	0	1.1242E-4	7.19488E-5
44	105	0	7.1728E-4	4.59059E-4	44	106	0	0.00358274	0.00229295
44	107	0	0.00777987	0.00497912	44	108	0	0.0125384	0.0040123
44	109	1	0.00462356	0.00295908	44	109	0	0.00462356	0.00295908
44	110	0	0.0054286	0.00244287	44	111	0	0.00250947	0.00160606
44	112	0	9.2322E-4	5.90861E-4	44	113	0	1.2155E-4	7.7792E-5
44	114	0	1.703E-5	1.08992E-5	44	115	0	1.24863E-6	7.99126E-7
44	116	0	7.07E-8	4.5248E-8	44	117	0	2.21987E-9	1.42072E-9
44	118	0	5.2E-11	3.328E-11	44	119	0	6.92E-13	4.4288E-13
45	101	0	6.26E-14	4.0064E-14	45	101	1	3.06E-13	1.9584E-13
45	102	0	1.78E-11	1.1392E-11	45	102	1	1.78E-11	1.1392E-11
45	103	0	2.42E-10	1.5488E-10	45	103	1	1.77E-9	1.1328E-9
45	104	0	1.32E-8	8.448E-9	45	104	1	4.68E-8	2.9952E-8
45	105	0	1.31E-6	8.384E-7	45	105	1	1.79E-7	1.1456E-7
45	106	0	1.012E-5	6.4768E-6	45	106	1	1.012E-5	6.4768E-6
45	107	0	1.6517E-4	1.05709E-4	45	108	0	1.572E-5	1.00608E-5
45	108	1	1.572E-5	1.00608E-5	45	109	0	5.76E-5	3.6864E-5
45	109	1	5.76E-5	3.6864E-5	45	110	0	1.2488E-4	7.99232E-5
45	110	1	1.2488E-4	7.99232E-5	45	111	0	4.9395E-4	3.16128E-4
45	112	0	5.8108E-4	3.71891E-4	45	113	0	4.4748E-4	2.86387E-4
45	114	0	2.1757E-4	1.39245E-4	45	115	0	7.516E-5	4.81024E-5
45	116	0	1.284E-5	8.2176E-6	45	117	0	1.7E-6	1.088E-6
45	118	0	1.16E-7	7.424E-8	45	119	0	6.2E-9	3.968E-9
45	120	0	1.64E-10	1.0496E-10	45	121	0	3.65E-12	2.336E-12
45	122	0	4.01E-14	2.5664E-14	46	103	0	3.38E-14	2.1632E-14
46	104	0	3.84E-12	2.4576E-12	46	105	0	2.76E-10	1.7664E-10
46	106	0	1.49E-8	9.536E-9	46	107	0	1.1E-7	7.04E-8
46	107	1	2.44E-7	1.5616E-7	46	108	0	1.08E-10	6.912E-11
46	109	0	5.74E-10	3.6736E-10	46	109	1	1.28E-9	8.192E-10
46	110	0	3.19E-8	2.0416E-8	46	111	0	1.06E-7	6.784E-8
46	111	1	2.36E-7	1.5104E-7	46	112	0	7.271E-5	4.65344E-5
46	113	0	2.4724E-4	1.58234E-4	46	114	0	5.3163E-4	3.40243E-4
46	115	0	5.4216E-4	3.46982E-4	46	116	0	3.4625E-4	2.216E-4
46	117	0	1.273E-4	8.1472E-5	46	118	0	3.325E-5	2.128E-5
46	119	0	4.88E-6	3.1232E-6	46	120	0	5.22E-7	3.3408E-7
46	121	0	3.32E-8	2.1248E-8	46	122	0	1.47E-9	9.408E-10
46	129	0	1.08846E-12	6.96617E-13	47	106	0	6.4E-14	4.096E-14
47	106	1	1.73E-13	1.1072E-13	47	107	0	2.8E-12	1.792E-12
47	107	1	2.06E-11	1.3184E-11	47	111	1	5.74E-14	3.6736E-14
47	112	0	2.54E-7	1.6256E-7	47	113	0	7.61E-7	4.8704E-7
47	113	1	5.58E-6	3.5712E-6	47	114	0	4.853E-5	3.10592E-5
47	115	0	1.0266E-4	6.57024E-5	47	115	1	1.0266E-4	6.57024E-5
47	116	0	1.638E-4	1.04832E-4	47	116	1	1.638E-4	1.04832E-4
47	117	0	2.0701E-4	1.32486E-4	47	117	1	2.0701E-4	1.32486E-4
47	118	0	1.3267E-4	8.49088E-5	47	118	1	1.3267E-4	8.49088E-5
47	119	0	1.3603E-4	8.70592E-5	47	120	1	1.9665E-5	1.25856E-5
47	120	0	1.9665E-5	1.25856E-5	47	121	0	9.48E-6	6.0672E-6
47	122	1	5.85E-7	3.744E-7	47	122	0	5.85E-7	3.744E-7
47	123	0	6.55E-11	4.192E-11	47	124	0	8.51E-12	5.4464E-12
47	125	0	1.33E-12	8.512E-13	47	126	0	1.13E-13	7.232E-14
47	127	0	1.36E-14	8.704E-15	47	129	0	1.29539E-8	8.29048E-9
47	130	0	2.64E-10	1.6896E-10	47	131	0	8.4486E-12	5.4071E-12
47	132	0	2.11891E-13	1.3561E-13	48	112	0	1.13E-10	7.232E-11
48	113	0	3.49E-9	2.2336E-9	48	113	1	1.31E-8	8.384E-9
48	114	0	7.2E-7	4.608E-7	48	115	0	2.19E-6	1.4016E-6
48	115	1	8.24E-6	5.2736E-6	48	116	0	6.34E-5	4.0576E-5
48	117	0	4.254E-5	2.72256E-5	48	117	1	1.6004E-4	1.02426E-4
48	118	0	4.2098E-4	2.69427E-4	48	119	0	2.4585E-4	1.57344E-4
48	119	1	2.4585E-4	1.57344E-4	48	120	0	4.7612E-4	3.04717E-4
48	121	1	1.41235E-4	9.03904E-5	48	121	0	1.41235E-4	9.03904E-5
48	122	0	1.2518E-4	8.01152E-5	48	123	0	9.33E-6	5.9712E-6
48	124	0	3.92E-6	2.5088E-6	48	125	0	1.44E-6	9.216E-7
48	126	0	4.71E-7	3.0144E-7	48	127	0	1.44E-7	9.216E-8
48	128	0	3.48E-8	2.2272E-8	48	129	0	1.1847E-5	7.58211E-6
48	130	0	2.1E-6	1.344E-6	48	131	0	1.48992E-7	9.53546E-8
48	132	0	4.50979E-9	2.88626E-9	48	133	0	3.57921E-11	2.2907E-11
48	134	0	2.96E-13	1.8944E-13	49	113	0	1.12E-12	7.168E-13
49	113	1	2.3E-13	1.472E-13	49	114	0	5.6E-11	3.584E-11
49	114	1	1.99E-10	1.2736E-10	49	115	0	1.6E-8	1.024E-8
49	115	1	3.28E-9	2.0992E-9	49	116	2	1.19333E-7	7.63733E-8
49	116	0	1.19333E-7	7.63733E-8	49	116	1	1.19333E-7	7.63733E-8
49	117	0	3.77E-6	2.4128E-6	49	117	1	7.72E-7	4.9408E-7
49	118	2	2.67E-6	1.7088E-6	49	118	0	1.893E-5	1.21152E-5
49	118	1	2.67E-6	1.7088E-6	49	119	0	7.804E-5	4.99456E-5
49	119	1	1.598E-5	1.02272E-5	49	120	2	7.14067E-5	4.57003E-5
49	120	0	7.14067E-5	4.57003E-5	49	120	1	7.14067E-5	4.57003E-5
49	121	0	3.3273E-4	2.12947E-4	49	121	1	6.815E-5	4.3616E-5
49	122	2	1.3692E-4	8.76288E-5	49	122	0	1.3692E-4	8.76288E-5
49	122	1	1.3692E-4	8.76288E-5	49	123	0	4.7249E-4	3.02394E-4
49	123	1	9.678E-5	6.19392E-5	49	124	1	2.37095E-4	1.51741E-4
49	124	0	2.37095E-4	1.51741E-4	49	125	0	2.4898E-4	1.59347E-4
49	125	1	2.4898E-4	1.59347E-4	49	126	1	1.9989E-4	1.2793E-4
49	126	0	1.9989E-4	1.2793E-4	49	127	0	2.0099E-4	1.28634E-4
49	127	1	2.0099E-4	1.28634E-4	49	128	1	1.3555E-4	8.6752E-5
49	128	0	1.3555E-4	8.6752E-5	49	129	0	4.2119E-4	2.69562E-4
49	129	1	4.2119E-4	2.69562E-4	49	130	2	1.2701E-4	8.12864E-5
49	130	1	1.2701E-4	8.12864E-5	49	130	0	1.2701E-4	8.12864E-5
49	131	1	5.2295E-5	3.34688E-5	49	131	0	5.2295E-5	3.34688E-5
49	132	0	9.51E-6	6.0864E-6	49	133	0	4.25964E-7	2.72617E-7
49	134	0	9.22E-9	5.9008E-9	49	135	0	7.76817E-11	4.97163E-11
49	136	0	6.72E-13	4.3008E-13	50	114	0	1.07E-14	6.848E-15
50	115	0	3.17E-12	2.0288E-12	50	116	0	2.64E-10	1.6896E-10
50	117	1	5.15E-9	3.296E-9	50	117	0	5.15E-9	3.296E-9
50	118	0	2.17E-7	1.3888E-7	50	119	0	4.7E-7	3.008E-7
50	119	1	1.77E-6	1.1328E-6	50	120	0	1.86E-5	1.1904E-5
50	121	0	2.202E-5	1.40928E-5	50	121	1	6.267E-5	4.01088E-5
50	122	0	2.8092E-4	1.79789E-4	50	123	0	2.5826E-4	1.65286E-4
50	123	1	9.074E-5	5.80736E-5	50	124	0	6.1948E-4	3.96467E-4
50	125	0	7.342E-4	4.69888E-4	50	125	1	2.5796E-4	1.65094E-4
50	126	0	0.0018766	8.4447E-4	50	127	0	0.00235093	0.0015046
50	127	1	8.26E-4	5.2864E-4	50	128	1	0.0029344	0.00187802
50	128	0	0.0029344	0.00187802	50	129	0	0.00522692	0.00334523
50	129	1	0.0018345	0.00117408	50	130	1	0.00513901	0.00328897
50	130	0	0.00513901	0.00328897	50	131	1	0.00360142	0.00230491
50	131	0	0.00360142	0.00230491	50	132	0	0.00256582	0.00164212
50	133	0	3.5569E-4	2.27642E-4	50	134	0	3.394E-5	2.17216E-5
50	135	0	1.36992E-6	8.7675E-7	50	136	0	3.74E-8	2.3936E-8
50	137	0	3.75E-10	2.4E-10	50	138	0	4.81E-12	3.0784E-12
51	117	0	7.22E-13	4.6208E-13	51	118	0	1.67E-11	1.0688E-11
51	118	1	2.84E-11	1.8176E-11	51	119	0	1.83E-9	1.1712E-9
51	120	0	1.61E-8	1.0304E-8	51	120	1	2.75E-8	1.76E-8
51	121	0	7.46E-7	4.7744E-7	51	122	0	2.77E-6	1.7728E-6
51	122	1	3.67E-6	2.3488E-6	51	123	0	3.64E-7	2.3296E-7
51	124	2	4.52E-7	2.8928E-7	51	124	0	4.52E-7	2.8928E-7
51	124	1	4.52E-7	2.8928E-7	51	125	0	6.11E-6	3.9104E-6
51	126	2	7.38E-6	4.7232E-6	51	126	0	1.069E-5	6.8416E-6
51	126	1	7.38E-6	4.7232E-6	51	127	0	1.1634E-4	7.44576E-5
51	128	0	1.841E-4	1.17824E-4	51	128	1	2.5423E-4	1.62707E-4
51	129	0	0.00309152	0.00197857	51	130	0	0.00408438	0.002614
51	130	1	0.00564032	0.0036098	51	131	0	0.0217525	0.00696079
51	132	0	0.010304	0.00329729	51	132	1	0.00913752	0.00584801
51	133	0	0.0104657	0.00334903	51	134	1	0.00147128	9.41619E-4
51	134	0	0.00147128	9.41619E-4	51	135	0	5.2056E-4	3.33158E-4
51	136	0	4.506E-5	2.88384E-5	51	137	0	1.9E-6	1.216E-6
51	138	0	7.28E-8	4.6592E-8	51	139	0	1.79E-9	1.1456E-9
51	140	0	2.48068E-11	1.58763E-11	51	141	0	2.02168E-12	1.29388E-12
52	119	0	1.3E-13	8.32E-14	52	120	0	1.28E-11	8.192E-12
52	121	1	3.135E-10	2.0064E-10	52	121	0	3.135E-10	2.0064E-10
52	122	0	2.11E-8	1.3504E-8	52	123	0	6.86E-14	4.3904E-14
52	123	1	2.58E-13	1.6512E-13	52	124	0	3.98E-12	2.5472E-12
52	125	0	8.8E-12	5.632E-12	52	125	1	3.31E-11	2.1184E-11
52	126	0	6.56E-10	4.1984E-10	52	127	0	1.93E-9	1.2352E-9
52	127	1	5.49E-9	3.5136E-9	52	128	0	1.1E-7	7.04E-8
52	129	0	4.791E-5	3.06624E-5	52	129	1	1.3636E-4	8.72704E-5
52	130	0	0.00188191	0.00120442	52	131	0	0.00257236	0.00164631
52	131	1	0.00732134	0.00468566	52	132	0	0.0294025	0.00940881
52	133	0	0.0103288	0.00330523	52	133	1	0.0293976	0.00940723
52	134	0	0.0404264	0.0129365	52	135	0	0.020264	0.00648449
52	136	0	0.00711658	0.00455461	52	137	0	8.6515E-4	5.53696E-4
52	138	0	1.3215E-4	8.4576E-5	52	139	0	9.25E-6	5.92E-6
52	140	0	5.27975E-7	3.37904E-7	52	141	0	3.56525E-8	2.28176E-8
52	142	0	2.92E-10	1.8688E-10	52	143	0	6.6143E-12	4.23315E-12
53	121	0	1.58E-14	1.0112E-14	53	129	0	4.05E-7	2.592E-7
53	130	0	7.76E-6	4.9664E-6	53	130	1	2.87E-6	1.8368E-6
53	131	0	2.0444E-4	1.30842E-4	53	132	1	8.0474E-4	5.15034E-4
53	132	0	8.0474E-4	5.15034E-4	53	133	1	0.00399048	0.00255391
53	133	0	0.00399048	0.00255391	53	134	0	0.0108764	0.00348046
53	134	1	0.00964566	0.00434055	53	135	0	0.0366144	0.0117166
53	136	0	0.0165907	0.00530902	53	136	1	0.0165791	0.00530531
53	137	0	0.014489	0.00333247	53	138	0	0.00586168	0.00375148
53	139	0	0.00153168	9.80275E-4	53	140	0	2.3462E-4	1.50157E-4
53	141	0	2.20043E-5	1.40828E-5	53	142	0	1.42E-6	9.088E-7
53	143	0	7.87171E-8	5.0379E-8	53	144	0	2.28805E-10	1.46435E-10
53	145	0	8.95892E-12	5.73371E-12	53	146	0	1.79003E-13	1.14562E-13
54	129	1	3.98E-11	2.5472E-11	54	129	0	3.98E-11	2.5472E-11
54	130	0	7.84E-9	5.0176E-9	54	131	0	1.1E-7	7.04E-8
54	131	1	3.14E-7	2.0096E-7	54	132	0	1.358E-5	8.6912E-6
54	133	0	5.216E-5	3.33824E-5	54	133	1	1.4845E-4	9.5008E-5
54	134	0	5.4859E-4	3.51098E-4	54	134	1	0.00148322	9.49261E-4
54	135	0	0.00258333	0.00165333	54	135	1	0.0073518	0.00470515
54	136	0	0.0318123	0.0101799	54	137	0	0.0451055	0.0144338
54	138	0	0.0439665	0.0140693	54	139	0	0.0276775	0.00885679
54	140	0	0.0145003	0.00464009	54	141	0	0.00349337	0.00223576
54	142	0	8.5174E-4	5.45114E-4	54	143	1	3.59956E-5	2.30372E-5
54	143	0	3.59956E-5	2.30372E-5	54	144	0	4.86977E-6	3.11665E-6
54	145	0	1.57991E-7	1.01114E-7	54	146	0	3.80982E-9	2.43829E-9
54	147	0	1.93666E-11	1.23946E-11	54	148	0	3.72E-13	2.3808E-13
55	131	0	2.73E-11	1.7472E-11	55	132	0	2.66E-9	1.7024E-9
55	133	0	1.74E-7	1.1136E-7	55	134	1	2.75E-6	1.76E-6
55	134	0	2.75E-6	1.76E-6	55	135	1	5.7785E-5	3.69824E-5
55	135	0	5.7785E-5	3.69824E-5	55	136	1	5.29825E-4	3.39088E-4
55	136	0	5.29825E-4	3.39088E-4	55	137	0	0.00532921	0.00341069
55	138	0	0.00626156	0.0040074	55	138	1	0.00626197	0.00281789
55	139	0	0.0248889	0.00796446	55	140	0	0.0290516	0.00929652
55	141	0	0.0223643	0.00715659	55	142	0	0.0134566	0.00430612
55	143	0	0.00421159	0.00269542	55	144	0	7.881E-4	5.04384E-4
55	145	0	1.0149E-4	6.49536E-5	55	146	0	6.94E-6	4.4416E-6
55	147	0	2.30483E-7	1.47509E-7	55	148	0	7.84E-9	5.0176E-9
55	149	0	7.88158E-11	5.04421E-11	55	150	0	1.69E-12	1.0816E-12
55	151	0	2.29319E-13	1.46764E-13	56	132	0	6.11E-14	3.9104E-14
56	133	0	1.32E-11	8.448E-12	56	134	0	1.88E-9	1.2032E-9
56	135	1	6.5E-8	4.16E-8	56	135	0	6.5E-8	4.16E-8
56	136	1	2.6E-6	1.664E-6	56	136	0	2.6E-6	1.664E-6
56	137	0	1.936E-5	1.23904E-5	56	137	1	5.509E-5	3.52576E-5
56	138	0	6.5629E-4	4.20026E-4	56	139	0	0.00324607	0.00207748
56	140	0	0.0121968	0.00390297	56	141	0	0.0210017	0.00672056
56	142	0	0.0398549	0.0127536	56	143	0	0.0296213	0.00947883
56	144	0	0.019136	0.00612352	56	145	0	0.00643817	0.00412043
56	146	0	0.00162429	0.00103955	56	147	0	2.10789E-4	1.34905E-4
56	148	0	1.967E-5	1.25888E-5	56	149	0	1.38992E-6	8.8955E-7
56	150	0	4.45E-8	2.848E-8	56	151	0	4.04406E-9	2.5882E-9
56	152	0	1.99E-11	1.2736E-11	56	153	0	3.31035E-13	2.11863E-13
57	135	0	4.45E-12	2.848E-12	57	137	0	3.49E-8	2.2336E-8
57	138	0	8.9E-7	5.696E-7	57	139	0	1.679E-5	1.07456E-5
57	140	0	1.6279E-4	1.04186E-4	57	141	0	9.6621E-4	6.18374E-4
57	142	0	0.00445199	0.00284927	57	143	0	0.0109524	0.00350477
57	144	0	0.016451	0.00526433	57	145	0	0.0180586	0.00577876
57	146	1	0.00541005	0.00346243	57	146	0	0.00541005	0.00346243
57	147	0	0.0048703	0.00311699	57	148	0	0.00118459	7.58138E-4
57	149	0	2.98E-4	1.9072E-4	57	150	0	2.568E-5	1.64352E-5
57	151	0	2.49596E-6	1.59741E-6	57	152	0	1.12E-7	7.168E-8
57	153	0	3.93967E-9	2.52139E-9	57	154	0	7.5E-11	4.8E-11
57	155	0	1.07734E-12	6.89496E-13	57	156	0	2.4196E-14	1.54854E-14
58	137	0	1.4E-12	8.96E-13	58	138	0	1.49E-10	9.536E-11
58	139	0	2.09E-9	1.3376E-9	58	139	1	5.95E-9	3.808E-9
58	140	0	2.98E-7	1.9072E-7	58	141	0	4.77E-6	3.0528E-6
58	142	0	8.253E-5	5.28192E-5	58	143	0	5.4178E-4	3.46739E-4
58	144	0	0.00287543	0.00184028	58	145	0	0.00763339	0.00488537
58	146	0	0.0145162	0.0046452	58	147	0	0.0148496	0.00475189
58	148	0	0.0117121	0.00374788	58	149	0	0.0068169	0.00436282
58	150	0	0.00202918	0.00129868	58	151	0	4.9599E-4	3.17434E-4
58	152	0	7.778E-5	4.97792E-5	58	153	0	7.03E-6	4.4992E-6
58	154	0	4.85E-7	3.104E-7	58	155	0	1.89989E-8	1.21593E-8
58	156	0	5.14976E-10	3.29585E-10	58	157	0	7.14E-12	4.5696E-12
58	158	0	9.58E-14	6.1312E-14	59	139	0	1.15E-13	7.36E-14
59	140	0	1.2E-11	7.68E-12	59	141	0	7.49E-10	4.7936E-10
59	142	1	1.845E-8	1.1808E-8	59	142	0	1.845E-8	1.1808E-8
59	143	0	9.730001E-7	6.2272E-7	59	144	0	1.31E-6	8.384E-7
59	144	1	1.321E-5	8.4544E-6	59	145	0	1.454E-4	9.3056E-5
59	146	0	6.9796E-4	4.46694E-4	59	147	0	0.00238753	0.00152802
59	148	1	0.00217374	0.0013912	59	148	0	0.00217374	0.0013912
59	149	0	0.00760561	0.00486759	59	150	0	0.00507002	0.00324481
59	151	0	0.00389614	0.00249353	59	152	0	0.00140451	8.98886E-4
59	153	0	4.2248E-4	2.70387E-4	59	154	0	7.203E-5	4.60992E-5
59	155	0	1.025E-5	6.56E-6	59	156	0	7.18E-7	4.5952E-7
59	157	0	3.62E-8	2.3168E-8	59	158	0	1.29E-9	8.256E-10
59	159	0	1.99E-11	1.2736E-11	59	160	0	2.22E-13	1.4208E-13
59	161	0	3.92945E-15	2.51485E-15	60	142	0	1.97E-12	1.2608E-12
60	143	0	1.55E-10	9.92E-11	60	144	0	9.51E-9	6.0864E-9
60	145	0	2.77E-7	1.7728E-7	60	146	0	5.11E-6	3.2704E-6
60	147	0	4.685E-5	2.9984E-5	60	148	0	3.0558E-4	1.95571E-4
60	149	0	0.00124812	7.98797E-4	60	150	0	0.00265375	0.0016984
60	151	0	0.0044326	0.00283686	60	152	0	0.0046959	0.00300538
60	153	0	0.00304739	0.00195033	60	154	0	0.0016174	0.00103514
60	155	0	5.5215E-4	3.53376E-4	60	156	0	1.3044E-4	8.34816E-5
60	157	0	1.647E-5	1.05408E-5	60	158	0	2.08E-6	1.3312E-6
60	159	0	8.62E-8	5.5168E-8	60	160	0	3.52E-9	2.2528E-9
60	161	0	6.92961E-11	4.43495E-11	60	162	0	7.15E-13	4.576E-13
61	144	0	1.34E-13	8.576E-14	61	145	0	1.62E-11	1.0368E-11
61	146	0	8.62E-10	5.5168E-10	61	147	0	3.13E-8	2.0032E-8
61	148	0	1.54E-7	9.856E-8	61	148	1	4.16E-7	2.6624E-7
61	149	0	8.32E-6	5.3248E-6	61	150	0	4.526E-5	2.89664E-5
61	151	0	2.5132E-4	1.60845E-4	61	152	2	1.9806E-4	1.26758E-4
61	152	0	1.9806E-4	1.26758E-4	61	152	1	1.9806E-4	1.26758E-4
61	153	0	0.00115407	7.38605E-4	61	154	0	6.4683E-4	4.13971E-4
61	154	1	6.4683E-4	4.13971E-4	61	155	0	0.00133669	8.55482E-4
61	156	0	6.904E-4	4.41856E-4	61	157	0	2.7588E-4	1.76563E-4
61	158	0	8.251E-5	5.28064E-5	61	159	0	1.203E-5	7.6992E-6
61	160	0	1.24E-6	7.936E-7	61	161	0	8.74E-8	5.5936E-8
61	162	0	2.35E-9	1.504E-9	61	163	0	6.31E-11	4.0384E-11
61	164	0	8.13E-13	5.2032E-13	61	166	0	9.9603E-17	6.37459E-17
62	146	0	1.7E-14	1.088E-14	62	147	0	1.8E-12	1.152E-12
62	148	0	1.32E-10	8.448E-11	62	149	0	5.2E-9	3.328E-9
62	150	0	1.08E-7	6.912E-8	62	151	0	1.56E-6	9.984E-7
62	152	0	1.265E-5	8.096E-6	62	153	0	5.863E-5	3.75232E-5
62	154	0	2.0942E-4	1.34029E-4	62	155	0	4.8774E-4	3.12154E-4
62	156	0	7.4641E-4	4.77702E-4	62	157	0	6.2942E-4	4.02829E-4
62	158	0	5.6095E-4	3.59008E-4	62	159	0	1.8601E-4	1.19046E-4
62	160	0	6.166E-5	3.94624E-5	62	161	0	1.047E-5	6.7008E-6
62	162	0	9.74E-7	6.2336E-7	62	163	0	6.84E-8	4.3776E-8
62	164	0	3.17E-9	2.0288E-9	62	165	0	9.53E-11	6.0992E-11
62	166	0	2.1199E-12	1.35674E-12	62	167	0	1.8E-14	1.152E-14
62	169	0	9.83024E-19	6.29135E-19	63	149	0	9.73E-14	6.2272E-14
63	151	0	3.11E-10	1.9904E-10	63	152	2	2.18667E-9	1.39947E-9
63	152	0	2.18667E-9	1.39947E-9	63	152	1	2.18667E-9	1.39947E-9
63	153	0	1.08E-7	6.912E-8	63	154	1	4.86E-7	3.1104E-7
63	154	0	4.86E-7	3.1104E-7	63	155	0	7.89E-6	5.0496E-6
63	156	0	2.836E-5	1.81504E-5	63	157	0	7.496E-5	4.79744E-5
63	158	0	1.4485E-4	9.2704E-5	63	159	0	1.4484E-4	9.26976E-5
63	160	0	1.0164E-4	6.50496E-5	63	161	0	5.202E-5	3.32928E-5
63	162	0	1.091E-5	6.9824E-6	63	163	0	2.57E-6	1.6448E-6
63	164	0	2.91E-7	1.8624E-7	63	165	0	3.05E-8	1.952E-8
63	166	0	1.74E-9	1.1136E-9	63	167	0	5.5E-11	3.52E-11
63	168	0	4.52E-13	2.8928E-13	63	169	0	1.1699E-14	7.48737E-15
63	171	0	1.2758E-18	8.16509E-19	64	152	0	4.07E-13	2.6048E-13
64	153	0	1.78E-11	1.1392E-11	64	154	0	5.83E-10	3.7312E-10
64	155	0	1.26E-8	8.064E-9	64	156	0	1.61E-7	1.0304E-7
64	157	0	1.05E-6	6.72E-7	64	158	0	6.82E-6	4.3648E-6
64	159	0	1.619E-5	1.03616E-5	64	160	0	3.502E-5	2.24128E-5
64	161	0	3.841E-5	2.45824E-5	64	162	0	2.363E-5	1.51232E-5
64	163	0	1.217E-5	7.7888E-6	64	164	0	4.21E-6	2.6944E-6
64	165	0	1.01E-6	6.464E-7	64	166	0	1.91E-7	1.2224E-7
64	167	0	1.54E-8	9.856E-9	64	168	0	4.44E-10	2.8416E-10
64	169	0	2.96E-11	1.8944E-11	64	170	0	1.13E-12	7.232E-13
64	171	0	2.24987E-14	1.43992E-14	65	155	0	6.18E-13	3.9552E-13
65	156	0	1.89E-11	1.2096E-11	65	156	1	1.87E-12	1.1968E-12
65	157	0	4.95E-10	3.168E-10	65	158	0	7.49E-9	4.7936E-9
65	158	1	7.41E-10	4.7424E-10	65	159	0	7.06E-8	4.5184E-8
65	160	0	3.75E-7	2.4E-7	65	161	0	1.36E-6	8.704E-7
65	162	0	9.5E-7	6.08E-7	65	162	1	9.5E-7	6.08E-7
65	163	0	3.05E-6	1.952E-6	65	164	0	2.24E-6	1.4336E-6
65	165	0	1.58E-6	1.0112E-6	65	166	0	6.43E-7	4.1152E-7
65	167	0	1.65E-7	1.056E-7	65	168	0	1.11E-8	7.104E-9
65	169	0	2.49E-9	1.5936E-9	65	170	0	2.36E-10	1.5104E-10
65	171	0	1.67E-11	1.0688E-11	65	172	0	7.78E-13	4.9792E-13
66	157	0	1.99E-14	1.2736E-14	66	158	0	1.22E-12	7.808E-13
66	159	0	2.83E-11	1.8112E-11	66	160	0	5.44E-10	3.4816E-10
66	161	0	5.03E-9	3.2192E-9	66	162	0	2.45E-8	1.568E-8
66	163	0	9.8E-8	6.272E-8	66	164	0	2.34E-7	1.4976E-7
66	165	0	3.25E-7	2.08E-7	66	165	1	4.43E-8	2.8352E-8
66	166	0	4.51E-7	2.8864E-7	66	167	0	2.5E-7	1.6E-7
66	168	0	4.96E-8	3.1744E-8	66	169	0	2.43E-8	1.5552E-8
66	170	0	7.27E-9	4.6528E-9	66	171	0	1.22E-9	7.808E-10
66	172	0	1.98E-10	1.2672E-10	67	161	0	5.16E-13	3.3024E-13
67	161	1	7.04E-14	4.5056E-14	67	162	0	2.02E-12	1.2928E-12
67	162	1	5.46E-12	3.4944E-12	67	163	0	9.74E-11	6.2336E-11
67	163	1	1.33E-11	8.512E-12	67	164	0	1.81E-10	1.1584E-10
67	164	1	4.89E-10	3.1296E-10	67	165	0	3.64E-9	2.3296E-9
67	166	0	2.87E-9	1.8368E-9	67	166	1	7.75E-9	4.96E-9
67	167	0	1.93E-8	1.2352E-8	67	168	0	8.45E-9	5.408E-9
67	169	0	1.23E-8	7.872E-9	67	170	0	3.88E-9	2.4832E-9
67	170	1	3.88E-9	2.4832E-9	67	171	0	3.86E-9	2.4704E-9
67	172	0	1.43E-9	9.152E-10	68	163	0	1.09E-14	6.976E-15
68	164	0	2.43E-13	1.5552E-13	68	165	0	3.43E-12	2.1952E-12
68	166	0	3.58E-11	2.2912E-11	68	167	0	1.48E-10	9.472E-11
68	167	1	2.02E-11	1.2928E-11	68	168	0	2.51E-10	1.6064E-10
68	169	0	8.57E-10	5.4848E-10	68	170	0	1.7E-9	1.088E-9
68	171	0	1.85E-9	1.184E-9	68	172	0	2.06E-9	1.3184E-9
69	167	0	4.78E-14	3.0592E-14	69	168	0	1.85E-13	1.184E-13
69	169	0	2.24E-12	1.4336E-12	69	170	0	1.11E-11	7.104E-12
69	171	0	4.03E-11	2.5792E-11	69	172	0	1.07E-10	6.848E-11
70	171	0	8.87E-14	5.6768E-14	70	172	0	8.52E-13	5.4528E-13