Z	A	FPS	Yield	Uncertainty	Z	A	FPS	Yield	Uncertainty
22	66	0	7.98702E-19	5.11169E-19	23	66	0	1.41848E-14	9.07827E-15
23	67	0	2.75346E-16	1.76221E-16	23	68	0	1.6886E-17	1.0807E-17
23	69	0	2.81559E-18	1.80198E-18	24	66	0	1.70859E-11	1.0935E-11
24	67	0	6.73977E-12	4.31345E-12	24	68	0	4.47986E-13	2.86711E-13
24	69	0	6.89185E-14	4.41079E-14	24	71	0	1.15325E-17	7.38079E-18
25	66	0	2.02001E-9	1.29281E-9	25	67	0	2.67002E-9	1.70881E-9
25	68	0	5.04003E-10	3.22562E-10	25	69	0	6.02315E-11	3.85481E-11
25	70	0	4.45003E-12	2.84802E-12	25	71	0	2.2199E-13	1.42074E-13
25	72	0	1.9449E-15	1.24474E-15	25	73	0	3.91367E-16	2.50475E-16
25	74	0	1.66975E-17	1.06864E-17	26	66	0	2.17001E-8	1.38881E-8
26	67	0	7.40005E-8	4.73603E-8	26	68	0	4.30003E-8	2.75202E-8
26	69	0	1.44001E-8	9.21606E-9	26	70	0	3.49002E-9	2.23361E-9
26	71	0	4.97003E-10	3.18082E-10	26	72	0	5.15984E-11	3.3023E-11
26	73	0	9.57967E-12	6.13099E-12	26	74	0	4.42986E-13	2.83511E-13
26	75	0	7.06494E-15	4.52156E-15	26	77	0	3.1292E-16	2.00269E-16
27	66	0	1.25001E-8	8.00005E-9	27	67	0	1.18001E-7	7.55205E-8
27	68	0	1.61001E-7	1.03041E-7	27	69	0	1.59001E-7	1.01761E-7
27	70	0	9.81006E-8	6.27844E-8	27	71	0	4.36003E-8	2.79042E-8
27	72	0	1.28001E-8	8.19205E-9	27	73	0	7.85005E-9	5.02403E-9
27	74	0	1.07001E-9	6.84804E-10	27	75	0	1.35994E-10	8.7036E-11
27	76	0	1.08001E-11	6.91204E-12	27	77	0	6.02343E-12	3.85499E-12
27	78	0	5.91763E-14	3.78728E-14	27	79	0	1.39145E-14	8.9053E-15
28	66	0	8.07005E-10	5.16483E-10	28	67	0	1.95001E-8	1.24801E-8
28	68	0	7.42005E-8	4.74883E-8	28	69	0	1.74001E-7	1.11361E-7
28	70	0	2.92002E-7	1.86881E-7	28	71	0	3.07002E-7	1.96481E-7
28	72	0	2.69002E-7	1.72161E-7	28	73	0	4.26003E-7	2.72642E-7
28	74	0	1.90001E-7	1.21601E-7	28	75	0	6.65004E-8	4.25603E-8
28	76	0	1.76001E-8	1.12641E-8	28	77	0	6.69402E-9	4.28417E-9
28	78	0	1.56995E-9	1.00477E-9	28	79	0	3.40592E-10	2.17979E-10
28	80	0	5.36003E-12	3.43042E-12	28	81	0	1.63117E-13	1.04395E-13
29	66	0	1.96001E-12	1.25441E-12	29	67	0	1.58001E-10	1.01121E-10
29	68	0	4.33003E-10	2.77122E-10	29	68	1	1.17001E-9	7.48805E-10
29	69	0	1.16001E-8	7.42405E-9	29	70	0	1.05001E-8	6.72004E-9
29	70	1	3.71002E-8	2.37442E-8	29	71	0	1.38001E-7	8.83206E-8
29	72	0	2.87002E-7	1.83681E-7	29	73	0	1.24001E-6	7.93605E-7
29	74	0	1.36001E-6	8.70406E-7	29	75	0	1.41001E-6	9.02406E-7
29	76	0	9.79006E-7	6.26564E-7	29	77	0	1.22001E-6	7.80805E-7
29	78	0	7.98005E-7	5.10723E-7	29	79	0	2.97661E-7	1.90503E-7
29	80	0	2.82002E-8	1.80481E-8	29	81	0	3.13986E-9	2.00951E-9
29	82	0	2.49002E-10	1.59361E-10	29	83	0	3.81971E-12	2.44461E-12
29	84	0	2.47259E-13	1.58246E-13	30	67	0	8.05005E-14	5.15203E-14
30	68	0	2.74002E-12	1.75361E-12	30	69	0	9.72006E-12	6.22084E-12
30	69	1	4.75003E-11	3.04002E-11	30	70	0	7.53005E-10	4.81923E-10
30	71	0	9.80006E-10	6.27204E-10	30	71	1	4.79003E-9	3.06562E-9
30	72	0	3.64002E-8	2.32961E-8	30	73	0	3.80002E-7	2.43202E-7
30	74	0	1.17001E-6	7.48805E-7	30	75	0	2.79002E-6	1.78561E-6
30	76	0	5.35003E-6	3.42402E-6	30	77	0	1.66601E-5	1.06625E-5
30	78	0	3.25502E-5	2.08321E-5	30	79	0	3.31502E-5	2.12161E-5
30	80	0	1.04201E-5	6.66884E-6	30	81	0	3.37002E-6	2.15681E-6
30	82	0	9.30006E-7	5.95204E-7	30	83	0	9.34968E-8	5.98379E-8
30	84	0	6.55979E-9	4.19827E-9	30	85	0	5.01299E-11	3.20832E-11
30	86	0	3.67002E-12	2.34882E-12	30	87	0	1.76076E-13	1.12689E-13
31	69	0	1.06001E-14	6.78404E-15	31	70	0	4.02003E-13	2.57282E-13
31	71	0	1.03001E-11	6.59204E-12	31	72	1	9.30006E-11	5.95204E-11
31	72	0	9.30006E-11	5.95204E-11	31	73	0	6.16004E-9	3.94243E-9
31	74	1	2.53002E-8	1.61921E-8	31	74	0	2.53002E-8	1.61921E-8
31	75	0	3.52002E-7	2.25281E-7	31	76	0	1.61001E-6	1.03041E-6
31	77	0	1.39701E-5	8.94086E-6	31	78	0	6.31504E-5	4.04163E-5
31	79	0	1.83731E-4	1.17588E-4	31	80	0	1.46571E-4	9.38054E-5
31	81	0	1.47941E-4	9.46822E-5	31	82	0	1.13161E-4	7.24229E-5
31	83	0	3.93803E-5	2.52034E-5	31	84	0	8.60006E-6	5.50404E-6
31	85	0	9.64956E-7	6.17572E-7	31	86	0	5.74004E-8	3.67362E-8
31	87	0	3.3893E-9	2.16915E-9	31	88	0	1.56421E-11	1.0011E-11
31	89	0	1.61838E-12	1.03576E-12	32	72	0	6.88004E-14	4.40323E-14
32	73	0	5.38003E-12	3.44322E-12	32	73	1	1.10001E-12	7.04005E-13
32	74	0	1.84001E-10	1.17761E-10	32	75	0	4.23003E-10	2.70722E-10
32	75	1	3.10002E-9	1.98401E-9	32	76	0	5.04003E-8	3.22562E-8
32	77	0	1.02001E-6	6.52804E-7	32	77	1	1.38001E-7	8.83206E-8
32	78	0	1.49901E-5	9.59366E-6	32	79	1	5.26853E-5	3.37186E-5
32	79	0	5.26853E-5	3.37186E-5	32	80	0	2.33711E-4	1.49575E-4
32	81	0	5.62954E-4	3.6029E-4	32	82	0	0.00124097	7.94219E-4
32	83	0	0.00115294	7.3788E-4	32	84	0	8.47555E-4	5.42435E-4
32	85	0	2.83792E-4	1.81627E-4	32	86	0	6.09604E-5	3.90147E-5
32	87	0	3.76663E-6	2.41065E-6	32	88	0	4.14987E-7	2.65592E-7
32	89	0	3.96139E-8	2.53529E-8	32	90	0	4.96919E-11	3.18028E-11
32	91	0	8.78838E-12	5.62456E-12	32	92	0	9.24813E-13	5.9188E-13
33	74	1	1.53001E-14	9.79206E-15	33	75	0	1.37001E-12	8.76806E-13
33	76	0	5.60004E-11	3.58402E-11	33	77	0	4.35003E-9	2.78402E-9
33	78	0	1.54001E-7	9.85606E-8	33	79	0	3.45002E-6	2.20801E-6
33	80	0	1.98301E-5	1.26913E-5	33	81	0	1.38801E-4	8.88326E-5
33	82	0	3.67722E-4	2.35342E-4	33	82	1	3.67722E-4	2.35342E-4
33	83	0	0.00240527	0.00153937	33	84	1	0.00180259	0.00115366
33	84	0	0.00180259	0.00115366	33	85	0	0.00377349	0.00241504
33	86	0	0.0022688	0.00145203	33	87	0	4.97223E-4	3.18223E-4
33	88	0	1.66101E-4	1.06305E-4	33	89	0	3.46206E-5	2.21572E-5
33	90	0	8.82518E-7	5.64811E-7	33	91	0	1.69168E-7	1.08268E-7
33	92	0	1.64245E-8	1.05117E-8	33	93	0	2.33867E-11	1.49675E-11
33	94	0	2.41605E-12	1.54627E-12	34	77	0	1.11001E-13	7.10405E-14
34	77	1	8.16005E-13	5.22243E-13	34	78	0	1.20001E-10	7.68005E-11
34	79	0	6.89004E-9	4.40963E-9	34	79	1	9.40006E-10	6.01604E-10
34	80	0	1.51001E-7	9.66406E-8	34	81	0	3.53002E-7	2.25921E-7
34	81	1	2.59002E-6	1.65761E-6	34	82	0	4.88303E-5	3.12514E-5
34	83	0	2.78782E-4	1.7842E-4	34	83	1	5.71004E-5	3.65442E-5
34	84	0	0.00174063	0.001114	34	85	0	0.00246317	0.00157643
34	85	1	0.00236218	0.00151179	34	86	0	0.00834567	0.00267062
34	87	0	0.00848079	0.00271385	34	88	0	0.00541899	0.00346816
34	89	0	0.00333874	0.00213679	34	90	0	0.00106301	6.80329E-4
34	91	0	1.88002E-4	1.20321E-4	34	92	0	1.97837E-5	1.26616E-5
34	93	0	5.72447E-7	3.66366E-7	34	94	0	6.4098E-8	4.10227E-8
34	95	0	5.91171E-11	3.78349E-11	34	96	0	2.47002E-11	1.58081E-11
34	97	0	3.7457E-13	2.39725E-13	35	79	0	1.36001E-13	8.70406E-14
35	79	1	5.11003E-13	3.27042E-13	35	80	0	8.26005E-12	5.28643E-12
35	80	1	2.93002E-11	1.87521E-11	35	81	0	2.54002E-9	1.62561E-9
35	82	0	8.94006E-8	5.72164E-8	35	82	1	3.31002E-8	2.11841E-8
35	83	0	2.89002E-6	1.84961E-6	35	84	0	1.50101E-5	9.60646E-6
35	84	1	3.18902E-5	2.04097E-5	35	85	0	3.95153E-4	2.52898E-4
35	86	0	9.13966E-4	5.84938E-4	35	86	1	9.13966E-4	5.84938E-4
35	87	0	0.00657475	0.00210392	35	88	0	0.008997	0.00404865
35	89	0	0.016227	0.00519263	35	90	0	0.0134053	0.0042897
35	91	0	0.00759045	0.00485789	35	92	0	0.00233881	0.00149684
35	93	0	5.00291E-4	3.20186E-4	35	94	0	7.89505E-5	5.05283E-5
35	95	0	1.13795E-6	7.28289E-7	35	96	0	3.52002E-7	2.25281E-7
35	97	0	7.21013E-9	4.61448E-9	35	98	0	9.79989E-11	6.27193E-11
35	99	0	7.90978E-12	5.06226E-12	35	100	0	1.37952E-13	8.82895E-14
36	81	0	1.11001E-13	7.10405E-14	36	81	1	1.51001E-14	9.66406E-15
36	82	0	2.16001E-11	1.38241E-11	36	83	0	1.54001E-9	9.85606E-10
36	83	1	3.15002E-10	2.01601E-10	36	84	0	9.34006E-8	5.97764E-8
36	85	0	1.99001E-6	1.27361E-6	36	85	1	4.08003E-7	2.61122E-7
36	86	0	3.85502E-5	2.46722E-5	36	87	0	3.46632E-4	2.21845E-4
36	88	0	0.00367639	0.00235289	36	89	0	0.00646131	0.00290759
36	90	0	0.0185007	0.00425516	36	91	0	0.0261698	0.00287868
36	92	0	0.0250329	0.00200263	36	93	0	0.0142627	0.00156889
36	94	0	0.00734379	0.00470002	36	95	0	0.00126464	8.0937E-4
36	96	0	3.41852E-4	2.18785E-4	36	97	0	8.01284E-6	5.12822E-6
36	98	0	2.59992E-6	1.66395E-6	36	99	0	1.93611E-7	1.23911E-7
36	100	0	3.65989E-9	2.34233E-9	36	101	0	2.24023E-11	1.43374E-11
36	102	0	2.93091E-12	1.87578E-12	37	83	0	3.52002E-14	2.25281E-14
37	84	0	5.72004E-12	3.66082E-12	37	85	0	1.10001E-9	3.52002E-10
37	86	1	1.40001E-8	8.96006E-9	37	86	0	1.40001E-8	8.96006E-9
37	87	0	1.44001E-6	4.60803E-7	37	88	0	2.02101E-5	1.29345E-5
37	89	0	8.85536E-4	3.98491E-4	37	90	0	2.80792E-4	1.79707E-4
37	90	1	0.0014058	8.99711E-4	37	91	0	0.00675431	0.00216138
37	92	0	0.0147487	0.0033922	37	93	0	0.0261544	0.00836939
37	94	0	0.0253653	0.00811689	37	95	0	0.0159566	0.0051061
37	96	0	0.0116876	0.00374003	37	97	0	8.86296E-4	5.67229E-4
37	98	0	8.43695E-4	5.39965E-4	37	99	0	1.69207E-4	1.08292E-4
37	100	0	1.24501E-5	7.96805E-6	37	101	0	4.31223E-7	2.75983E-7
37	102	0	5.20524E-8	3.33135E-8	37	103	0	6.20014E-11	3.96809E-11
37	104	0	7.61376E-12	4.87281E-12	37	105	0	1.69532E-12	1.08501E-12
38	86	0	1.37001E-12	8.76806E-13	38	87	0	1.33001E-10	8.51205E-11
38	87	1	2.73002E-11	1.74721E-11	38	88	0	1.16001E-8	7.42405E-9
38	89	0	4.63003E-7	2.96322E-7	38	90	0	1.12201E-5	7.18085E-6
38	91	0	1.16721E-4	7.47013E-5	38	92	0	0.00103019	6.59319E-4
38	93	0	0.00545026	0.00348817	38	94	0	0.0150996	0.00483187
38	95	0	0.0318236	0.00731942	38	96	0	0.0413178	0.00950309
38	97	0	0.0285935	0.00914993	38	98	0	0.0226811	0.00725794
38	99	0	0.00977176	0.00625393	38	100	0	0.00303736	0.00194391
38	101	0	4.79232E-4	3.06708E-4	38	102	0	6.26983E-5	4.01269E-5
38	103	0	1.51764E-6	9.71287E-7	38	104	0	2.01994E-7	1.29276E-7
38	105	0	4.14972E-8	2.65582E-8	39	88	0	2.09001E-13	1.33761E-13
39	89	0	5.49004E-12	3.51362E-12	39	89	1	2.68002E-11	1.71521E-11
39	90	1	1.21501E-9	7.77605E-10	39	90	0	1.21501E-9	7.77605E-10
39	91	1	4.44003E-8	2.84162E-8	39	91	0	4.44003E-8	2.84162E-8
39	92	0	2.33001E-6	1.49121E-6	39	93	1	1.98101E-5	1.26785E-5
39	93	0	1.98101E-5	1.26785E-5	39	94	0	3.38972E-4	2.16942E-4
39	95	0	0.00223363	0.00142953	39	96	0	7.27705E-4	4.65731E-4
39	96	1	0.00735719	0.0047086	39	97	1	0.0125932	0.00805967
39	97	0	0.0125932	0.00805967	39	98	0	0.0151334	0.00484269
39	98	1	0.015127	0.00484065	39	99	0	0.0374135	0.0119723
39	100	0	0.029263	0.00936416	39	101	0	0.0145956	0.00467059
39	102	0	0.00521945	0.00334045	39	103	0	0.00132634	8.48858E-4
39	104	0	1.62571E-4	1.04045E-4	39	105	0	3.62665E-5	2.32106E-5
39	106	0	2.97813E-13	1.906E-13	39	107	0	8.61339E-15	5.51257E-15
39	108	0	3.60317E-16	2.30603E-16	39	109	0	9.06354E-17	5.80067E-17
39	111	0	1.38947E-13	8.8926E-14	40	90	1	1.75001E-14	1.12001E-14
40	90	0	1.75001E-14	1.12001E-14	40	91	0	1.27001E-11	4.06403E-12
40	92	0	1.45001E-9	4.64003E-10	40	93	0	2.17001E-8	1.38881E-8
40	94	0	6.46004E-7	4.13443E-7	40	95	0	1.24901E-5	7.99365E-6
40	96	0	1.56491E-4	1.00154E-4	40	97	0	0.00101668	6.50673E-4
40	98	0	0.00486124	0.00311119	40	99	0	0.0147075	0.00470639
40	100	0	0.0329987	0.0105596	40	101	0	0.0400177	0.0128057
40	102	0	0.0409176	0.0130936	40	103	0	0.0264495	0.00846385
40	104	0	0.0101259	0.00648059	40	105	0	0.00209441	0.00134042
40	106	0	7.29005E-6	4.66563E-6	40	107	0	1.94531E-7	1.245E-7
40	108	0	8.82006E-9	5.64484E-9	40	109	0	2.04697E-9	1.31006E-9
40	110	0	1.59001E-12	1.01761E-12	40	111	0	3.40107E-9	2.17668E-9
40	112	0	1.04719E-12	6.702E-13	40	113	0	7.85556E-14	5.02756E-14
40	114	0	3.85806E-15	2.46916E-15	41	93	0	3.39002E-13	2.16961E-13
41	93	1	6.95004E-14	4.44803E-14	41	94	0	2.34002E-11	1.49761E-11
41	94	1	1.37001E-11	8.76806E-12	41	95	0	2.30001E-9	1.47201E-9
41	95	1	4.70003E-10	3.00802E-10	41	96	0	1.04001E-7	6.65604E-8
41	97	0	1.94001E-6	1.24161E-6	41	97	1	3.98003E-7	2.54722E-7
41	98	0	2.52602E-5	1.61665E-5	41	98	1	7.12005E-6	4.55683E-6
41	99	0	2.53602E-5	1.62305E-5	41	99	1	2.91642E-4	1.86651E-4
41	100	0	9.62286E-4	6.15863E-4	41	100	1	9.62286E-4	6.15863E-4
41	101	0	0.00689412	0.00441224	41	102	1	0.00872712	0.00558535
41	102	0	0.00872712	0.00558535	41	103	0	0.0311959	0.00998268
41	104	1	0.0143353	0.00917459	41	104	0	0.0143353	0.00917459
41	105	0	0.0179767	0.00575253	41	106	0	0.00594298	0.00380351
41	107	0	0.00145002	9.28016E-4	41	108	0	1.73811E-4	1.11239E-4
41	109	0	1.52581E-5	9.76515E-6	41	110	0	1.11001E-6	7.10405E-7
41	111	0	2.97237E-6	1.90232E-6	41	112	0	1.85978E-8	1.19026E-8
41	113	0	1.51213E-9	9.6776E-10	41	114	0	6.85183E-11	4.38517E-11
41	115	0	7.84048E-14	5.0179E-14	41	116	0	4.59841E-15	2.94298E-15
42	95	0	3.22002E-14	2.06081E-14	42	96	0	4.62003E-12	2.95682E-12
42	97	0	3.10002E-10	1.98401E-10	42	98	0	1.58001E-8	1.01121E-8
42	99	0	4.57003E-7	2.92482E-7	42	100	0	9.71006E-6	6.21444E-6
42	101	0	1.03301E-4	6.61124E-5	42	102	0	8.10235E-4	5.18551E-4
42	103	0	0.00373198	0.00238847	42	104	0	0.0108055	0.00486249
42	105	0	0.0200368	0.00460846	42	106	0	0.018751	0.00300016
42	107	0	0.0123436	0.00394995	42	108	0	0.00507307	0.00228288
42	109	0	0.00168202	0.00107649	42	110	0	6.19784E-4	3.96662E-4
42	111	0	1.71655E-4	1.09859E-4	42	112	0	2.24015E-5	1.4337E-5
42	113	0	1.68047E-6	1.0755E-6	42	114	0	8.2532E-8	5.28205E-8
42	115	0	1.91915E-9	1.22826E-9	42	116	0	1.21996E-10	7.80776E-11
42	117	0	2.53605E-13	1.62307E-13	42	118	0	4.20369E-14	2.69036E-14
43	98	0	2.29001E-13	1.46561E-13	43	99	0	1.99001E-11	1.27361E-11
43	99	1	4.07003E-12	2.60482E-12	43	100	0	1.56001E-9	9.98406E-10
43	101	0	5.99004E-8	3.83362E-8	43	102	0	6.88004E-7	4.40323E-7
43	102	1	6.88004E-7	4.40323E-7	43	103	0	2.14901E-5	1.37537E-5
43	104	0	1.58171E-4	1.01229E-4	43	105	0	7.80625E-4	4.996E-4
43	106	0	2.52032E-4	1.613E-4	43	107	0	6.64894E-4	4.25532E-4
43	108	0	7.62535E-4	4.88022E-4	43	109	0	8.18335E-4	5.23735E-4
43	110	0	7.87625E-4	5.0408E-4	43	111	0	4.26933E-4	2.73237E-4
43	112	0	2.34142E-4	1.49851E-4	43	113	0	7.63185E-5	4.88439E-5
43	114	0	1.38901E-5	8.88966E-6	43	115	0	1.67724E-6	1.07344E-6
43	116	0	2.39002E-7	1.52961E-7	43	117	0	4.88167E-9	3.12427E-9
43	118	0	7.46568E-10	4.77803E-10	43	119	0	2.03445E-12	1.30205E-12
43	120	0	7.12377E-14	4.55921E-14	43	121	0	4.99616E-15	3.19754E-15
44	100	0	1.64001E-14	1.04961E-14	44	101	0	1.87001E-12	1.19681E-12
44	102	0	1.62001E-10	1.03681E-10	44	103	0	7.57005E-9	4.84483E-9
44	104	0	2.01001E-7	1.28641E-7	44	105	0	3.60002E-6	2.30401E-6
44	106	0	3.89002E-9	2.48962E-9	44	107	0	5.09003E-8	3.25762E-8
44	108	0	3.04002E-7	1.94561E-7	44	109	1	7.90005E-7	5.05603E-7
44	109	0	7.90005E-7	5.05603E-7	44	110	0	7.84005E-6	5.01763E-6
44	111	0	1.09141E-4	6.985E-5	44	112	0	2.84372E-4	1.81998E-4
44	113	0	3.04442E-4	1.94843E-4	44	114	0	2.05391E-4	1.3145E-4
44	115	0	9.68615E-5	6.19913E-5	44	116	0	3.43102E-5	2.19585E-5
44	117	0	5.42515E-6	3.4721E-6	44	118	0	8.99259E-7	5.75526E-7
44	119	0	4.97983E-8	3.18709E-8	44	120	0	1.88994E-9	1.20956E-9
44	121	0	1.22293E-10	7.82677E-11	44	122	0	6.30004E-13	4.03203E-13
44	123	0	1.36104E-14	8.71066E-15	45	103	0	1.07001E-14	6.84804E-15
45	103	1	7.86005E-14	5.03043E-14	45	104	0	1.64001E-12	1.04961E-12
45	104	1	5.82004E-12	3.72482E-12	45	105	0	4.46003E-10	2.85442E-10
45	105	1	6.08004E-11	3.89122E-11	45	108	0	1.81001E-14	1.15841E-14
45	108	1	1.81001E-14	1.15841E-14	45	109	0	6.24004E-13	3.99363E-13
45	109	1	6.24004E-13	3.99363E-13	45	110	0	1.73001E-11	1.10721E-11
45	110	1	1.73001E-11	1.10721E-11	45	111	0	1.45001E-6	9.28006E-7
45	112	0	1.79801E-5	1.15073E-5	45	113	0	7.70005E-5	4.92803E-5
45	114	0	1.58931E-4	1.01716E-4	45	115	0	2.23411E-4	1.42983E-4
45	116	0	2.05191E-4	1.31322E-4	45	117	0	1.14991E-4	7.35941E-5
45	118	0	5.14003E-5	3.28962E-5	45	119	0	1.11801E-5	7.15525E-6
45	120	0	1.43001E-6	9.15206E-7	45	121	0	1.06878E-7	6.84022E-8
45	122	0	6.17004E-9	3.94883E-9	45	123	0	2.61988E-10	1.67672E-10
45	124	0	5.60004E-12	3.58402E-12	45	125	0	8.45647E-14	5.41214E-14
46	105	0	3.75002E-9	1.20001E-9	46	111	0	3.85002E-10	2.46402E-10
46	111	1	8.58006E-10	5.49124E-10	46	112	0	9.92006E-8	6.34884E-8
46	113	0	1.68001E-6	1.07521E-6	46	114	0	1.42301E-5	9.10726E-6
46	115	0	5.28803E-5	3.38434E-5	46	116	0	1.48101E-4	9.47846E-5
46	117	0	2.27871E-4	1.45838E-4	46	118	0	2.87902E-4	1.84257E-4
46	119	0	1.84051E-4	1.17793E-4	46	120	0	8.39005E-5	5.36963E-5
46	121	0	2.01501E-5	1.28961E-5	46	122	0	4.16003E-6	2.66242E-6
46	123	0	5.36003E-7	3.43042E-7	46	124	0	4.26003E-8	2.72642E-8
46	125	0	2.06993E-9	1.32475E-9	46	127	0	6.70026E-19	4.28817E-19
47	111	1	3.32002E-14	2.12481E-14	47	112	0	1.83001E-11	1.17121E-11
47	113	0	1.79001E-10	1.14561E-10	47	113	1	1.31001E-9	8.38405E-10
47	114	0	4.95003E-8	3.16802E-8	47	115	0	3.22002E-7	2.06081E-7
47	115	1	3.22002E-7	2.06081E-7	47	116	0	2.64002E-6	1.68961E-6
47	116	1	2.64002E-6	1.68961E-6	47	117	0	1.43701E-5	9.19686E-6
47	117	1	1.43701E-5	9.19686E-6	47	118	0	4.43503E-5	2.83842E-5
47	118	1	4.43503E-5	2.83842E-5	47	119	0	1.83541E-4	1.17466E-4
47	120	1	1.12931E-4	7.22757E-5	47	120	0	1.12931E-4	7.22757E-5
47	121	0	1.79321E-4	1.14766E-4	47	122	1	5.07753E-5	3.24962E-5
47	122	0	5.07753E-5	3.24962E-5	47	123	0	4.29903E-5	2.75138E-5
47	124	0	1.02401E-5	6.55364E-6	47	125	0	1.75001E-6	1.12001E-6
47	126	0	9.44006E-11	6.04164E-11	47	127	0	1.19001E-11	7.61605E-12
47	128	0	7.10005E-13	4.54403E-13	47	129	0	2.11649E-14	1.35455E-14
47	131	0	1.29292E-16	8.27469E-17	47	132	0	6.85992E-11	4.39035E-11
47	133	0	3.45435E-12	2.21079E-12	48	113	0	1.61001E-14	1.03041E-14
48	113	1	6.04004E-14	3.86562E-14	48	114	0	1.23001E-11	7.87205E-12
48	115	0	1.06001E-10	6.78404E-11	48	115	1	3.98003E-10	2.54722E-10
48	116	0	1.56001E-8	9.98406E-9	48	117	0	6.04004E-8	3.86562E-8
48	117	1	2.27001E-7	1.45281E-7	48	118	0	2.86002E-6	1.83041E-6
48	119	0	9.15006E-6	5.85604E-6	48	119	1	9.15006E-6	5.85604E-6
48	120	0	7.48305E-5	4.78915E-5	48	121	1	8.04105E-5	5.14627E-5
48	121	0	8.04105E-5	5.14627E-5	48	122	0	2.66272E-4	1.70414E-4
48	123	0	2.80262E-4	1.79368E-4	48	124	0	2.09321E-4	1.33966E-4
48	125	0	9.77506E-5	6.25604E-5	48	126	0	8.13005E-6	5.20323E-6
48	127	0	4.12003E-6	2.63682E-6	48	128	0	1.28001E-6	8.19205E-7
48	129	0	4.78003E-7	3.05922E-7	48	130	0	5.57004E-8	3.56482E-8
48	131	0	2.92002E-9	1.86881E-9	48	132	0	1.81994E-6	1.16476E-6
48	133	0	8.45538E-8	5.41144E-8	48	134	0	9.37006E-10	5.99684E-10
48	135	0	8.88646E-12	5.68733E-12	48	136	0	3.37002E-14	2.15681E-14
49	115	0	1.16001E-14	7.42405E-15	49	116	2	4.7667E-13	3.05069E-13
49	116	0	4.7667E-13	3.05069E-13	49	116	1	4.7667E-13	3.05069E-13
49	117	0	9.29006E-11	5.94564E-11	49	117	1	1.90001E-11	1.21601E-11
49	118	2	2.99002E-10	1.91361E-10	49	118	0	2.12001E-9	1.35681E-9
49	118	1	2.99002E-10	1.91361E-10	49	119	0	7.05005E-8	4.51203E-8
49	119	1	1.44001E-8	9.21606E-9	49	120	2	3.72669E-7	2.38508E-7
49	120	0	3.72669E-7	2.38508E-7	49	120	1	3.72669E-7	2.38508E-7
49	121	0	7.17005E-6	4.58883E-6	49	121	1	1.47001E-6	9.40806E-7
49	122	2	1.27201E-5	8.14085E-6	49	122	0	1.27201E-5	8.14085E-6
49	122	1	1.27201E-5	8.14085E-6	49	123	0	9.73406E-5	6.2298E-5
49	123	1	1.99401E-5	1.27617E-5	49	124	1	1.08986E-4	6.97508E-5
49	124	0	1.08986E-4	6.97508E-5	49	125	0	1.46251E-4	9.36006E-5
49	125	1	1.46251E-4	9.36006E-5	49	126	1	1.83891E-4	1.1769E-4
49	126	0	1.83891E-4	1.1769E-4	49	127	0	3.44162E-4	2.20264E-4
49	127	1	3.44162E-4	2.20264E-4	49	128	1	3.91528E-4	2.50578E-4
49	128	0	3.91528E-4	2.50578E-4	49	129	0	6.74194E-4	4.31484E-4
49	129	1	6.74194E-4	4.31484E-4	49	130	2	2.50225E-4	1.60144E-4
49	130	1	2.50225E-4	1.60144E-4	49	130	0	2.50225E-4	1.60144E-4
49	131	1	1.34041E-4	8.57862E-5	49	131	0	1.34041E-4	8.57862E-5
49	132	0	6.45474E-4	4.13103E-4	49	133	0	7.38959E-5	4.72934E-5
49	134	0	4.92003E-6	3.14882E-6	49	135	0	1.71056E-7	1.09476E-7
49	136	0	2.70002E-9	1.72801E-9	49	137	0	2.58596E-11	1.65502E-11
49	138	0	8.32991E-13	5.33114E-13	50	118	0	2.13001E-13	1.36321E-13
50	119	0	5.06003E-12	3.23842E-12	50	119	1	1.90001E-11	1.21601E-11
50	120	0	1.29001E-9	8.25605E-10	50	121	0	8.75006E-9	5.60004E-9
50	121	1	2.49002E-8	1.59361E-8	50	122	0	5.23003E-7	3.34722E-7
50	123	0	3.33002E-6	2.13121E-6	50	123	1	1.17001E-6	7.48805E-7
50	124	0	2.69002E-5	1.72161E-5	50	125	0	6.78704E-5	4.34371E-5
50	125	1	2.38402E-5	1.52577E-5	50	126	0	1.62541E-4	1.04026E-4
50	127	0	4.96003E-4	3.17442E-4	50	127	1	1.74271E-4	1.11534E-4
50	128	1	0.00101794	6.51483E-4	50	128	0	0.00101794	6.51483E-4
50	129	0	0.00625078	0.00281285	50	129	1	0.00220164	0.00140905
50	130	1	0.00823318	0.00526923	50	130	0	0.00823318	0.00526923
50	131	1	0.0114337	0.00731757	50	131	0	0.0114337	0.00731757
50	132	0	0.0188496	0.00603187	50	133	0	0.00672609	0.0043047
50	134	0	0.00182104	0.00116547	50	135	0	1.901E-4	1.21664E-4
50	136	0	1.41801E-5	9.07526E-6	50	137	0	6.32978E-7	4.05106E-7
50	138	0	2.20993E-8	1.41436E-8	50	139	0	1.63117E-10	1.04395E-10
50	140	0	8.68904E-12	5.56098E-12	50	141	0	2.58868E-12	1.65676E-12
51	120	0	1.66001E-14	1.06241E-14	51	120	1	2.83002E-14	1.81121E-14
51	121	0	4.87003E-12	3.11682E-12	51	122	0	1.03001E-10	6.59204E-11
51	122	1	1.37001E-10	8.76806E-11	51	123	0	7.33005E-9	4.69123E-9
51	124	2	4.45336E-8	2.85015E-8	51	124	0	4.45336E-8	2.85015E-8
51	124	1	4.45336E-8	2.85015E-8	51	125	0	1.53001E-6	9.79206E-7
51	126	2	4.71003E-8	3.01442E-8	51	126	0	6.82004E-8	4.36483E-8
51	126	1	4.71003E-8	3.01442E-8	51	127	0	2.03001E-6	1.29921E-6
51	128	0	9.00006E-6	5.76004E-6	51	128	1	1.24301E-5	7.95525E-6
51	129	0	3.24022E-4	2.07374E-4	51	130	0	8.07225E-4	5.16624E-4
51	130	1	0.00111469	7.134E-4	51	131	0	0.00937452	0.00421853
51	132	0	0.014364	0.00459648	51	132	1	0.0127379	0.00407612
51	133	0	0.030966	0.00495455	51	134	1	0.0128052	0.00819533
51	134	0	0.0128052	0.00819533	51	135	0	0.0102045	0.00326544
51	136	0	0.00238624	0.00152719	51	137	0	3.83052E-4	2.45154E-4
51	138	0	4.05703E-5	2.5965E-5	51	139	0	3.13986E-6	2.00951E-6
51	140	0	1.54316E-7	9.8762E-8	51	141	0	4.98298E-8	3.1891E-8
51	142	0	3.49404E-11	2.23618E-11	51	143	0	3.49239E-12	2.23513E-12
52	123	0	1.47001E-13	9.40806E-14	52	123	1	5.54004E-13	3.54562E-13
52	124	0	4.79003E-11	3.06562E-11	52	125	0	5.37003E-10	3.43682E-10
52	125	1	2.02001E-9	1.29281E-9	52	126	0	8.73006E-14	5.58724E-14
52	127	0	1.02001E-12	6.52804E-13	52	127	1	2.90002E-12	1.85601E-12
52	128	0	2.43002E-10	1.55521E-10	52	129	0	4.06003E-9	2.59842E-9
52	129	1	1.16001E-8	7.42405E-9	52	130	0	5.29003E-7	3.38562E-7
52	131	0	3.55002E-6	2.27201E-6	52	131	1	3.64842E-4	2.33499E-4
52	132	0	0.00471221	0.00301581	52	133	0	0.00801138	0.00512728
52	133	1	0.0196108	0.00627545	52	134	0	0.0395371	0.00632594
52	135	0	0.0462065	0.0147861	52	136	0	0.035255	0.0112816
52	137	0	0.0156778	0.00501691	52	138	0	0.00550107	0.00352068
52	139	0	0.00120899	7.73752E-4	52	140	0	1.85877E-4	1.18961E-4
52	141	0	5.53774E-5	3.54415E-5	52	142	0	9.26971E-7	5.93261E-7
52	143	0	8.54847E-8	5.47102E-8	52	144	0	5.72884E-11	3.66646E-11
52	145	0	6.07812E-12	3.89E-12	52	146	0	4.36717E-13	2.79499E-13
53	125	0	9.98006E-14	6.38724E-14	53	130	0	3.09002E-14	1.97761E-14
53	130	1	1.14001E-14	7.29605E-15	53	131	0	7.89005E-12	5.04963E-12
53	132	1	9.93956E-5	6.36132E-5	53	132	0	9.93956E-5	6.36132E-5
53	133	1	9.44471E-4	6.04461E-4	53	133	0	9.44471E-4	6.04461E-4
53	134	0	0.00439153	4.83068E-4	53	134	1	0.00318007	0.00203525
53	135	0	0.0135457	0.00433464	53	136	0	0.0132884	0.00425229
53	136	1	0.0134483	0.00430345	53	137	0	0.0353125	0.00565
53	138	0	0.0311927	0.00998166	53	139	0	0.0205561	0.00657796
53	140	0	0.00869363	0.00556392	53	141	0	0.00251496	0.00160957
53	142	0	4.18853E-4	2.68066E-4	53	143	0	7.47095E-5	4.78141E-5
53	144	0	1.01743E-6	6.51156E-7	53	145	0	1.16998E-7	7.48789E-8
53	146	0	7.75601E-9	4.96385E-9	53	147	0	6.72288E-12	4.30264E-12
53	148	0	6.85992E-13	4.39035E-13	54	131	0	1.11001E-11	3.55202E-12
54	131	1	3.16002E-11	2.02241E-11	54	132	0	1.79001E-8	1.14561E-8
54	133	0	4.18003E-6	2.67522E-6	54	133	1	1.22101E-5	7.81445E-6
54	134	0	7.04005E-6	4.50563E-6	54	134	1	1.90301E-5	1.21793E-5
54	135	0	1.11541E-4	7.13861E-5	54	135	1	1.57101E-4	1.00545E-4
54	136	0	0.0024432	0.00156365	54	137	0	0.0107737	0.00344759
54	138	0	0.0203998	0.00652792	54	139	0	0.0328326	0.00525321
54	140	0	0.0403741	0.00444115	54	141	0	0.0298271	0.00238617
54	142	0	0.0152738	0.00488763	54	143	1	0.00215725	0.00138064
54	143	0	0.00215725	0.00138064	54	144	0	0.00122552	1.96083E-4
54	145	0	1.30024E-4	8.32153E-5	54	146	0	9.3423E-6	5.97907E-6
54	147	0	1.64559E-7	1.05318E-7	54	148	0	1.81994E-8	1.16476E-8
54	149	0	2.20828E-11	1.4133E-11	54	150	0	2.89002E-12	1.84961E-12
54	151	0	4.51302E-13	2.88833E-13	55	132	0	2.85002E-13	1.82401E-13
55	133	0	5.32003E-11	3.40482E-11	55	134	1	3.23002E-9	2.06721E-9
55	134	0	3.23002E-9	2.06721E-9	55	135	1	1.85501E-7	1.18721E-7
55	135	0	1.85501E-7	1.18721E-7	55	136	1	4.80003E-6	3.07202E-6
55	136	0	4.80003E-6	3.07202E-6	55	137	0	1.12121E-4	7.17573E-5
55	138	0	3.01662E-4	1.93064E-4	55	138	1	3.01662E-4	1.93064E-4
55	139	0	0.00347311	0.00222279	55	140	0	0.00887264	0.00204071
55	141	0	0.0191304	0.00612174	55	142	0	0.022798	0.00729537
55	143	0	0.023904	0.00764927	55	144	0	0.0174256	0.0055762
55	145	0	0.00555617	0.00355595	55	146	0	0.00117104	7.49464E-4
55	147	0	1.43817E-4	9.20426E-5	55	148	0	2.45502E-5	1.57121E-5
55	149	0	4.25074E-7	2.72047E-7	55	150	0	4.81003E-8	3.07842E-8
55	151	0	8.68716E-9	5.55978E-9	55	152	0	5.65378E-12	3.61842E-12
55	153	0	3.03505E-13	1.94243E-13	56	134	0	1.05001E-13	6.72004E-14
56	135	1	1.13001E-11	7.23205E-12	56	135	0	1.13001E-11	7.23205E-12
56	136	1	1.48001E-9	9.47206E-10	56	136	0	1.48001E-9	9.47206E-10
56	137	0	2.31001E-8	1.47841E-8	56	137	1	6.56004E-8	4.19843E-8
56	138	0	2.04001E-6	1.30561E-6	56	139	0	2.77102E-5	1.77345E-5
56	140	0	2.66392E-4	1.70491E-4	56	141	0	0.00225784	0.00144502
56	142	0	0.00688605	0.00440707	56	143	0	0.0174256	0.00400789
56	144	0	0.0245659	0.00565015	56	145	0	0.0258033	0.00825706
56	146	0	0.0198462	0.0063508	56	147	0	0.00830546	0.0053155
56	148	0	0.00249054	0.00159394	56	149	0	4.72398E-4	3.02335E-4
56	150	0	5.43203E-5	3.4765E-5	56	151	0	9.65431E-6	6.17876E-6
56	152	0	1.49995E-7	9.5997E-8	56	153	0	7.42903E-9	4.75458E-9
56	154	0	7.11005E-11	4.55043E-11	56	155	0	3.95587E-13	2.53176E-13
56	156	0	2.54557E-14	1.62916E-14	57	137	0	2.45002E-12	1.56801E-12
57	138	0	1.76001E-10	1.12641E-10	57	139	0	8.10005E-9	5.18403E-9
57	140	0	2.48002E-7	1.58721E-7	57	141	0	4.45003E-6	2.84802E-6
57	142	0	5.26303E-5	3.36834E-5	57	143	0	4.48063E-4	2.8676E-4
57	144	0	0.00211319	0.00135244	57	145	0	0.00708877	0.00453681
57	146	1	0.00635709	0.00406854	57	146	0	0.00635709	0.00406854
57	147	0	0.0148093	0.00473898	57	148	0	0.0108987	0.00697519
57	149	0	0.00664064	0.00425001	57	150	0	0.00213975	0.00136944
57	151	0	4.3845E-4	2.80608E-4	57	152	0	5.81304E-5	3.72034E-5
57	153	0	6.49261E-6	4.15527E-6	57	154	0	2.83002E-7	1.81121E-7
57	155	0	7.61469E-9	4.8734E-9	57	156	0	4.52088E-10	2.89337E-10
57	157	0	8.9467E-13	5.72589E-13	57	158	0	1.87706E-14	1.20132E-14
57	159	0	1.01791E-15	6.51462E-16	58	139	0	3.60002E-14	2.30401E-14
58	139	1	1.02001E-13	6.52804E-14	58	140	0	1.53001E-11	9.79206E-12
58	141	0	9.05006E-10	5.79204E-10	58	142	0	3.64002E-8	2.32961E-8
58	143	0	9.01006E-7	5.76644E-7	58	144	0	1.43101E-5	9.15846E-6
58	145	0	1.27351E-4	8.15045E-5	58	146	0	8.70536E-4	5.57143E-4
58	147	0	0.00264376	0.001692	58	148	0	0.00745761	0.00335592
58	149	0	0.00842758	0.00379241	58	150	0	0.00860432	0.00387194
58	151	0	0.00455945	0.00291805	58	152	0	0.00184458	0.00118053
58	153	0	5.57684E-4	3.56917E-4	58	154	0	8.00205E-5	5.12131E-5
58	155	0	8.46244E-6	5.41596E-6	58	156	0	5.44551E-7	3.48513E-7
58	157	0	2.18992E-8	1.40155E-8	58	158	0	4.97984E-10	3.1871E-10
58	159	0	2.49158E-11	1.59461E-11	58	160	0	6.06004E-14	3.87842E-14
58	161	0	8.12658E-16	5.20101E-16	59	142	1	3.73002E-13	2.38722E-13
59	142	0	3.73002E-13	2.38722E-13	59	143	0	6.36004E-11	4.07043E-11
59	144	0	3.00002E-10	1.92001E-10	59	144	1	3.03002E-9	1.93921E-9
59	145	0	1.14001E-7	7.29605E-8	59	146	0	2.15001E-6	1.37601E-6
59	147	0	2.48302E-5	1.58913E-5	59	148	1	8.75106E-5	5.60068E-5
59	148	0	8.75106E-5	5.60068E-5	59	149	0	7.70335E-4	4.93014E-4
59	150	0	0.00190823	0.00122127	59	151	0	0.00280758	0.00179685
59	152	0	0.00285781	0.001829	59	153	0	0.00244147	0.00156254
59	154	0	8.81756E-4	5.64324E-4	59	155	0	2.96492E-4	1.89755E-4
59	156	0	5.24703E-5	3.3581E-5	59	157	0	7.04005E-6	4.50563E-6
59	158	0	4.66003E-7	2.98242E-7	59	159	0	2.17752E-8	1.39361E-8
59	160	0	5.76004E-10	3.68642E-10	59	161	0	1.56429E-11	1.00115E-11
59	162	0	1.66975E-14	1.06864E-14	59	163	0	6.37299E-16	4.07871E-16
59	164	0	1.46245E-17	9.35965E-18	60	144	0	5.10003E-14	3.26402E-14
60	145	0	5.34003E-12	3.41762E-12	60	146	0	3.90003E-10	2.49602E-10
60	147	0	1.43001E-8	9.15206E-9	60	148	0	3.59002E-7	2.29761E-7
60	149	0	4.97003E-6	3.18082E-6	60	150	0	4.26103E-5	2.72706E-5
60	151	0	1.78401E-4	1.14177E-4	60	152	0	5.37383E-4	3.43925E-4
60	153	0	0.00111364	7.12728E-4	60	154	0	0.00112524	7.20152E-4
60	155	0	9.21766E-4	5.8993E-4	60	156	0	4.68743E-4	2.99996E-4
60	157	0	1.60891E-4	1.0297E-4	60	158	0	3.34602E-5	2.14145E-5
60	159	0	4.37003E-6	2.79682E-6	60	160	0	3.77002E-7	2.41282E-7
60	161	0	1.73845E-8	1.11261E-8	60	162	0	4.42986E-10	2.83511E-10
60	163	0	1.55995E-11	9.98366E-12	60	164	0	3.87988E-13	2.48312E-13
60	165	0	1.83896E-15	1.17694E-15	60	166	0	8.17385E-17	5.23126E-17
60	167	0	6.16499E-18	3.94559E-18	61	147	0	2.85002E-13	1.82401E-13
61	148	0	6.13004E-12	3.92323E-12	61	148	1	1.66001E-11	1.06241E-11
61	149	0	1.18001E-9	7.55205E-10	61	150	0	3.29002E-8	2.10561E-8
61	151	0	4.85003E-7	3.10402E-7	61	152	2	1.42001E-6	9.08806E-7
61	152	0	1.42001E-6	9.08806E-7	61	152	1	1.42001E-6	9.08806E-7
61	153	0	2.85602E-5	1.82785E-5	61	154	0	3.75402E-5	2.40258E-5
61	154	1	3.75402E-5	2.40258E-5	61	155	0	1.85301E-4	1.18593E-4
61	156	0	2.26481E-4	1.44948E-4	61	157	0	2.16001E-4	1.38241E-4
61	158	0	1.07601E-4	6.88644E-5	61	159	0	4.09803E-5	2.62274E-5
61	160	0	8.95006E-6	5.72804E-6	61	161	0	1.28001E-6	8.19205E-7
61	162	0	9.18006E-8	5.87524E-8	61	163	0	1.06001E-8	6.78404E-9
61	164	0	7.57005E-10	4.84483E-10	61	165	0	3.53984E-11	2.2655E-11
61	166	0	1.45166E-12	9.29062E-13	61	167	0	1.1867E-13	7.59491E-14
61	168	0	2.3972E-16	1.53421E-16	61	169	0	1.10196E-17	7.05252E-18
62	149	0	1.57001E-14	1.00481E-14	62	150	0	1.71001E-12	1.09441E-12
62	151	0	7.76005E-11	4.96643E-11	62	152	0	2.50002E-9	1.60001E-9
62	153	0	4.94003E-8	3.16162E-8	62	154	0	4.39003E-7	2.80962E-7
62	155	0	3.12002E-6	1.99681E-6	62	156	0	1.20701E-5	7.72485E-6
62	157	0	2.96002E-5	1.89441E-5	62	158	0	4.25703E-5	2.7245E-5
62	159	0	3.86202E-5	2.4717E-5	62	160	0	2.28801E-5	1.46433E-5
62	161	0	7.74005E-6	4.95363E-6	62	162	0	1.64001E-6	1.04961E-6
62	163	0	4.87003E-7	3.11682E-7	62	164	0	1.09001E-7	6.97604E-8
62	165	0	1.45001E-8	9.28006E-9	62	166	0	1.74856E-9	1.11908E-9
62	167	0	1.31882E-10	8.44046E-11	62	168	0	6.3598E-12	4.07027E-12
62	169	0	2.69731E-13	1.72628E-13	62	171	0	1.59729E-17	1.02227E-17
62	172	0	3.79734E-18	2.4303E-18	63	152	2	1.46001E-14	9.34406E-15
63	152	0	1.46001E-14	9.34406E-15	63	152	1	1.46001E-14	9.34406E-15
63	153	0	3.03002E-12	1.93921E-12	63	154	1	4.12503E-11	2.64002E-11
63	154	0	4.12503E-11	2.64002E-11	63	155	0	2.11001E-9	1.35041E-9
63	156	0	2.38002E-8	1.52321E-8	63	157	0	1.96001E-7	1.25441E-7
63	158	0	7.76005E-7	4.96643E-7	63	159	0	2.19001E-6	1.40161E-6
63	160	0	3.20002E-6	2.04801E-6	63	161	0	3.01002E-6	1.92641E-6
63	162	0	1.51001E-6	9.66406E-7	63	163	0	1.22001E-6	7.80805E-7
63	164	0	6.51004E-7	4.16643E-7	63	165	0	2.60002E-7	1.66401E-7
63	166	0	8.16005E-8	5.22243E-8	63	167	0	2.01001E-8	1.28641E-8
63	168	0	2.70002E-9	1.72801E-9	63	169	0	2.35732E-10	1.50868E-10
63	170	0	1.16001E-11	7.42405E-12	63	171	0	3.07464E-13	1.96777E-13
63	172	0	6.744E-14	4.31616E-14	64	155	0	8.04005E-14	5.14563E-14
64	156	0	3.57002E-12	2.28481E-12	64	157	0	8.04005E-11	5.14563E-11
64	158	0	1.11001E-9	7.10405E-10	64	159	0	9.06006E-9	5.79844E-9
64	160	0	4.25003E-8	2.72002E-8	64	161	0	1.06001E-7	6.78404E-8
64	162	0	1.63001E-7	1.04321E-7	64	163	0	3.20002E-7	2.04801E-7
64	164	0	4.70003E-7	3.00802E-7	64	165	0	4.44003E-7	2.84162E-7
64	166	0	3.82002E-7	2.44482E-7	64	167	0	2.34002E-7	1.49761E-7
64	168	0	9.32006E-8	5.96484E-8	64	169	0	2.15001E-8	1.37601E-8
64	170	0	3.48002E-9	2.22721E-9	64	171	0	3.41695E-10	2.18685E-10
64	172	0	8.12331E-11	5.19892E-11	65	158	0	4.38003E-14	2.80322E-14
65	159	0	1.45001E-12	9.28006E-13	65	160	0	1.89001E-11	1.20961E-11
65	161	0	1.58001E-10	1.01121E-10	65	162	0	3.49002E-10	2.23361E-10
65	162	1	3.49002E-10	2.23361E-10	65	163	0	4.37003E-9	2.79682E-9
65	164	0	1.68001E-8	1.07521E-8	65	165	0	4.78003E-8	3.05922E-8
65	166	0	9.87006E-8	6.31684E-8	65	167	0	1.69001E-7	1.08161E-7
65	168	0	1.56001E-7	9.98406E-8	65	169	0	9.93006E-8	6.35524E-8
65	170	0	4.05003E-8	2.59202E-8	65	171	0	1.20001E-8	7.68005E-9
65	172	0	7.60005E-9	4.86403E-9	66	161	0	1.37001E-14	8.76806E-15
66	162	0	2.15001E-13	1.37601E-13	66	163	0	3.87002E-12	2.47682E-12
66	164	0	4.94003E-11	3.16162E-11	66	165	0	3.54002E-10	2.26561E-10
66	165	1	4.82003E-11	3.08482E-11	66	166	0	2.61002E-9	1.67041E-9
66	167	0	1.19001E-8	7.61605E-9	66	168	0	3.16002E-8	2.02241E-8
66	169	0	4.78003E-8	3.05922E-8	66	170	0	5.43003E-8	3.47522E-8
66	171	0	3.72002E-8	2.38082E-8	66	172	0	6.61004E-8	4.23043E-8
67	165	0	1.30001E-13	8.32005E-14	67	166	0	6.54004E-13	4.18563E-13
67	166	1	1.77001E-12	1.13281E-12	67	167	0	3.75002E-11	2.40002E-11
67	168	0	2.74002E-10	1.75361E-10	67	169	0	1.29001E-9	8.25605E-10
67	170	0	1.91001E-9	1.22241E-9	67	170	1	1.91001E-9	1.22241E-9
67	171	0	7.48005E-9	4.78723E-9	67	172	0	3.12002E-8	1.99681E-8
68	168	0	1.76001E-13	1.12641E-13	68	169	0	2.37002E-12	1.51681E-12
68	170	0	2.37002E-11	1.51681E-11	68	171	0	1.26001E-10	8.06405E-11
68	172	0	1.62001E-9	1.03681E-9	69	171	0	8.52005E-14	5.45283E-14
69	172	0	3.09002E-12	1.97761E-12