Z	A	FPS	Yield	Uncertainty	Z	A	FPS	Yield	Uncertainty
25	66	0	2.52004E-14	1.61283E-14	25	67	0	1.11002E-14	7.10411E-15
26	66	0	4.71007E-13	3.01445E-13	26	67	0	7.51012E-13	4.80648E-13
26	68	0	8.37013E-13	5.35688E-13	26	69	0	4.86008E-13	3.11045E-13
26	70	0	1.98003E-13	1.26722E-13	26	71	0	4.19007E-14	2.68164E-14
26	75	0	2.16387E-19	1.38487E-19	27	66	0	3.05005E-13	1.95203E-13
27	67	0	1.48002E-12	9.47215E-13	27	68	0	5.09008E-12	3.25765E-12
27	69	0	1.02002E-11	6.5281E-12	27	70	0	1.49002E-11	9.53615E-12
27	71	0	1.25002E-11	8.00013E-12	27	72	0	7.55012E-12	4.83208E-12
27	73	0	2.40004E-12	1.53602E-12	27	74	0	4.31007E-13	2.75844E-13
27	75	0	4.59005E-14	2.93763E-14	27	77	0	1.80515E-17	1.1553E-17
27	78	0	1.38577E-18	8.86892E-19	27	79	0	3.49231E-19	2.23508E-19
28	66	0	1.21002E-14	7.74412E-15	28	67	0	2.04003E-13	1.30562E-13
28	68	0	2.18003E-12	1.39522E-12	28	69	0	1.33002E-11	8.51213E-12
28	70	0	5.78009E-11	3.69926E-11	28	71	0	1.58003E-10	1.01122E-10
28	72	0	3.26005E-10	2.08643E-10	28	73	0	3.95006E-10	2.52804E-10
28	74	0	2.87005E-10	1.83683E-10	28	75	0	1.24002E-10	7.93613E-11
28	76	0	3.40005E-11	2.17603E-11	28	77	0	5.72007E-12	3.66085E-12
28	78	0	5.17007E-13	3.30884E-13	28	79	0	1.10663E-13	7.0824E-14
28	81	0	2.24872E-17	1.43918E-17	29	68	1	1.84003E-14	1.17762E-14
29	69	0	5.88009E-13	3.76326E-13	29	70	0	2.10003E-12	1.34402E-12
29	70	1	6.3001E-12	4.03206E-12	29	71	0	7.22011E-11	4.62087E-11
29	72	0	4.39007E-10	2.80964E-10	29	73	0	1.66003E-9	1.06242E-9
29	74	0	4.03006E-9	2.57924E-9	29	75	0	6.1001E-9	3.90406E-9
29	76	0	6.5201E-9	4.17287E-9	29	77	0	4.34007E-9	2.77764E-9
29	78	0	1.67003E-9	1.06882E-9	29	79	0	4.69897E-10	3.00734E-10
29	80	0	4.48007E-11	2.86725E-11	29	81	0	4.77005E-12	3.05283E-12
29	82	0	1.49002E-13	9.53615E-14	29	83	0	1.16767E-15	7.47308E-16
29	84	0	4.39586E-17	2.81335E-17	30	70	0	5.72009E-14	3.66086E-14
30	71	0	3.59006E-13	2.29764E-13	30	71	1	1.53002E-12	9.79216E-13
30	72	0	3.98006E-11	2.54724E-11	30	73	0	4.94008E-10	3.16165E-10
30	74	0	3.71006E-9	2.37444E-9	30	75	0	1.66003E-8	1.06242E-8
30	76	0	5.64009E-8	3.60966E-8	30	77	0	1.25002E-7	8.00013E-8
30	78	0	1.79003E-7	1.14562E-7	30	79	0	2.00003E-7	1.28002E-7
30	80	0	7.66012E-8	4.90248E-8	30	81	0	3.64006E-8	2.32964E-8
30	82	0	5.41009E-9	3.46245E-9	30	83	0	3.70005E-10	2.36803E-10
30	84	0	1.64002E-11	1.04961E-11	30	85	0	3.14444E-14	2.01244E-14
30	87	0	7.02976E-16	4.49904E-16	31	72	1	3.92006E-14	2.50884E-14
31	72	0	3.92006E-14	2.50884E-14	31	73	0	3.90006E-12	2.49604E-12
31	74	1	5.50009E-11	3.52006E-11	31	74	0	5.50009E-11	3.52006E-11
31	75	0	1.66003E-9	1.06242E-9	31	76	0	1.80003E-8	1.15202E-8
31	77	0	1.19002E-7	7.61612E-8	31	78	0	5.21008E-7	3.33445E-7
31	79	0	1.90003E-6	1.21602E-6	31	80	0	2.49004E-6	1.59363E-6
31	81	0	4.68007E-6	2.99525E-6	31	82	0	3.04005E-6	1.94563E-6
31	83	0	9.14014E-7	5.84969E-7	31	84	0	1.89003E-7	1.20962E-7
31	85	0	6.67007E-9	4.26885E-9	31	86	0	1.57002E-9	1.00482E-9
31	87	0	1.49117E-10	9.5435E-11	31	88	0	5.25359E-14	3.3623E-14
31	89	0	4.71091E-15	3.01498E-15	32	74	0	1.21002E-13	7.74412E-14
32	75	0	9.45015E-13	6.0481E-13	32	75	1	6.3201E-12	4.04486E-12
32	76	0	3.11005E-10	1.99043E-10	32	77	0	6.3001E-9	4.03206E-9
32	77	1	9.42015E-10	6.0289E-10	32	78	0	1.08002E-7	6.91211E-8
32	79	1	6.1501E-7	3.93606E-7	32	79	0	6.1501E-7	3.93606E-7
32	80	0	4.75008E-6	3.04005E-6	32	81	0	2.87705E-5	1.84131E-5
32	82	0	6.69411E-5	4.28423E-5	32	83	0	7.64612E-5	4.89352E-5
32	84	0	6.71511E-5	4.29767E-5	32	85	0	1.01802E-5	6.5153E-6
32	86	0	1.06902E-5	6.84171E-6	32	87	0	9.45866E-7	6.05354E-7
32	88	0	1.96003E-8	1.25442E-8	32	89	0	1.49277E-9	9.55371E-10
32	90	0	6.72316E-13	4.30282E-13	32	91	0	6.80459E-14	4.35494E-14
32	92	0	4.3101E-15	2.75846E-15	33	76	0	9.63015E-14	6.1633E-14
33	77	0	9.12014E-12	5.83689E-12	33	78	0	5.51009E-10	3.52646E-10
33	79	0	2.42004E-8	1.54882E-8	33	80	0	3.23005E-7	2.06723E-7
33	81	0	6.6101E-6	4.23047E-6	33	82	0	2.51204E-5	1.60771E-5
33	82	1	2.51204E-5	1.60771E-5	33	83	0	1.80463E-4	1.15496E-4
33	84	1	2.71474E-4	1.73744E-4	33	84	0	2.71474E-4	1.73744E-4
33	85	0	2.98335E-4	1.90934E-4	33	86	0	0.00123288	7.89043E-4
33	87	0	4.57307E-4	2.92677E-4	33	88	0	4.14907E-5	2.6554E-5
33	89	0	6.33861E-6	4.05671E-6	33	90	0	1.21128E-7	7.75216E-8
33	91	0	1.44341E-8	9.23782E-9	33	92	0	7.76527E-10	4.96977E-10
33	93	0	2.58372E-13	1.65358E-13	33	94	0	1.40721E-14	9.00615E-15
34	78	0	8.96014E-14	5.73449E-14	34	79	0	1.48002E-11	9.47215E-12
34	79	1	2.21004E-12	1.41442E-12	34	80	0	9.09014E-10	5.81769E-10
34	81	0	1.00002E-8	6.4001E-9	34	81	1	6.72011E-8	4.30087E-8
34	82	0	2.35004E-6	1.50402E-6	34	83	0	2.42704E-5	1.5533E-5
34	83	1	5.69009E-6	3.64166E-6	34	84	0	3.03355E-4	1.94147E-4
34	85	0	2.60954E-4	1.67011E-4	34	85	1	2.60954E-4	1.67011E-4
34	86	0	0.00664993	0.00299247	34	87	0	0.00883373	0.00565359
34	88	0	0.00301723	0.00193103	34	89	0	0.0018717	0.00119789
34	90	0	9.04613E-4	5.78952E-4	34	91	0	9.1557E-5	5.85965E-5
34	92	0	5.79932E-6	3.71156E-6	34	93	0	8.18715E-8	5.23977E-8
34	94	0	5.25007E-9	3.36004E-9	34	95	0	1.15882E-12	7.41648E-13
34	96	0	3.32005E-13	2.12483E-13	34	97	0	9.74951E-15	6.23969E-15
35	80	0	1.02002E-14	6.5281E-15	35	80	1	3.05005E-14	1.95203E-14
35	81	0	1.57002E-11	1.00482E-11	35	82	0	1.53002E-9	9.79216E-10
35	82	1	6.5701E-10	4.20487E-10	35	83	0	1.19002E-7	7.61612E-8
35	84	0	1.81003E-6	1.15842E-6	35	84	1	3.21005E-6	2.05443E-6
35	85	0	3.21505E-5	2.05763E-5	35	86	0	7.25001E-4	4.64001E-4
35	86	1	7.25001E-4	4.64001E-4	35	87	0	0.00589641	0.0037737
35	88	0	0.00631074	0.00201944	35	89	0	0.0128998	0.00412795
35	90	0	0.0223598	0.00715515	35	91	0	0.00882637	0.00282444
35	92	0	0.0022415	0.00143456	35	93	0	3.47644E-4	2.22492E-4
35	94	0	3.66906E-5	2.3482E-5	35	95	0	2.45813E-7	1.5732E-7
35	96	0	4.73007E-8	3.02725E-8	35	97	0	2.06809E-9	1.32358E-9
35	98	0	1.33484E-12	8.54298E-13	35	99	0	4.53796E-14	2.90429E-14
35	100	0	2.6804E-16	1.71546E-16	36	82	0	5.93009E-14	3.79526E-14
36	83	0	1.20002E-11	7.68012E-12	36	83	1	2.80004E-12	1.79203E-12
36	84	0	2.91005E-9	1.86243E-9	36	85	0	6.5701E-8	4.20487E-8
36	85	1	1.54002E-8	9.85616E-9	36	86	0	1.52102E-5	9.73455E-6
36	87	0	2.41184E-4	1.54358E-4	36	88	0	0.0149132	0.00477221
36	89	0	0.0211009	0.0067523	36	90	0	0.0334383	0.0107003
36	91	0	0.0422289	0.0135133	36	92	0	0.0355586	0.0113787
36	93	0	0.0198099	0.00633916	36	94	0	0.00808045	0.00517149
36	95	0	0.00155922	9.979E-4	36	96	0	1.87473E-4	1.19983E-4
36	97	0	1.31181E-5	8.39561E-6	36	98	0	4.98007E-7	3.18724E-7
36	99	0	1.43796E-8	9.20297E-9	36	100	0	1.00001E-10	6.40008E-11
36	101	0	1.82357E-13	1.16709E-13	36	102	0	1.23209E-14	7.8854E-15
37	84	0	2.50004E-14	1.60003E-14	37	85	0	3.22005E-12	2.06083E-12
37	86	1	1.37502E-9	8.80014E-10	37	86	0	1.37502E-9	8.80014E-10
37	87	0	1.93003E-7	1.23522E-7	37	88	0	3.17005E-6	2.02883E-6
37	89	0	8.65214E-5	5.53737E-5	37	90	0	3.35965E-4	2.15018E-4
37	90	1	0.00142954	9.14907E-4	37	91	0	0.00765082	0.00489653
37	92	0	0.0199007	0.00636823	37	93	0	0.0336442	0.0107661
37	94	0	0.0433551	0.0138736	37	95	0	0.0284893	0.00911659
37	96	0	0.0131129	0.00419614	37	97	0	0.00363305	0.00232515
37	98	0	5.95559E-4	3.81158E-4	37	99	0	6.1059E-5	3.90778E-5
37	100	0	2.54004E-6	1.62563E-6	37	101	0	3.86822E-8	2.47566E-8
37	102	0	2.2198E-9	1.42067E-9	37	103	0	3.86971E-13	2.47661E-13
37	104	0	2.2703E-14	1.45299E-14	37	105	0	1.25424E-15	8.02713E-16
38	86	0	1.37002E-14	8.76814E-15	38	87	0	3.62006E-12	2.31684E-12
38	87	1	8.50013E-13	5.44009E-13	38	88	0	3.37005E-10	2.15683E-10
38	89	0	4.14007E-8	2.64964E-8	38	90	0	3.70006E-6	2.36804E-6
38	91	0	6.70811E-5	4.29319E-5	38	92	0	6.64711E-4	4.25415E-4
38	93	0	0.00395422	0.0025307	38	94	0	0.0162747	0.00520791
38	95	0	0.0350375	0.011212	38	96	0	0.047748	0.0152794
38	97	0	0.0431201	0.0137984	38	98	0	0.0257518	0.00824057
38	99	0	0.00915147	0.00585694	38	100	0	0.00189274	0.00121135
38	101	0	2.45365E-4	1.57034E-4	38	102	0	1.6578E-5	1.06099E-5
38	103	0	1.22621E-7	7.84776E-8	38	104	0	8.47011E-9	5.42087E-9
38	105	0	3.97437E-10	2.54359E-10	39	89	0	6.5201E-14	4.17287E-14
39	89	1	2.78004E-13	1.77923E-13	39	90	1	5.45009E-11	3.48806E-11
39	90	0	5.45009E-11	3.48806E-11	39	91	1	4.90008E-9	3.13605E-9
39	91	0	4.90008E-9	3.13605E-9	39	92	0	4.24007E-7	2.71364E-7
39	93	1	5.24008E-6	3.35365E-6	39	93	0	5.24008E-6	3.35365E-6
39	94	0	1.72743E-4	1.10555E-4	39	95	0	0.00181355	0.00116067
39	96	0	6.5608E-4	4.19891E-4	39	96	1	0.00590357	0.00377829
39	97	1	0.00950786	0.00608503	39	97	0	0.00950786	0.00608503
39	98	0	0.0173319	0.00554622	39	98	1	0.0173261	0.00554435
39	99	0	0.0398342	0.0127469	39	100	0	0.029289	0.00937247
39	101	0	0.0143874	0.00460397	39	102	0	0.00396408	0.00253701
39	103	0	5.20676E-4	3.33232E-4	39	104	0	4.02106E-5	2.57348E-5
39	105	0	1.6876E-6	1.08006E-6	39	106	0	3.85146E-14	2.46494E-14
39	107	0	1.06434E-15	6.81178E-16	39	108	0	8.25809E-17	5.28518E-17
39	109	0	6.59273E-18	4.21935E-18	39	110	0	3.51133E-15	2.24725E-15
39	111	0	3.33485E-17	2.1343E-17	40	91	0	3.58006E-14	2.29124E-14
40	92	0	7.76012E-12	4.96648E-12	40	93	0	8.48013E-10	5.42729E-10
40	94	0	6.0801E-8	3.89126E-8	40	95	0	1.92003E-6	1.22882E-6
40	96	0	4.15307E-5	2.65796E-5	40	97	0	4.53847E-4	2.90462E-4
40	98	0	0.00313862	0.00200872	40	99	0	0.0123056	0.00393779
40	100	0	0.0294202	0.00941445	40	101	0	0.0454167	0.0145333
40	102	0	0.0414461	0.0132628	40	103	0	0.0196445	0.00628624
40	104	0	0.00616648	0.00394655	40	105	0	2.52936E-4	1.61879E-4
40	106	0	1.11002E-6	7.10411E-7	40	107	0	2.60535E-8	1.66743E-8
40	108	0	2.38004E-9	1.52322E-9	40	109	0	1.61381E-10	1.03284E-10
40	110	0	1.31002E-9	8.38411E-10	40	111	0	1.05673E-11	6.76307E-12
40	112	0	1.7389E-16	1.1129E-16	40	113	0	1.37888E-17	8.82484E-18
41	94	0	1.85003E-13	1.18402E-13	41	94	1	1.29002E-13	8.25613E-14
41	95	0	4.32007E-11	2.76484E-11	41	95	1	1.01002E-11	6.4641E-12
41	96	0	4.37007E-9	2.79684E-9	41	97	0	1.77003E-7	1.13282E-7
41	97	1	4.16007E-8	2.66244E-8	41	98	0	4.64007E-6	2.96965E-6
41	98	1	1.55002E-6	9.92016E-7	41	99	0	8.01013E-6	5.12648E-6
41	99	1	9.21115E-5	5.89513E-5	41	100	0	4.82958E-4	3.09093E-4
41	100	1	4.82958E-4	3.09093E-4	41	101	0	0.00530217	0.00339339
41	102	1	0.00791928	0.00506834	41	102	0	0.00791928	0.00506834
41	103	0	0.0235184	0.00752589	41	104	1	0.0121593	0.00778196
41	104	0	0.0121593	0.00778196	41	105	0	0.00356918	0.00228427
41	106	0	7.53752E-4	4.82401E-4	41	107	0	1.79177E-4	1.14673E-4
41	108	0	3.31805E-5	2.12355E-5	41	109	0	1.10986E-6	7.10308E-7
41	110	0	1.25002E-6	8.00013E-7	41	111	0	4.4871E-8	2.87174E-8
41	112	0	3.13289E-11	2.00505E-11	41	113	0	2.92492E-12	1.87195E-12
41	114	0	1.56267E-16	1.00011E-16	41	115	0	1.27089E-17	8.13369E-18
42	96	0	1.25002E-14	8.00013E-15	42	97	0	2.81004E-12	1.79843E-12
42	98	0	3.67006E-10	2.34884E-10	42	99	0	2.69004E-8	1.72163E-8
42	100	0	1.19002E-6	7.61612E-7	42	101	0	2.79704E-5	1.79011E-5
42	102	0	3.37065E-4	2.15722E-4	42	103	0	0.00187055	0.00119715
42	104	0	0.00680968	0.00435819	42	105	0	0.00402144	0.00257372
42	106	0	0.0019272	0.00123341	42	107	0	0.00116848	7.47826E-4
42	108	0	6.95661E-4	4.45223E-4	42	109	0	8.65014E-5	5.53609E-5
42	110	0	4.39407E-5	2.8122E-5	42	111	0	6.72523E-6	4.30414E-6
42	112	0	2.33972E-7	1.49742E-7	42	113	0	1.85531E-8	1.1874E-8
42	114	0	5.83008E-11	3.73125E-11	42	115	0	4.02712E-12	2.57736E-12
42	117	0	2.06583E-17	1.32213E-17	42	118	0	1.0478E-18	6.70592E-19
43	99	0	8.77014E-14	5.61289E-14	43	99	1	2.06003E-14	1.31842E-14
43	100	0	2.26004E-11	1.44642E-11	43	101	0	2.42004E-9	1.54882E-9
43	102	0	6.5601E-8	4.19847E-8	43	102	1	6.5601E-8	4.19847E-8
43	103	0	3.18005E-6	2.03523E-6	43	104	0	5.01208E-5	3.20773E-5
43	105	0	9.74515E-5	6.2369E-5	43	106	0	2.28004E-5	1.45922E-5
43	107	0	4.26607E-5	2.73028E-5	43	108	0	8.41513E-5	5.38569E-5
43	109	0	3.05305E-5	1.95395E-5	43	110	0	4.96208E-5	3.17573E-5
43	111	0	5.13908E-5	3.28901E-5	43	112	0	1.32202E-5	8.46093E-6
43	113	0	1.86147E-6	1.19134E-6	43	114	0	1.38002E-7	8.83214E-8
43	115	0	1.71E-8	1.0944E-8	43	116	0	2.08003E-10	1.33122E-10
43	117	0	4.38209E-12	2.80454E-12	43	118	0	1.88776E-13	1.20817E-13
43	119	0	1.69785E-16	1.08663E-16	43	120	0	2.55442E-18	1.63483E-18
44	102	0	1.44002E-12	9.21615E-13	44	103	0	1.61003E-10	1.03042E-10
44	104	0	1.20002E-8	7.68012E-9	44	105	0	1.08002E-7	6.91211E-8
44	106	0	2.67004E-10	1.70883E-10	44	107	0	2.14003E-9	1.36962E-9
44	108	0	2.21004E-8	1.41442E-8	44	109	1	1.99003E-8	1.27362E-8
44	109	0	1.99003E-8	1.27362E-8	44	110	0	3.70006E-6	2.36804E-6
44	111	0	2.70704E-5	1.73251E-5	44	112	0	4.05206E-5	2.59332E-5
44	113	0	3.07805E-5	1.96995E-5	44	114	0	1.11902E-5	7.16171E-6
44	115	0	2.56294E-6	1.64028E-6	44	116	0	3.56006E-7	2.27844E-7
44	117	0	2.77961E-8	1.77895E-8	44	118	0	1.40983E-9	9.02293E-10
44	119	0	5.38007E-11	3.44324E-11	44	120	0	9.53013E-13	6.09928E-13
44	121	0	2.22987E-15	1.42711E-15	44	123	0	1.221E-18	7.81443E-19
45	104	0	1.04002E-14	6.65611E-15	45	104	1	3.13005E-14	2.00323E-14
45	105	0	2.19003E-12	1.40162E-12	45	105	1	3.27005E-13	2.09283E-13
45	110	0	2.91005E-9	1.86243E-9	45	110	1	2.91005E-9	1.86243E-9
45	111	0	4.18007E-7	2.67524E-7	45	112	0	4.58007E-6	2.93125E-6
45	113	0	1.77603E-5	1.13666E-5	45	114	0	2.56304E-5	1.64035E-5
45	115	0	2.22604E-5	1.42466E-5	45	116	0	1.15702E-5	7.40492E-6
45	117	0	3.70006E-6	2.36804E-6	45	118	0	7.90013E-7	5.05608E-7
45	119	0	1.28002E-7	8.19213E-8	45	120	0	9.82016E-9	6.2849E-9
45	121	0	4.73005E-10	3.02723E-10	45	122	0	1.43002E-11	9.15215E-12
45	123	0	2.59003E-13	1.65762E-13	45	125	0	1.81462E-17	1.16136E-17
46	110	0	2.73004E-13	1.74723E-13	46	111	0	7.85012E-11	5.02408E-11
46	111	1	1.46002E-10	9.34415E-11	46	112	0	2.33004E-8	1.49122E-8
46	113	0	6.1301E-7	3.92326E-7	46	114	0	4.12007E-6	2.63684E-6
46	115	0	1.31902E-5	8.44173E-6	46	116	0	2.21004E-5	1.41442E-5
46	117	0	2.34504E-5	1.50082E-5	46	118	0	1.74203E-5	1.1149E-5
46	119	0	1.03302E-5	6.6113E-6	46	120	0	3.12005E-6	1.99683E-6
46	121	0	5.98009E-7	3.82726E-7	46	122	0	7.40012E-8	4.73608E-8
46	123	0	5.64009E-9	3.60966E-9	46	124	0	2.69004E-10	1.72163E-10
46	125	0	5.75007E-12	3.68005E-12	47	112	0	1.94003E-12	1.24162E-12
47	113	0	5.28008E-11	3.37925E-11	47	113	1	3.53006E-10	2.25924E-10
47	114	0	1.58003E-8	1.01122E-8	47	115	0	1.17002E-7	7.48812E-8
47	115	1	1.17002E-7	7.48812E-8	47	116	0	7.50012E-7	4.80008E-7
47	116	1	7.50012E-7	4.80008E-7	47	117	0	2.78004E-6	1.77923E-6
47	117	1	2.78004E-6	1.77923E-6	47	118	0	6.5401E-6	4.18567E-6
47	118	1	6.5401E-6	4.18567E-6	47	119	0	2.36604E-5	1.51426E-5
47	120	1	1.14552E-5	7.33132E-6	47	120	0	1.14552E-5	7.33132E-6
47	121	0	1.47802E-5	9.45935E-6	47	122	1	3.32005E-6	2.12483E-6
47	122	0	3.32005E-6	2.12483E-6	47	123	0	1.95003E-6	1.24802E-6
47	124	0	3.74006E-7	2.39364E-7	47	125	0	3.72006E-8	2.38084E-8
47	126	0	3.09005E-12	1.97763E-12	47	127	0	5.19008E-13	3.32165E-13
47	128	0	3.58006E-14	2.29124E-14	47	129	0	5.84193E-16	3.73884E-16
47	131	0	5.55597E-17	3.55582E-17	47	132	0	5.76287E-13	3.68823E-13
47	133	0	2.23582E-14	1.43093E-14	48	114	0	1.88003E-12	1.20322E-12
48	115	0	3.36005E-11	2.15043E-11	48	115	1	1.13002E-10	7.23211E-11
48	116	0	4.23007E-9	2.70724E-9	48	117	0	1.55002E-8	9.92016E-9
48	117	1	5.18008E-8	3.31525E-8	48	118	0	6.1201E-7	3.91686E-7
48	119	0	1.90003E-6	1.21602E-6	48	119	1	1.90003E-6	1.21602E-6
48	120	0	1.17202E-5	7.50092E-6	48	121	1	1.11702E-5	7.14891E-6
48	121	0	1.11702E-5	7.14891E-6	48	122	0	3.00505E-5	1.92323E-5
48	123	0	2.80904E-5	1.79779E-5	48	124	0	1.85403E-5	1.18658E-5
48	125	0	7.61012E-6	4.87048E-6	48	126	0	5.08008E-7	3.25125E-7
48	127	0	2.75004E-7	1.76003E-7	48	128	0	7.20011E-8	4.60807E-8
48	129	0	1.43002E-8	9.15214E-9	48	130	0	6.97011E-9	4.46087E-9
48	131	0	1.36002E-9	8.70414E-10	48	132	0	2.15003E-7	1.37602E-7
48	133	0	7.08476E-9	4.53425E-9	48	134	0	2.23004E-11	1.42722E-11
48	135	0	6.87222E-14	4.39822E-14	49	116	2	6.3001E-14	4.03206E-14
49	116	0	6.3001E-14	4.03206E-14	49	116	1	6.3001E-14	4.03206E-14
49	117	0	1.15002E-11	7.36012E-12	49	117	1	2.69004E-12	1.72163E-12
49	118	2	7.10011E-11	4.54407E-11	49	118	0	4.27007E-10	2.73284E-10
49	118	1	7.10011E-11	4.54407E-11	49	119	0	1.18002E-8	7.55212E-9
49	119	1	2.77004E-9	1.77283E-9	49	120	2	5.82676E-8	3.72913E-8
49	120	0	5.82676E-8	3.72913E-8	49	120	1	5.82676E-8	3.72913E-8
49	121	0	9.47015E-7	6.0609E-7	49	121	1	2.22004E-7	1.42082E-7
49	122	2	1.70003E-6	1.08802E-6	49	122	0	1.70003E-6	1.08802E-6
49	122	1	1.70003E-6	1.08802E-6	49	123	0	1.16802E-5	7.47532E-6
49	123	1	2.74004E-6	1.75363E-6	49	124	1	1.40352E-5	8.98254E-6
49	124	0	1.40352E-5	8.98254E-6	49	125	0	1.92003E-5	1.22882E-5
49	125	1	1.92003E-5	1.22882E-5	49	126	1	2.10453E-5	1.3469E-5
49	126	0	2.10453E-5	1.3469E-5	49	127	0	3.07605E-5	1.96867E-5
49	127	1	3.07605E-5	1.96867E-5	49	128	1	2.63304E-5	1.68515E-5
49	128	0	2.63304E-5	1.68515E-5	49	129	0	1.79103E-5	1.14626E-5
49	129	1	1.79103E-5	1.14626E-5	49	130	2	2.39604E-5	1.53346E-5
49	130	1	2.39604E-5	1.53346E-5	49	130	0	2.39604E-5	1.53346E-5
49	131	1	3.22505E-5	2.06403E-5	49	131	0	3.22505E-5	2.06403E-5
49	132	0	2.77734E-4	1.7775E-4	49	133	0	3.00834E-5	1.92534E-5
49	134	0	8.33013E-7	5.33128E-7	49	135	0	1.45775E-8	9.32962E-9
49	136	0	2.79004E-10	1.78563E-10	49	137	0	8.6155E-13	5.51392E-13
49	138	0	9.38141E-15	6.0041E-15	49	139	0	1.33005E-15	8.51233E-16
50	118	0	1.54002E-14	9.85616E-15	50	119	0	4.00006E-13	2.56004E-13
50	119	1	1.34002E-12	8.57614E-13	50	120	0	9.02014E-11	5.77289E-11
50	121	0	7.09011E-10	4.53767E-10	50	121	1	1.74003E-9	1.11362E-9
50	122	0	4.15007E-8	2.65604E-8	50	123	0	3.08005E-7	1.97123E-7
50	123	1	1.26002E-7	8.06413E-8	50	124	0	2.89005E-6	1.84963E-6
50	125	0	9.74015E-6	6.2337E-6	50	125	1	3.98006E-6	2.54724E-6
50	126	0	2.70004E-5	1.72803E-5	50	127	0	5.52509E-5	3.53606E-5
50	127	1	2.25704E-5	1.4445E-5	50	128	1	7.22611E-5	4.62471E-5
50	128	0	7.22611E-5	4.62471E-5	50	129	0	1.57752E-4	1.00962E-4
50	129	1	6.4431E-5	4.12359E-5	50	130	1	6.02805E-4	3.85795E-4
50	130	0	6.02805E-4	3.85795E-4	50	131	1	0.00174411	0.00111623
50	131	0	0.00174411	0.00111623	50	132	0	0.0128622	0.00411591
50	133	0	0.00662668	0.00424107	50	134	0	9.04954E-4	5.79171E-4
50	135	0	9.24669E-5	5.91788E-5	50	136	0	6.3201E-6	4.04486E-6
50	137	0	2.73003E-7	1.74722E-7	50	138	0	3.50005E-9	2.24003E-9
50	139	0	4.2146E-10	2.69734E-10	50	140	0	1.5931E-13	1.01959E-13
50	141	0	2.92999E-14	1.87519E-14	51	121	0	8.00013E-14	5.12008E-14
51	122	0	2.69004E-12	1.72163E-12	51	122	1	3.04005E-12	1.94563E-12
51	123	0	2.47004E-10	1.58083E-10	51	124	2	2.2067E-9	1.41229E-9
51	124	0	2.2067E-9	1.41229E-9	51	124	1	2.2067E-9	1.41229E-9
51	125	0	1.34002E-7	8.57614E-8	51	126	2	1.23002E-8	7.87212E-9
51	126	0	1.44002E-8	9.21615E-9	51	126	1	1.23002E-8	7.87212E-9
51	127	0	3.16005E-7	2.02243E-7	51	128	0	6.5801E-7	4.21127E-7
51	128	1	1.12002E-6	7.16811E-7	51	129	0	7.66012E-6	4.90248E-6
51	130	0	4.38807E-5	2.80836E-5	51	130	1	7.47112E-5	4.78152E-5
51	131	0	9.21765E-4	5.89929E-4	51	132	0	0.0106486	0.00340756
51	132	1	0.00771107	0.00493509	51	133	0	0.0355476	0.0113752
51	134	1	0.00977305	0.00625476	51	134	0	0.00977305	0.00625476
51	135	0	0.00829859	0.0053111	51	136	0	0.00226704	0.0014509
51	137	0	4.09356E-4	2.61988E-4	51	138	0	2.26604E-5	1.45026E-5
51	139	0	1.78961E-6	1.14535E-6	51	140	0	2.87021E-8	1.83693E-8
51	141	0	6.21518E-9	3.97771E-9	51	142	0	1.41525E-12	9.05762E-13
51	143	0	5.29738E-14	3.39033E-14	51	144	0	7.98269E-15	5.10892E-15
52	124	0	4.58007E-13	2.93125E-13	52	125	0	1.01002E-11	6.4641E-12
52	125	1	3.36005E-11	2.15043E-11	52	126	0	4.07006E-14	2.60484E-14
52	127	0	3.09005E-13	1.97763E-13	52	127	1	7.56012E-13	4.83848E-13
52	128	0	2.24004E-11	1.43362E-11	52	129	0	1.03002E-10	6.5921E-11
52	129	1	2.53004E-10	1.61923E-10	52	130	0	2.31004E-8	1.47842E-8
52	131	0	2.27004E-7	1.45282E-7	52	131	1	5.55009E-7	3.55206E-7
52	132	0	0.00177452	0.00113569	52	133	0	0.00391554	0.00250595
52	133	1	0.00958557	0.00613477	52	134	0	0.0253808	0.00406093
52	135	0	0.0379563	0.00872995	52	136	0	0.0337076	0.0107864
52	137	0	0.0217602	0.00696328	52	138	0	0.00464122	0.00297038
52	139	0	0.00155055	9.923551E-4	52	140	0	2.14355E-4	1.37187E-4
52	141	0	3.94235E-5	2.52311E-5	52	142	0	5.28007E-7	3.37924E-7
52	143	0	1.67861E-8	1.07431E-8	52	144	0	2.97821E-9	1.90605E-9
52	145	0	1.71575E-13	1.09808E-13	52	146	0	1.0582E-14	6.77251E-15
53	131	0	2.29004E-13	1.46562E-13	53	132	1	1.72003E-6	1.10082E-6
53	132	0	1.72003E-6	1.10082E-6	53	133	1	7.08311E-5	4.53319E-5
53	133	0	7.08311E-5	4.53319E-5	53	134	0	6.98931E-4	4.47316E-4
53	134	1	5.06128E-4	3.23922E-4	53	135	0	0.00616771	0.00394733
53	136	0	0.0084044	0.00537882	53	136	1	0.00864712	0.00553415
53	137	0	0.0348828	0.0111625	53	138	0	0.0233999	0.00748798
53	139	0	0.0273983	0.00876744	53	140	0	0.0139713	0.00447081
53	141	0	0.00395545	0.00253149	53	142	0	6.0741E-4	3.88742E-4
53	143	0	7.12772E-5	4.56174E-5	53	144	0	1.07409E-5	6.87414E-6
53	145	0	3.6395E-8	2.32928E-8	53	146	0	1.90651E-9	1.22017E-9
53	147	0	9.27002E-14	5.93281E-14	53	148	0	1.65649E-14	1.06015E-14
53	149	0	3.67794E-15	2.35388E-15	54	132	0	2.07003E-10	1.32482E-10
54	133	0	1.41002E-8	9.02414E-9	54	133	1	3.46005E-8	2.21444E-8
54	134	0	6.5101E-7	4.16647E-7	54	134	1	1.52002E-6	9.72815E-7
54	135	0	1.56802E-5	1.00354E-5	54	135	1	3.83806E-5	2.45636E-5
54	136	0	5.54839E-4	3.55097E-4	54	137	0	0.0038377	0.00245613
54	138	0	0.0351293	0.0112414	54	139	0	0.0399274	0.0127768
54	140	0	0.048016	0.0153651	54	141	0	0.0459277	0.0146969
54	142	0	0.0253808	0.00812186	54	143	1	0.00534148	0.00341855
54	143	0	0.00534148	0.00341855	54	144	0	0.00189539	0.00121305
54	145	0	2.30857E-4	1.47749E-4	54	146	0	1.42383E-5	9.11252E-6
54	147	0	2.93744E-8	1.87996E-8	54	148	0	6.18008E-9	3.95525E-9
54	149	0	1.16545E-9	7.45886E-10	54	150	0	1.13002E-13	7.23211E-14
54	151	0	9.77832E-16	6.25813E-16	55	133	0	2.51004E-13	1.60643E-13
55	134	1	3.03505E-11	1.94243E-11	55	134	0	3.03505E-11	1.94243E-11
55	135	1	3.72506E-9	2.38404E-9	55	135	0	3.72506E-9	2.38404E-9
55	136	1	1.64003E-7	1.04962E-7	55	136	0	1.64003E-7	1.04962E-7
55	137	0	9.45015E-6	6.0481E-6	55	138	0	4.09006E-5	2.61764E-5
55	138	1	4.09006E-5	2.61764E-5	55	139	0	0.00116133	7.4325E-4
55	140	0	0.0061671	0.00394694	55	141	0	0.0191823	0.00613834
55	142	0	0.0331135	0.0105963	55	143	0	0.0464756	0.0148722
55	144	0	0.0294963	0.00943881	55	145	0	0.0135365	0.00433169
55	146	0	0.00340338	0.00217817	55	147	0	1.2473E-4	7.98271E-5
55	148	0	3.04705E-5	1.95011E-5	55	149	0	4.94873E-6	3.16719E-6
55	150	0	1.27002E-8	8.12813E-9	55	151	0	2.0742E-10	1.32749E-10
55	152	0	1.77711E-14	1.13735E-14	55	153	0	1.94678E-16	1.24594E-16
55	154	0	9.24739E-19	5.91833E-19	56	135	1	1.41002E-14	9.02414E-15
56	135	0	1.41002E-14	9.02414E-15	56	136	1	2.77504E-12	1.77603E-12
56	136	0	2.77504E-12	1.77603E-12	56	137	0	2.05003E-10	1.31202E-10
56	137	1	5.02008E-10	3.21285E-10	56	138	0	2.67004E-8	1.70883E-8
56	139	0	1.67003E-6	1.06882E-6	56	140	0	3.64006E-5	2.32964E-5
56	141	0	4.53307E-4	2.90117E-4	56	142	0	0.00289841	0.00185498
56	143	0	0.0144356	0.0046194	56	144	0	0.0289496	0.00926387
56	145	0	0.0426125	0.013636	56	146	0	0.0355838	0.0113868
56	147	0	0.0186944	0.00429971	56	148	0	0.00484375	0.0031
56	149	0	7.41712E-4	4.74696E-4	56	150	0	3.98606E-5	2.55108E-5
56	151	0	1.31569E-6	8.42042E-7	56	152	0	6.63009E-9	4.24326E-9
56	153	0	6.16885E-11	3.94806E-11	56	154	0	3.45005E-13	2.20803E-13
56	155	0	1.41933E-16	9.08369E-17	56	156	0	4.429E-18	2.83456E-18
57	138	0	1.27002E-13	8.12813E-14	57	139	0	3.78006E-11	2.41924E-11
57	140	0	3.54006E-9	2.26564E-9	57	141	0	1.98003E-7	1.26722E-7
57	142	0	5.52009E-6	3.53286E-6	57	143	0	1.16882E-4	7.48044E-5
57	144	0	9.72755E-4	6.22563E-4	57	145	0	0.00498749	0.00319199
57	146	1	0.0067993	0.00435155	57	146	0	0.0067993	0.00435155
57	147	0	0.0232011	0.00742434	57	148	0	0.0196957	0.00630261
57	149	0	0.010815	0.00346081	57	150	0	0.00225635	0.00144406
57	151	0	1.32006E-4	8.4484E-5	57	152	0	6.3101E-6	4.03846E-6
57	153	0	2.61942E-7	1.67643E-7	57	154	0	6.3801E-9	4.08326E-9
57	155	0	3.01072E-11	1.92686E-11	57	156	0	7.97949E-13	5.10687E-13
57	157	0	3.97638E-16	2.54489E-16	57	158	0	2.81442E-18	1.80123E-18
57	159	0	3.05392E-20	1.95451E-20	58	141	0	2.44004E-12	1.56162E-12
58	142	0	3.15005E-10	2.01603E-10	58	143	0	3.14005E-8	2.00963E-8
58	144	0	1.20002E-6	7.68012E-7	58	145	0	2.63104E-5	1.68387E-5
58	146	0	2.89385E-4	1.85206E-4	58	147	0	0.00196763	0.00125928
58	148	0	0.00569317	0.00364363	58	149	0	0.0102474	0.00327916
58	150	0	0.00691345	0.00442461	58	151	0	0.00135039	8.6425E-4
58	152	0	2.22464E-4	1.42377E-4	58	153	0	3.60506E-5	2.30724E-5
58	154	0	3.53006E-6	2.25924E-6	58	155	0	1.90973E-7	1.22223E-7
58	156	0	5.9593E-9	3.81395E-9	58	157	0	1.26002E-10	8.0641E-11
58	158	0	1.05001E-12	6.72009E-13	58	159	0	9.67709E-15	6.19334E-15
58	161	0	1.5085E-20	9.6544E-21	58	162	0	4.0723E-22	2.60627E-22
59	143	0	1.32002E-13	8.44813E-14	59	144	0	2.23004E-12	1.42722E-12
59	144	1	2.01003E-11	1.28642E-11	59	145	0	2.28004E-9	1.45922E-9
59	146	0	1.13002E-7	7.23211E-8	59	147	0	3.36005E-6	2.15043E-6
59	148	1	2.16903E-5	1.38818E-5	59	148	0	2.16903E-5	1.38818E-5
59	149	0	3.14525E-4	2.01296E-4	59	150	0	7.82162E-4	5.00584E-4
59	151	0	5.00998E-4	3.20639E-4	59	152	0	2.51224E-4	1.60783E-4
59	153	0	1.29742E-4	8.30349E-5	59	154	0	4.20207E-5	2.68932E-5
59	155	0	8.19013E-6	5.24168E-6	59	156	0	9.52015E-7	6.0929E-7
59	157	0	8.22013E-8	5.26088E-8	59	158	0	2.80004E-9	1.79203E-9
59	159	0	4.1091E-11	2.62982E-11	59	160	0	4.63007E-13	2.96325E-13
59	161	0	3.19987E-15	2.04792E-15	59	162	0	7.33684E-17	4.69558E-17
60	146	0	1.24002E-12	7.93613E-13	60	147	0	1.77003E-10	1.13282E-10
60	148	0	1.08002E-8	6.91211E-9	60	149	0	3.61006E-7	2.31044E-7
60	150	0	3.98006E-6	2.54724E-6	60	151	0	1.03002E-5	6.5921E-6
60	152	0	1.87103E-5	1.19746E-5	60	153	0	3.32205E-5	2.12611E-5
60	154	0	3.34105E-5	2.13827E-5	60	155	0	1.98003E-5	1.26722E-5
60	156	0	7.05011E-6	4.51207E-6	60	157	0	2.07003E-6	1.32482E-6
60	158	0	2.52004E-7	1.61283E-7	60	159	0	1.46002E-8	9.34415E-9
60	160	0	6.5501E-10	4.19207E-10	60	161	0	2.02971E-11	1.29902E-11
60	162	0	5.47935E-13	3.50679E-13	60	166	0	8.69451E-23	5.56449E-23
61	148	0	1.17002E-14	7.48812E-15	61	148	1	2.73004E-14	1.74723E-14
61	149	0	6.3001E-12	4.03206E-12	61	150	0	3.31005E-10	2.11843E-10
61	151	0	3.86006E-9	2.47044E-9	61	152	2	9.80016E-9	6.2721E-9
61	152	0	9.80016E-9	6.2721E-9	61	152	1	9.80016E-9	6.2721E-9
61	153	0	2.19003E-7	1.40162E-7	61	154	0	4.18007E-7	2.67524E-7
61	154	1	4.18007E-7	2.67524E-7	61	155	0	1.74003E-6	1.11362E-6
61	156	0	1.94003E-6	1.24162E-6	61	157	0	1.75003E-6	1.12002E-6
61	158	0	6.3101E-7	4.03846E-7	61	159	0	1.18002E-7	7.55212E-8
61	160	0	1.79003E-8	1.14562E-8	61	161	0	2.10003E-9	1.34402E-9
61	162	0	2.20003E-10	1.40802E-10	61	163	0	5.67009E-12	3.62886E-12
61	164	0	1.61003E-13	1.03042E-13	61	166	0	1.56644E-17	1.00252E-17
62	151	0	4.07006E-14	2.60484E-14	62	152	0	1.38002E-12	8.83214E-13
62	153	0	4.67007E-11	2.98885E-11	62	154	0	7.64012E-10	4.88968E-10
62	155	0	6.5901E-9	4.21767E-9	62	156	0	2.81004E-8	1.79843E-8
62	157	0	9.34015E-8	5.97769E-8	62	158	0	1.11002E-7	7.10411E-8
62	159	0	6.5901E-8	4.21767E-8	62	160	0	2.96005E-8	1.89443E-8
62	161	0	1.08002E-8	6.91211E-9	62	162	0	3.61006E-9	2.31044E-9
62	163	0	3.34005E-10	2.13763E-10	62	164	0	3.55006E-11	2.27204E-11
62	165	0	2.42004E-12	1.54882E-12	62	166	0	1.16986E-13	7.48712E-14
63	154	1	5.30008E-15	3.39205E-15	63	154	0	5.30008E-15	3.39205E-15
63	155	0	4.02006E-13	2.57284E-13	63	156	0	7.17011E-12	4.58887E-12
63	157	0	1.01002E-10	6.4641E-11	63	158	0	4.76008E-10	3.04645E-10
63	159	0	1.09002E-9	6.97611E-10	63	160	0	1.71003E-9	1.09442E-9
63	161	0	2.06003E-9	1.31842E-9	63	162	0	2.08003E-9	1.33122E-9
63	163	0	5.86009E-10	3.75046E-10	63	164	0	1.91003E-10	1.22242E-10
63	165	0	4.41007E-11	2.82244E-11	63	166	0	7.91013E-12	5.06248E-12
63	167	0	5.95009E-13	3.80806E-13	63	168	0	4.33007E-14	2.77124E-14
64	158	0	6.3801E-14	4.08326E-14	64	159	0	6.3101E-13	4.03846E-13
64	160	0	3.99006E-12	2.55364E-12	64	161	0	1.94003E-11	1.24162E-11
64	162	0	7.18011E-11	4.59527E-11	64	163	0	7.10011E-11	4.54407E-11
64	164	0	7.23011E-11	4.62727E-11	64	165	0	5.13008E-11	3.28325E-11
64	166	0	2.81004E-11	1.79843E-11	64	167	0	6.63011E-12	4.24327E-12
64	168	0	1.69003E-12	1.08162E-12	64	169	0	3.50006E-13	2.24004E-13
64	170	0	4.22007E-14	2.70084E-14	65	162	0	2.38004E-14	1.52322E-14
65	162	1	2.38004E-14	1.52322E-14	65	163	0	1.95003E-13	1.24802E-13
65	164	0	7.59012E-13	4.85768E-13	65	165	0	1.99003E-12	1.27362E-12
65	166	0	3.72006E-12	2.38084E-12	65	167	0	2.69004E-12	1.72163E-12
65	168	0	2.08003E-12	1.33122E-12	65	169	0	1.30002E-12	8.32013E-13
65	170	0	5.19008E-13	3.32165E-13	65	171	0	8.19013E-14	5.24168E-14
66	166	0	2.27004E-14	1.45282E-14	66	167	0	6.1301E-14	3.92326E-14
66	168	0	1.71003E-13	1.09442E-13	66	169	0	3.43005E-13	2.19523E-13
66	170	0	4.25007E-13	2.72004E-13	66	171	0	1.98003E-13	1.26722E-13
66	172	0	7.02011E-14	4.49287E-14	67	171	0	1.74003E-14	1.11362E-14
67	172	0	1.99003E-14	1.27362E-14