Z	A	FPS	Yield	Uncertainty	Z	A	FPS	Yield	Uncertainty
23	66	0	2.37992E-14	1.52315E-14	23	67	0	3.32786E-15	2.12983E-15
23	68	0	4.29596E-16	2.74941E-16	24	66	0	1.17977E-10	7.55051E-11
24	67	0	1.64967E-11	1.05579E-11	24	68	0	2.12958E-12	1.36293E-12
24	69	0	7.92635E-14	5.07286E-14	25	66	0	1.94001E-8	1.24161E-8
25	67	0	6.98003E-9	4.46722E-9	25	68	0	2.29001E-9	1.46561E-9
25	69	0	3.92922E-10	2.5147E-10	25	70	0	5.46002E-11	3.49441E-11
25	71	0	4.88002E-12	3.12321E-12	25	72	0	2.33958E-13	1.49733E-13
25	73	0	2.96482E-14	1.89748E-14	26	66	0	2.77001E-7	1.77281E-7
26	67	0	2.41001E-7	1.54241E-7	26	68	0	1.92001E-7	1.22881E-7
26	69	0	8.34004E-8	5.33762E-8	26	70	0	2.92001E-8	1.86881E-8
26	71	0	6.82003E-9	4.36482E-9	26	72	0	1.15977E-9	7.42253E-10
26	73	0	1.46971E-10	9.40614E-11	26	74	0	1.03E-11	6.59203E-12
26	75	0	5.92963E-13	3.79496E-13	26	76	0	2.23001E-14	1.42721E-14
27	66	0	4.16002E-7	2.66241E-7	27	67	0	8.18003E-7	5.23522E-7
27	68	0	1.46001E-6	9.34404E-7	27	69	0	1.51001E-6	9.664039E-7
27	70	0	1.26001E-6	8.06403E-7	27	71	0	7.33003E-7	4.69122E-7
27	72	0	3.09001E-7	1.97761E-7	27	73	0	1.02E-7	6.52803E-8
27	74	0	1.87001E-8	1.19681E-8	27	75	0	2.93942E-9	1.88123E-9
27	76	0	2.78001E-10	1.77921E-10	27	77	0	7.34145E-12	4.69853E-12
27	78	0	9.41884E-13	6.02806E-13	27	79	0	3.74329E-13	2.39571E-13
28	66	0	6.87003E-8	4.39682E-8	28	67	0	3.09001E-7	1.97761E-7
28	68	0	1.22001E-6	7.80803E-7	28	69	0	2.82001E-6	1.80481E-6
28	70	0	5.21002E-6	3.33441E-6	28	71	0	7.05003E-6	4.51202E-6
28	72	0	6.92003E-6	4.42882E-6	28	73	0	5.58002E-6	3.57122E-6
28	74	0	2.58001E-6	1.65121E-6	28	75	0	1.01E-6	6.46403E-7
28	76	0	2.49001E-7	1.59361E-7	28	77	0	3.63928E-8	2.32914E-8
28	78	0	4.66908E-9	2.98821E-9	28	79	0	1.85561E-9	1.18759E-9
28	80	0	2.50001E-11	1.60001E-11	28	81	0	1.62157E-12	1.03781E-12
28	82	0	1.28001E-14	8.19203E-15	29	66	0	9.57004E-10	6.12483E-10
29	67	0	1.17E-8	7.48803E-9	29	68	0	1.95001E-8	1.24801E-8
29	68	1	8.89004E-8	5.68962E-8	29	69	0	5.85002E-7	3.74402E-7
29	70	0	3.60002E-7	2.30401E-7	29	70	1	2.04001E-6	1.30561E-6
29	71	0	7.30003E-6	4.67202E-6	29	72	0	1.57501E-5	1.008E-5
29	73	0	2.89701E-5	1.85409E-5	29	74	0	3.13301E-5	2.00513E-5
29	75	0	2.88801E-5	1.84833E-5	29	76	0	1.75401E-5	1.12256E-5
29	77	0	6.63003E-6	4.24322E-6	29	78	0	2.25001E-6	1.44001E-6
29	79	0	6.78147E-7	4.34014E-7	29	80	0	8.98004E-8	5.74722E-8
29	81	0	8.03841E-9	5.14458E-9	29	82	0	3.75002E-10	2.40001E-10
29	83	0	1.61956E-11	1.03652E-11	29	84	0	1.06491E-12	6.81545E-13
30	66	0	1.16E-12	7.42403E-13	30	67	0	3.72002E-11	2.38081E-11
30	68	0	8.51004E-10	5.44642E-10	30	69	0	1.27001E-9	8.12803E-10
30	69	1	1.03E-8	6.59203E-9	30	70	0	1.13E-7	7.23203E-8
30	71	0	9.00004E-8	5.76002E-8	30	71	1	7.28003E-7	4.65922E-7
30	72	0	3.99002E-6	2.55361E-6	30	73	0	1.66501E-5	1.0656E-5
30	74	0	4.03702E-5	2.58369E-5	30	75	0	8.20003E-5	5.24802E-5
30	76	0	1.1423E-4	7.31075E-5	30	77	0	1.0417E-4	6.66691E-5
30	78	0	8.78504E-5	5.62242E-5	30	79	0	6.77803E-5	4.33794E-5
30	80	0	2.39901E-5	1.53537E-5	30	81	0	5.86002E-6	3.75042E-6
30	82	0	7.77003E-7	4.97282E-7	30	83	0	8.02841E-8	5.13819E-8
30	84	0	5.27896E-9	3.37853E-9	30	85	0	1.23231E-10	7.88681E-11
30	86	0	4.52002E-12	2.89281E-12	31	68	0	5.11002E-13	3.27041E-13
31	69	0	1.81001E-11	1.1584E-11	31	70	0	4.48002E-10	2.86721E-10
31	71	0	8.26004E-9	5.28642E-9	31	72	1	4.45502E-8	2.85121E-8
31	72	0	4.45502E-8	2.85121E-8	31	73	0	9.930041E-7	6.35523E-7
31	74	1	2.84501E-6	1.82081E-6	31	74	0	2.84501E-6	1.82081E-6
31	75	0	2.59901E-5	1.66337E-5	31	76	0	8.16803E-5	5.22754E-5
31	77	0	1.70681E-4	1.09236E-4	31	78	0	3.33071E-4	2.13166E-4
31	79	0	6.08413E-4	3.89384E-4	31	80	0	5.37852E-4	3.44225E-4
31	81	0	3.38311E-4	2.16519E-4	31	82	0	1.21661E-4	7.78627E-5
31	83	0	3.40301E-5	2.17793E-5	31	84	0	6.30003E-6	4.03202E-6
31	85	0	6.10879E-7	3.90963E-7	31	86	0	4.32002E-8	2.76481E-8
31	87	0	6.61537E-10	4.23384E-10	31	88	0	6.45402E-11	4.13057E-11
31	89	0	1.1918E-11	7.62751E-12	32	70	0	1.32001E-13	8.44804E-14
32	71	0	3.22001E-12	2.06081E-12	32	71	1	3.22001E-12	2.06081E-12
32	72	0	1.77001E-10	1.1328E-10	32	73	0	4.44002E-9	2.84161E-9
32	73	1	5.49002E-10	3.51361E-10	32	74	0	7.37003E-8	4.71682E-8
32	75	0	6.51003E-8	4.16642E-8	32	75	1	7.48003E-7	4.78722E-7
32	76	0	6.16003E-6	3.94242E-6	32	77	0	2.87301E-5	1.83873E-5
32	77	1	2.16001E-6	1.38241E-6	32	78	0	1.40721E-4	9.00612E-5
32	79	1	2.95196E-4	1.88926E-4	32	79	0	2.95196E-4	1.88926E-4
32	80	0	0.00121236	7.75907E-4	32	81	0	0.00183002	0.00117121
32	82	0	0.00165321	0.00105805	32	83	0	0.00117612	7.52714E-4
32	84	0	5.82892E-4	3.73051E-4	32	85	0	1.51181E-4	9.67556E-5
32	86	0	2.98801E-5	1.91233E-5	32	87	0	3.27935E-6	2.09879E-6
32	88	0	3.19937E-7	2.0476E-7	32	89	0	5.90795E-8	3.78109E-8
32	90	0	2.82211E-10	1.80615E-10	32	91	0	4.80738E-11	3.07672E-11
33	72	0	2.56001E-14	1.63841E-14	33	73	0	1.92001E-12	1.22881E-12
33	74	0	1.34001E-11	8.57604E-12	33	74	1	6.11003E-11	3.91042E-11
33	75	0	2.09001E-9	1.33761E-9	33	76	0	4.06002E-8	2.59841E-8
33	77	0	5.25002E-7	3.36001E-7	33	78	0	6.02003E-6	3.85282E-6
33	79	0	6.17203E-5	3.9501E-5	33	80	0	3.10591E-4	1.98778E-4
33	81	0	0.00110157	7.05008E-4	33	82	0	0.00119148	7.62544E-4
33	82	1	0.00119218	7.62992E-4	33	83	0	0.0038872	0.00248781
33	84	1	0.00243811	0.00156039	33	84	0	0.00243811	0.00156039
33	85	0	0.00315347	0.00201822	33	86	0	0.00164246	0.00105117
33	87	0	4.77122E-4	3.05358E-4	33	88	0	1.25411E-4	8.02627E-5
33	89	0	2.1591E-5	1.38182E-5	33	90	0	1.39897E-6	8.95341E-7
33	91	0	2.3831E-7	1.52518E-7	33	92	0	1.99873E-9	1.27919E-9
33	93	0	7.27025E-11	4.65296E-11	33	94	0	8.26922E-12	5.2923E-12
34	75	0	3.93002E-13	2.51521E-13	34	76	0	2.03001E-11	1.29921E-11
34	77	0	5.73002E-11	3.66722E-11	34	77	1	6.59003E-10	4.21762E-10
34	78	0	2.16001E-8	1.38241E-8	34	79	0	5.37002E-7	3.43681E-7
34	79	1	4.05002E-8	2.59201E-8	34	80	0	7.62003E-6	4.87682E-6
34	81	0	5.52002E-6	3.53282E-6	34	81	1	6.34703E-5	4.0621E-5
34	82	0	3.76632E-4	2.41044E-4	34	83	0	0.00134308	8.59568E-4
34	83	1	1.66001E-4	1.0624E-4	34	84	0	0.00370585	0.00237174
34	85	0	0.00336238	0.00215193	34	85	1	0.00329449	0.00210848
34	86	0	0.00845413	0.00541064	34	87	0	0.00606661	0.00388263
34	88	0	0.00403131	0.00258004	34	89	0	0.00185785	0.00118902
34	90	0	5.11263E-4	3.27208E-4	34	91	0	8.7092E-5	5.57389E-5
34	92	0	9.90804E-6	6.34115E-6	34	93	0	3.60399E-7	2.30655E-7
34	94	0	4.09919E-8	2.62348E-8	34	95	0	4.00846E-10	2.56542E-10
34	96	0	3.09001E-11	1.97761E-11	35	77	1	5.99003E-14	3.83362E-14
35	78	0	5.73002E-12	3.66722E-12	35	79	0	5.83002E-11	3.73122E-11
35	79	1	3.58002E-10	2.29121E-10	35	80	0	2.27001E-9	1.45281E-9
35	80	1	1.29001E-8	8.25604E-9	35	81	0	3.71002E-7	2.37441E-7
35	82	0	7.37003E-7	4.71682E-7	35	82	1	9.94004E-7	6.36163E-7
35	83	0	5.72602E-5	3.66466E-5	35	84	0	9.52204E-5	6.09411E-5
35	84	1	3.37611E-4	2.16071E-4	35	85	0	0.00158214	0.00101257
35	86	0	0.00237552	0.00152033	35	86	1	0.002444	0.00156416
35	87	0	0.00911808	0.00291779	35	88	0	0.0106034	0.00243878
35	89	0	0.0132119	0.00303875	35	90	0	0.00995531	0.0031857
35	91	0	0.00445679	0.00285234	35	92	0	0.00133518	8.54512E-4
35	93	0	1.3171E-4	8.42945E-5	35	94	0	4.18902E-5	2.68097E-5
35	95	0	1.98706E-6	1.27172E-6	35	96	0	2.52001E-7	1.61281E-7
35	97	0	3.02129E-9	1.93362E-9	35	98	0	2.48076E-10	1.58769E-10
35	99	0	7.91732E-11	5.06708E-11	36	79	1	1.07E-14	6.84803E-15
36	79	0	1.07E-14	6.84803E-15	36	80	0	2.19001E-12	1.40161E-12
36	81	0	1.40001E-10	8.96004E-11	36	81	1	1.05E-11	6.72003E-12
36	82	0	6.36003E-9	4.07042E-9	36	83	0	1.55001E-7	9.92004E-8
36	83	1	1.92001E-8	1.22881E-8	36	84	0	3.76002E-6	2.40641E-6
36	85	0	3.23801E-5	2.07233E-5	36	85	1	4.00002E-6	2.56001E-6
36	86	0	2.92311E-4	1.87079E-4	36	87	0	8.27624E-4	2.6484E-4
36	88	0	0.00557199	6.12919E-4	36	89	0	0.012629	0.00138919
36	90	0	0.0187712	0.0015017	36	91	0	0.0209268	0.00167414
36	92	0	0.0157815	9.46889E-4	36	93	0	0.00720586	0.00115294
36	94	0	0.00333617	0.00213515	36	95	0	7.26186E-4	4.64759E-4
36	96	0	1.49271E-4	9.55332E-5	36	97	0	1.4977E-5	9.58531E-6
36	98	0	1.22976E-6	7.87045E-7	36	99	0	3.92475E-7	2.51184E-7
36	100	0	2.41001E-9	1.54241E-9	36	101	0	1.24024E-10	7.93755E-11
36	102	0	1.38062E-11	8.83594E-12	37	83	0	4.06002E-11	2.59841E-11
37	84	0	2.50001E-9	1.60001E-9	37	85	0	6.65003E-8	4.25602E-8
37	86	1	6.45003E-8	4.12802E-8	37	86	0	6.45003E-8	4.12802E-8
37	87	0	1.89501E-5	1.21281E-5	37	88	0	1.50171E-4	9.61092E-5
37	89	0	0.00111077	7.10896E-4	37	90	0	4.78042E-4	3.05947E-4
37	90	1	0.00386194	0.00247164	37	91	0	0.0127636	0.00408435
37	92	0	0.0189465	0.00606287	37	93	0	0.0265928	0.0085097
37	94	0	0.0243394	0.00778862	37	95	0	0.0144359	0.00461948
37	96	0	0.00708211	0.00453255	37	97	0	0.00191797	0.0012275
37	98	0	4.13652E-4	2.64737E-4	37	99	0	1.43433E-4	9.17968E-5
37	100	0	5.83002E-6	3.73122E-6	37	101	0	6.14809E-7	3.93478E-7
37	102	0	6.84394E-8	4.38012E-8	37	103	0	3.29322E-10	2.10766E-10
37	104	0	2.86397E-11	1.83294E-11	38	84	0	1.19001E-13	7.61603E-14
38	85	1	4.44502E-12	2.84481E-12	38	85	0	4.44502E-12	2.84481E-12
38	86	0	5.74002E-10	3.67362E-10	38	87	0	1.80001E-8	1.152E-8
38	87	1	2.22001E-9	1.42081E-9	38	88	0	4.38002E-7	2.80321E-7
38	89	0	9.20004E-6	5.88803E-6	38	90	0	9.21404E-5	5.89699E-5
38	91	0	6.94673E-4	4.44591E-4	38	92	0	0.00263427	0.00168593
38	93	0	0.00872814	0.00558601	38	94	0	0.0191788	0.00613722
38	95	0	0.0280003	0.00896009	38	96	0	0.0319752	0.0102321
38	97	0	0.0216851	0.00693924	38	98	0	0.011505	0.00368159
38	99	0	0.00432032	0.00276501	38	100	0	0.00106257	6.80048E-4
38	101	0	2.24686E-4	1.43799E-4	38	102	0	2.50117E-5	1.60075E-5
38	103	0	1.6325E-6	1.0448E-6	38	104	0	1.41972E-7	9.08621E-8
38	105	0	5.96731E-10	3.81908E-10	38	106	0	1.54521E-10	9.88934E-11
38	107	0	3.49047E-11	2.2339E-11	39	87	0	1.55001E-12	9.92004E-13
39	88	0	9.43004E-11	6.03523E-11	39	89	0	6.00003E-10	3.84002E-10
39	89	1	4.85002E-9	3.10401E-9	39	90	1	7.50003E-8	4.80002E-8
39	90	0	7.50003E-8	4.80002E-8	39	91	1	1.55001E-6	9.920039E-7
39	91	0	1.55001E-6	9.920039E-7	39	92	0	3.18801E-5	2.04033E-5
39	93	1	1.53181E-4	9.80356E-5	39	93	0	1.53181E-4	9.80356E-5
39	94	0	0.00164755	0.00105443	39	95	0	0.00597769	0.00382572
39	96	0	9.70834E-4	6.21334E-4	39	96	1	0.0152092	0.00486694
39	97	1	0.0130551	0.00835529	39	97	0	0.0130551	0.00835529
39	98	0	0.0159768	0.00511258	39	98	1	0.015974	0.00511167
39	99	0	0.0297451	0.00951843	39	100	0	0.0166879	0.00534014
39	101	0	0.00879295	0.00562749	39	102	0	0.00243809	0.00156038
39	103	0	5.9661E-4	3.8183E-4	39	104	0	9.11404E-5	5.83298E-5
39	105	0	2.9581E-6	1.89318E-6	39	106	0	7.65987E-7	4.90232E-7
39	107	0	1.73029E-7	1.10738E-7	39	108	0	6.9179E-10	4.42746E-10
39	109	0	5.16079E-11	3.30291E-11	39	110	0	3.34802E-12	2.14274E-12
40	89	0	2.39001E-13	1.52961E-13	40	90	1	9.25004E-12	5.92003E-12
40	90	0	9.25004E-12	5.92003E-12	40	91	0	1.13E-11	3.61602E-12
40	92	0	6.48003E-10	2.07361E-10	40	93	0	8.79004E-7	5.62562E-7
40	94	0	1.27001E-5	8.12803E-6	40	95	0	1.20821E-4	7.73251E-5
40	96	0	8.37484E-4	5.35989E-4	40	97	0	0.00345579	0.00221171
40	98	0	0.00989071	0.00633006	40	99	0	0.0217012	0.00694437
40	100	0	0.0273421	0.00874948	40	101	0	0.0333361	0.0106675
40	102	0	0.0213863	0.00684362	40	103	0	0.0124846	0.00399507
40	104	0	0.00465381	0.00297844	40	105	0	0.00108106	6.91876E-4
40	106	0	2.79935E-4	1.79158E-4	40	107	0	6.32344E-5	4.047E-5
40	108	0	3.42932E-6	2.19477E-6	40	109	0	2.55829E-7	1.63731E-7
40	110	0	1.65967E-8	1.06219E-8	40	111	0	1.4186E-10	9.07903E-11
40	112	0	3.16253E-11	2.02402E-11	40	113	0	1.06948E-11	6.84468E-12
41	91	0	2.87001E-14	1.83681E-14	41	92	0	2.31001E-12	1.47841E-12
41	93	0	1.60001E-10	1.024E-10	41	93	1	1.97001E-11	1.26081E-11
41	94	0	5.35002E-9	3.42401E-9	41	94	1	1.88001E-9	1.20321E-9
41	95	0	1.77001E-7	1.1328E-7	41	95	1	2.18001E-8	1.39521E-8
41	96	0	1.08E-6	6.91203E-7	41	97	0	3.51301E-5	2.24833E-5
41	97	1	4.34002E-6	2.77761E-6	41	98	0	2.57141E-4	1.6457E-4
41	98	1	4.53802E-5	2.90433E-5	41	99	0	1.34371E-4	8.59972E-5
41	99	1	0.00154508	9.88849E-4	41	100	0	0.00247411	0.00158343
41	100	1	0.00247411	0.00158343	41	101	0	0.0140193	0.00448617
41	102	1	0.0101321	0.00648455	41	102	0	0.0101321	0.00648455
41	103	0	0.0266107	0.00851543	41	104	1	0.0112888	0.0072248
41	104	0	0.0112888	0.0072248	41	105	0	0.0128512	0.00411238
41	106	0	0.00629228	0.00402706	41	107	0	0.00190468	0.001219
41	108	0	4.39392E-4	2.81211E-4	41	109	0	9.34945E-5	5.98365E-5
41	110	0	1.37801E-5	8.81924E-6	41	111	0	7.03223E-7	4.50063E-7
41	112	0	1.56772E-7	1.00334E-7	41	113	0	5.3016E-8	3.39302E-8
41	114	0	1.21416E-10	7.77064E-11	41	115	0	2.22957E-11	1.42693E-11
41	116	0	5.40524E-13	3.45936E-13	42	94	0	2.92001E-13	1.86881E-13
42	95	0	2.34001E-11	1.49761E-11	42	96	0	1.21001E-9	7.74403E-10
42	97	0	3.69002E-8	2.36161E-8	42	98	0	7.57003E-7	4.84482E-7
42	99	0	1.134E-5	7.25763E-6	42	100	0	8.41104E-5	5.38306E-5
42	101	0	6.02443E-4	3.85563E-4	42	102	0	0.00207894	0.00133052
42	103	0	0.00630619	0.00403596	42	104	0	0.0119574	0.00382637
42	105	0	0.0162141	0.00518852	42	106	0	0.014325	0.00458401
42	107	0	0.00954927	0.00611153	42	108	0	0.00497202	0.00318209
42	109	0	0.00248508	0.00159045	42	110	0	8.99924E-4	5.75951E-4
42	111	0	2.56998E-4	1.64479E-4	42	112	0	5.72934E-5	3.66678E-5
42	113	0	1.9375E-5	1.24E-5	42	114	0	6.01881E-7	3.85204E-7
42	115	0	1.10524E-7	7.07351E-8	42	116	0	2.67947E-9	1.71486E-9
42	117	0	4.27286E-11	2.73463E-11	42	118	0	1.15106E-11	7.3668E-12
43	97	1	1.23501E-12	7.90403E-13	43	97	0	1.23501E-12	7.90403E-13
43	98	0	1.39001E-10	8.89604E-11	43	99	0	5.12002E-9	3.27681E-9
43	99	1	6.33003E-10	4.05122E-10	43	100	0	1.13E-7	7.23203E-8
43	101	0	2.14001E-6	1.36961E-6	43	102	0	9.33004E-6	5.97123E-6
43	102	1	9.33004E-6	5.97123E-6	43	103	0	1.43991E-4	9.2154E-5
43	104	0	6.75173E-4	4.32111E-4	43	105	0	0.00224221	0.00143501
43	106	0	0.0036205	0.00231712	43	107	0	0.00513951	0.00328929
43	108	0	0.00599924	0.00383951	43	109	0	0.00660341	0.00422618
43	110	0	0.00547468	0.0035038	43	111	0	0.00359846	0.00230301
43	112	0	0.00189202	0.00121089	43	113	0	5.83594E-4	3.735E-4
43	114	0	1.24681E-4	7.97955E-5	43	115	0	4.03916E-5	2.58506E-5
43	116	0	3.46001E-6	2.21441E-6	43	117	0	2.11813E-7	1.3556E-7
43	118	0	5.70602E-8	3.65185E-8	43	119	0	5.24389E-10	3.35609E-10
43	120	0	5.82879E-11	3.73042E-11	43	121	0	8.31782E-12	5.32341E-12
44	99	0	2.09001E-13	1.33761E-13	44	100	0	1.1E-11	7.04003E-12
44	101	0	5.56002E-10	3.55842E-10	44	102	0	1.31001E-8	8.38404E-9
44	103	0	2.64001E-7	1.68961E-7	44	104	0	3.04001E-6	1.94561E-6
44	105	0	2.81901E-5	1.80417E-5	44	106	0	8.92004E-5	5.70882E-5
44	107	0	2.85531E-4	1.8274E-4	44	108	0	7.89503E-4	5.05282E-4
44	109	1	9.80439E-4	6.27481E-4	44	109	0	9.80439E-4	6.27481E-4
44	110	0	0.00366621	0.00234637	44	111	0	0.00519953	0.0033277
44	112	0	0.00611594	0.0039142	44	113	0	0.00450411	0.00288263
44	114	0	0.00220356	0.00141028	44	115	0	0.00121663	7.78645E-4
44	116	0	3.44431E-4	2.20436E-4	44	117	0	7.74085E-5	4.95414E-5
44	118	0	2.0853E-5	1.33459E-5	44	119	0	2.59949E-6	1.66367E-6
44	120	0	2.88943E-7	1.84923E-7	44	121	0	4.12329E-8	2.6389E-8
44	122	0	1.09E-9	6.97603E-10	44	123	0	3.67073E-11	2.34926E-11
44	124	0	9.42004E-13	6.02883E-13	45	102	0	3.28001E-13	2.09921E-13
45	102	1	3.28001E-13	2.09921E-13	45	103	0	2.80001E-12	1.79201E-12
45	103	1	3.22001E-11	2.06081E-11	45	104	0	1.62001E-10	1.0368E-10
45	104	1	9.18004E-10	5.87523E-10	45	105	0	7.41003E-9	2.37121E-9
45	105	1	1.11E-9	7.10403E-10	45	106	0	8.66004E-8	5.54242E-8
45	106	1	8.66004E-8	5.54242E-8	45	107	0	1.35001E-6	8.64004E-7
45	108	0	4.74002E-6	3.03361E-6	45	108	1	4.74002E-6	3.03361E-6
45	109	0	2.84801E-5	1.82273E-5	45	109	1	2.84801E-5	1.82273E-5
45	110	0	1.28961E-4	8.25348E-5	45	110	1	1.28961E-4	8.25348E-5
45	111	0	8.53964E-4	5.46537E-4	45	112	0	0.00218099	0.00139583
45	113	0	0.00371508	0.00237765	45	114	0	0.00402818	0.00257803
45	115	0	0.00498399	0.00318975	45	116	0	0.00309173	0.00197871
45	117	0	0.00161985	0.0010367	45	118	0	0.00101657	6.50608E-4
45	119	0	3.01111E-4	1.92711E-4	45	120	0	8.12403E-5	5.19938E-5
45	121	0	1.50688E-5	9.64405E-6	45	122	0	1.99001E-6	1.27361E-6
45	123	0	1.81964E-7	1.16457E-7	45	124	0	1.21001E-8	7.74403E-9
45	125	0	2.64212E-10	1.69095E-10	45	126	0	2.1984E-11	1.40698E-11
45	127	0	4.4314E-12	2.8361E-12	46	104	0	2.70001E-14	1.72801E-14
46	105	0	1.92001E-12	1.22881E-12	46	106	0	2.51001E-11	1.60641E-11
46	107	0	1.01E-10	6.46403E-11	46	107	1	3.80002E-10	2.43201E-10
46	108	0	8.87004E-9	5.67682E-9	46	109	0	2.84001E-8	1.81761E-8
46	109	1	1.07E-7	6.84803E-8	46	110	0	1.57001E-6	1.0048E-6
46	111	0	2.69001E-6	1.72161E-6	46	111	1	1.014E-5	6.48963E-6
46	112	0	8.03403E-5	5.14178E-5	46	113	0	3.18751E-4	2.04001E-4
46	114	0	8.16143E-4	5.22332E-4	46	115	0	0.00223024	0.00142735
46	116	0	0.00300019	0.00192012	46	117	0	0.00351205	0.00224772
46	118	0	0.00471534	0.00301782	46	119	0	0.003105	0.0019872
46	120	0	0.00191028	0.00122258	46	121	0	8.51214E-4	5.44777E-4
46	122	0	2.74201E-4	1.75489E-4	46	123	0	6.44203E-5	4.1229E-5
46	124	0	1.11E-5	7.10403E-6	46	125	0	1.30974E-6	8.38234E-7
46	126	0	1.08978E-7	6.97462E-8	46	127	0	2.19672E-8	1.4059E-8
46	128	0	3.42001E-10	2.18881E-10	46	129	0	3.71632E-11	2.37845E-11
46	130	0	1.34001E-12	8.57604E-13	47	107	1	1.11E-14	7.10403E-15
47	108	1	2.97501E-13	1.90401E-13	47	108	0	2.97501E-13	1.90401E-13
47	109	1	1.23501E-11	7.90403E-12	47	109	0	1.23501E-11	7.90403E-12
47	110	0	1.31001E-10	8.38404E-11	47	110	1	5.96003E-10	3.81442E-10
47	111	0	1.21001E-9	7.74403E-10	47	111	1	1.40001E-8	8.96004E-9
47	112	0	2.39001E-7	1.52961E-7	47	113	0	1.95001E-7	1.24801E-7
47	113	1	2.25001E-6	1.44001E-6	47	114	0	1.56901E-5	1.00416E-5
47	115	0	4.93702E-5	3.15969E-5	47	115	1	4.93702E-5	3.15969E-5
47	116	0	1.56811E-4	1.00359E-4	47	116	1	1.56811E-4	1.00359E-4
47	117	0	4.09392E-4	2.62011E-4	47	117	1	4.09392E-4	2.62011E-4
47	118	0	0.00121405	7.76989E-4	47	118	1	0.00121405	7.76989E-4
47	119	0	0.0034341	0.00219783	47	120	1	0.00227286	0.00145463
47	120	0	0.00227286	0.00145463	47	121	0	0.0045202	0.00289293
47	122	1	0.00166368	0.00106475	47	122	0	0.00166368	0.00106475
47	123	0	0.00188021	0.00120333	47	124	0	8.00773E-4	5.12495E-4
47	125	0	2.44391E-4	1.5641E-4	47	126	0	5.24302E-5	3.35553E-5
47	127	0	8.02806E-6	5.13796E-6	47	128	0	1.1E-6	7.04003E-7
47	129	0	1.84224E-7	1.17904E-7	47	130	0	2.06001E-8	1.31841E-8
47	131	0	5.06237E-10	3.23992E-10	47	132	0	3.12617E-11	2.00075E-11
48	110	0	2.37001E-14	1.51681E-14	48	111	0	1.81001E-13	1.1584E-13
48	111	1	1.11E-12	7.10403E-13	48	112	0	4.98002E-11	3.18721E-11
48	113	0	2.00001E-10	1.28001E-10	48	113	1	1.23001E-9	7.87203E-10
48	114	0	2.40001E-8	1.53601E-8	48	115	0	5.21002E-8	3.33441E-8
48	115	1	3.20001E-7	2.04801E-7	48	116	0	2.94001E-6	1.88161E-6
48	117	0	2.62001E-6	1.67681E-6	48	117	1	1.60701E-5	1.02848E-5
48	118	0	1.28691E-4	8.2362E-5	48	119	0	2.06111E-4	1.31911E-4
48	119	1	2.06111E-4	1.31911E-4	48	120	0	0.00120551	7.71523E-4
48	121	1	0.00138924	8.89114E-4	48	121	0	0.00138924	8.89114E-4
48	122	0	0.00428307	0.00274116	48	123	0	0.00545848	0.00349343
48	124	0	0.0053356	0.00341479	48	125	0	0.00392977	0.00251505
48	126	0	0.00204631	0.00130964	48	127	0	7.82673E-4	5.00911E-4
48	128	0	2.66451E-4	1.70529E-4	48	129	0	6.7326E-5	4.30887E-5
48	130	0	2.28001E-5	1.45921E-5	48	131	0	2.5095E-6	1.60608E-6
48	132	0	1.54969E-7	9.91804E-8	48	133	0	2.34362E-9	1.49991E-9
48	134	0	1.08E-10	6.91203E-11	48	135	0	1.63714E-11	1.04777E-11
48	136	0	1.26001E-14	8.06403E-15	49	113	0	5.27002E-14	3.37281E-14
49	114	0	4.00002E-13	2.56001E-13	49	114	1	2.27001E-12	1.45281E-12
49	115	0	9.20004E-11	5.88803E-11	49	115	1	1.14E-11	7.29603E-12
49	116	2	7.0667E-10	4.52269E-10	49	116	0	7.0667E-10	4.52269E-10
49	116	1	7.0667E-10	4.52269E-10	49	117	0	3.46001E-8	2.21441E-8
49	117	1	4.28002E-9	2.73921E-9	49	118	2	4.14502E-8	2.65281E-8
49	118	0	4.70002E-7	3.00801E-7	49	118	1	4.14502E-8	2.65281E-8
49	119	0	3.99002E-6	2.55361E-6	49	119	1	4.93002E-7	3.15521E-7
49	120	2	1.036E-5	6.63043E-6	49	120	0	1.036E-5	6.63043E-6
49	120	1	1.036E-5	6.63043E-6	49	121	0	1.44331E-4	9.23716E-5
49	121	1	1.78401E-5	1.14176E-5	49	122	2	2.01388E-4	1.28888E-4
49	122	0	2.01388E-4	1.28888E-4	49	122	1	2.01388E-4	1.28888E-4
49	123	0	0.00157412	0.00100743	49	123	1	1.94551E-4	1.24513E-4
49	124	1	0.00194959	0.00124774	49	124	0	0.00194959	0.00124774
49	125	0	0.00325899	0.00208576	49	125	1	0.00328932	0.00210517
49	126	1	0.00387731	0.00248148	49	126	0	0.00387731	0.00248148
49	127	0	0.00343272	0.00219694	49	127	1	0.00343272	0.00219694
49	128	1	0.00271491	0.00173754	49	128	0	0.00271491	0.00173754
49	129	0	0.00145232	9.29482E-4	49	129	1	0.00145232	9.29482E-4
49	130	2	6.52323E-4	4.17487E-4	49	130	1	6.52323E-4	4.17487E-4
49	130	0	6.52323E-4	4.17487E-4	49	131	1	2.95226E-4	1.88945E-4
49	131	0	2.95226E-4	1.88945E-4	49	132	0	1.0206E-4	6.53187E-5
49	133	0	1.16177E-5	7.43533E-6	49	134	0	6.55003E-7	4.19202E-7
49	135	0	8.11559E-8	5.19398E-8	49	136	0	6.48003E-10	4.14722E-10
49	137	0	2.60178E-11	1.66514E-11	50	116	0	1.09E-13	6.97603E-14
50	117	1	2.60001E-12	1.66401E-12	50	117	0	2.60001E-12	1.66401E-12
50	118	0	1.86001E-10	1.19041E-10	50	119	0	5.29002E-10	3.38561E-10
50	119	1	3.25001E-9	2.08001E-9	50	120	0	6.49003E-8	4.15362E-8
50	121	0	1.53001E-7	9.79204E-8	50	121	1	6.97003E-7	4.46082E-7
50	122	0	7.82003E-6	5.00482E-6	50	123	0	4.64902E-5	2.97537E-5
50	123	1	1.021E-5	6.53443E-6	50	124	0	3.01281E-4	1.9282E-4
50	125	0	9.98974E-4	6.39344E-4	50	125	1	2.19291E-4	1.40346E-4
50	126	0	0.00327246	0.00209438	50	127	0	0.00545824	0.00349328
50	127	1	0.00117332	7.50928E-4	50	128	1	0.00565079	0.00361651
50	128	0	0.00565079	0.00361651	50	129	0	0.00987511	0.00632007
50	129	1	0.00215736	0.00138071	50	130	1	0.00764988	0.00489592
50	130	0	0.00764988	0.00489592	50	131	1	0.00587378	0.00375922
50	131	0	0.00587378	0.00375922	50	132	0	0.00534127	0.00341841
50	133	0	0.00173163	0.00110824	50	134	0	2.92111E-4	1.86951E-4
50	135	0	2.9659E-5	1.89817E-5	50	136	0	2.33001E-6	1.49121E-6
50	137	0	1.28975E-7	8.25437E-8	50	138	0	1.92001E-8	1.22881E-8
50	139	0	1.64779E-10	1.05459E-10	50	140	0	2.60104E-11	1.66467E-11
51	119	0	2.28001E-13	1.45921E-13	51	120	0	2.57001E-12	1.64481E-12
51	120	1	7.33003E-12	4.69122E-12	51	121	0	3.35001E-10	2.14401E-10
51	122	0	2.37001E-9	1.51681E-9	51	122	1	5.54002E-9	3.54562E-9
51	123	0	1.49001E-7	9.53604E-8	51	124	2	6.80003E-7	4.35202E-7
51	124	0	6.80003E-7	4.35202E-7	51	124	1	6.80003E-7	4.35202E-7
51	125	0	2.12201E-5	1.35809E-5	51	126	2	1.76001E-5	1.1264E-5
51	126	0	6.53603E-5	2.94121E-5	51	126	1	1.76001E-5	1.1264E-5
51	127	0	6.65823E-4	4.26127E-4	51	128	0	0.0013545	8.66877E-4
51	128	1	0.00102298	6.5471E-4	51	129	0	0.0055599	0.00355834
51	130	0	0.00742607	0.00475269	51	130	1	0.00560206	0.00358532
51	131	0	0.0248983	0.00398373	51	132	0	0.0103376	0.00330803
51	132	1	0.0161691	0.0051741	51	133	0	0.0225262	0.0072084
51	134	1	0.00529932	0.00339156	51	134	0	0.00529932	0.00339156
51	135	0	0.00296443	0.00189724	51	136	0	6.21553E-4	3.97794E-4
51	137	0	9.18104E-5	5.87587E-5	51	138	0	3.57302E-5	2.28673E-5
51	139	0	8.16839E-7	5.22777E-7	51	140	0	1.28938E-7	8.25203E-8
51	141	0	4.40652E-10	2.82017E-10	51	142	0	4.96153E-11	3.17538E-11
52	122	0	5.74002E-13	3.67362E-13	52	123	0	4.05002E-12	2.59201E-12
52	123	1	2.49001E-11	1.59361E-11	52	124	0	1.04E-9	6.65603E-10
52	125	0	3.92002E-9	2.50881E-9	52	125	1	2.41001E-8	1.54241E-8
52	126	0	2.99001E-7	1.91361E-7	52	127	0	1.11E-6	7.10403E-7
52	127	1	5.05002E-6	3.23201E-6	52	128	0	5.29702E-5	3.39009E-5
52	129	0	4.19402E-5	2.68417E-5	52	129	1	1.91081E-4	1.22292E-4
52	130	0	0.00118509	7.58454E-4	52	131	0	9.78174E-4	6.26031E-4
52	131	1	0.00159728	3.67374E-4	52	132	0	0.0145773	0.00335278
52	133	0	0.00558053	0.00357154	52	133	1	0.0254224	0.00813516
52	134	0	0.0372241	0.00409465	52	135	0	0.0265509	0.00849629
52	136	0	0.0139277	0.00445688	52	137	0	0.00517219	0.0033102
52	138	0	0.00506081	0.00323892	52	139	0	2.96731E-4	1.89908E-4
52	140	0	4.71212E-5	3.01576E-5	52	141	0	2.18439E-6	1.39801E-6
52	142	0	2.45951E-7	1.57409E-7	52	143	0	1.06852E-9	6.83855E-10
52	144	0	2.05347E-10	1.31422E-10	52	145	0	2.35773E-11	1.50894E-11
53	125	0	2.79001E-12	1.78561E-12	53	126	0	7.93003E-11	5.07522E-11
53	127	0	1.61001E-10	5.15202E-11	53	128	0	9.48004E-8	6.06723E-8
53	129	0	9.24004E-7	5.91363E-7	53	130	0	7.83003E-6	5.01122E-6
53	130	1	1.72001E-6	1.1008E-6	53	131	0	1.1572E-4	7.40611E-5
53	132	1	9.27624E-4	5.93679E-4	53	132	0	9.27624E-4	5.93679E-4
53	133	1	0.00233871	0.00149677	53	133	0	0.00233871	0.00149677
53	134	0	0.00597328	9.55724E-4	53	134	1	0.00934281	0.0059794
53	135	0	0.0256887	0.0059084	53	136	0	0.0158622	0.0050759
53	136	1	0.0157956	0.00505459	53	137	0	0.0257618	0.0041219
53	138	0	0.0226589	0.00521154	53	139	0	0.00887151	0.00567776
53	140	0	0.00349348	0.00223583	53	141	0	7.98299E-4	5.10911E-4
53	142	0	1.21671E-4	7.78691E-5	53	143	0	5.29685E-6	3.38999E-6
53	144	0	1.01794E-6	6.51482E-7	53	145	0	1.16876E-7	7.48009E-8
53	146	0	6.93807E-10	4.44037E-10	53	147	0	5.74175E-11	3.67472E-11
54	127	1	1.08E-13	6.91203E-14	54	127	0	1.08E-13	6.91203E-14
54	128	0	1.23001E-11	7.87203E-12	54	129	1	1.36501E-10	8.73604E-11
54	129	0	1.36501E-10	8.73604E-11	54	130	0	5.88003E-9	3.76322E-9
54	131	0	2.39001E-9	7.64803E-10	54	131	1	1.09E-8	6.97603E-9
54	132	0	4.14002E-6	2.64961E-6	54	133	0	2.91001E-5	9.31204E-6
54	133	1	1.44151E-4	9.22564E-5	54	134	0	1.1118E-4	7.11555E-5
54	134	1	5.06482E-4	3.24149E-4	54	135	0	0.0013291	1.46201E-4
54	135	1	0.00202021	0.00129293	54	136	0	0.00804582	0.00514933
54	137	0	0.0167348	0.00133879	54	138	0	0.0184537	0.00110722
54	139	0	0.0253406	0.00202725	54	140	0	0.0239854	0.00143912
54	141	0	0.0129445	7.7667E-4	54	142	0	0.00482163	2.89298E-4
54	143	1	9.67885E-4	6.19447E-4	54	143	0	9.67885E-4	6.19447E-4
54	144	0	3.72013E-4	2.38089E-4	54	145	0	4.27133E-5	2.73365E-5
54	146	0	3.43932E-6	2.20117E-6	54	147	0	2.84628E-7	1.82162E-7
54	148	0	5.30002E-9	3.39201E-9	54	149	0	7.50916E-11	4.80586E-11
54	150	0	1.51001E-12	9.66404E-13	55	131	0	2.53001E-11	1.61921E-11
55	132	0	1.51001E-9	9.66404E-10	55	133	0	7.38003E-8	4.72322E-8
55	134	1	1.025E-6	6.56003E-7	55	134	0	1.025E-6	6.56003E-7
55	135	1	1.33601E-5	8.55044E-6	55	135	0	1.33601E-5	8.55044E-6
55	136	1	1.0621E-4	6.79747E-5	55	136	0	1.0621E-4	6.79747E-5
55	137	0	0.00421145	0.00189515	55	138	0	0.00174283	1.91711E-4
55	138	1	0.00174283	0.00111541	55	139	0	0.0138648	0.00443672
55	140	0	0.0173037	0.0055372	55	141	0	0.0249273	0.00797674
55	142	0	0.0238148	0.00762074	55	143	0	0.017825	0.00570401
55	144	0	0.00898387	0.00574968	55	145	0	0.00272945	0.00174685
55	146	0	5.81872E-4	3.72398E-4	55	147	0	1.04019E-4	6.65724E-5
55	148	0	7.40003E-6	4.73602E-6	55	149	0	3.72242E-7	2.38235E-7
55	150	0	1.74001E-8	1.1136E-8	55	151	0	9.72321E-11	6.22285E-11
55	152	0	8.87428E-12	5.67954E-12	56	132	0	3.87002E-14	2.47681E-14
56	133	0	5.80002E-12	3.71202E-12	56	134	0	5.03002E-10	3.21921E-10
56	135	1	9.65004E-9	6.17603E-9	56	135	0	9.65004E-9	6.17603E-9
56	136	1	2.21001E-7	1.41441E-7	56	136	0	2.21001E-7	1.41441E-7
56	137	0	1.01E-6	6.46403E-7	56	137	1	4.59002E-6	2.93761E-6
56	138	0	4.18302E-5	2.67713E-5	56	139	0	0.00271478	8.6873E-4
56	140	0	0.00137531	8.80196E-4	56	141	0	0.00519248	0.00332319
56	142	0	0.0110822	0.00354631	56	143	0	0.0174886	0.00559634
56	144	0	0.0217618	0.00696378	56	145	0	0.0162091	0.00518692
56	146	0	0.00851559	0.00544998	56	147	0	0.00313316	0.00200522
56	148	0	7.95213E-4	5.08937E-4	56	149	0	1.36038E-4	8.70645E-5
56	150	0	1.44501E-5	9.24804E-6	56	151	0	4.81996E-7	3.08477E-7
56	152	0	4.39913E-8	2.81544E-8	56	153	0	3.65056E-10	2.33636E-10
56	154	0	2.72001E-11	1.74081E-11	56	155	0	1.57439E-12	1.00761E-12
57	135	0	9.89004E-13	6.32963E-13	57	137	0	2.21001E-9	1.41441E-9
57	138	0	4.34002E-8	2.77761E-8	57	139	0	8.66004E-7	5.54242E-7
57	140	0	4.12102E-5	2.63745E-5	57	141	0	7.98503E-5	5.11042E-5
57	142	0	4.62402E-4	2.95937E-4	57	143	0	0.0018791	0.00120262
57	144	0	0.00588549	0.00376671	57	145	0	0.0106205	0.00339857
57	146	1	0.00656174	0.00419951	57	146	0	0.00656174	0.00419951
57	147	0	0.012274	0.00392766	57	148	0	0.00764972	0.00489582
57	149	0	0.00336439	0.00215321	57	150	0	9.43694E-4	6.03964E-4
57	151	0	1.76149E-4	1.12735E-4	57	152	0	2.17601E-5	1.39265E-5
57	153	0	1.80964E-6	1.15817E-6	57	154	0	1.0E-7	6.40003E-8
57	155	0	7.8045E-9	4.99488E-9	57	156	0	4.75984E-11	3.0463E-11
57	157	0	2.76313E-12	1.7684E-12	57	158	0	7.84567E-14	5.02123E-14
58	137	0	6.14003E-14	3.92962E-14	58	138	0	3.24001E-12	2.07361E-12
58	139	0	3.10001E-11	1.98401E-11	58	139	1	1.41001E-10	9.02404E-11
58	140	0	5.92003E-9	1.89441E-9	58	141	0	1.1E-7	7.04003E-8
58	142	0	1.68001E-6	1.0752E-6	58	143	0	1.81601E-5	1.16224E-5
58	144	0	1.56511E-4	1.00167E-4	58	145	0	7.30823E-4	4.67727E-4
58	146	0	0.0021868	0.00139955	58	147	0	0.00517747	0.00331358
58	148	0	0.00791811	0.00506759	58	149	0	0.00858326	0.00386247
58	150	0	0.00574093	0.0036742	58	151	0	0.00270943	0.00173404
58	152	0	8.70374E-4	5.57039E-4	58	153	0	1.89941E-4	1.21562E-4
58	154	0	2.75201E-5	1.76129E-5	58	155	0	2.85221E-6	1.82541E-6
58	156	0	2.35953E-7	1.5101E-7	58	157	0	1.36973E-8	8.76627E-9
58	158	0	3.88923E-10	2.48911E-10	58	159	0	5.02204E-12	3.2141E-12
58	160	0	1.43001E-13	9.15204E-14	59	140	0	1.84001E-13	1.17761E-13
59	141	0	1.1E-11	7.04003E-12	59	142	1	2.29501E-10	1.46881E-10
59	142	0	2.29501E-10	1.46881E-10	59	143	0	1.23001E-8	7.87203E-9
59	144	0	1.98001E-8	1.26721E-8	59	144	1	3.11001E-7	1.99041E-7
59	145	0	4.35002E-6	2.78401E-6	59	146	0	3.56702E-5	2.28289E-5
59	147	0	2.21811E-4	1.41959E-4	59	148	1	4.43922E-4	2.8411E-4
59	148	0	4.43922E-4	2.8411E-4	59	149	0	0.00246703	0.0015789
59	150	0	0.00384473	0.00246062	59	151	0	0.00434752	0.00278241
59	152	0	0.00337433	0.00215957	59	153	0	0.00178554	0.00114274
59	154	0	6.31833E-4	4.04373E-4	59	155	0	1.61081E-4	1.03092E-4
59	156	0	3.42501E-5	2.19201E-5	59	157	0	5.11002E-6	3.27041E-6
59	158	0	3.87002E-7	2.47681E-7	59	159	0	2.48951E-8	1.59329E-8
59	160	0	1.02E-9	6.52803E-10	59	161	0	7.765E-12	4.9696E-12
59	162	0	5.10271E-13	3.26574E-13	59	163	0	1.92007E-14	1.22885E-14
60	143	0	7.00003E-13	4.48002E-13	60	144	0	5.18002E-11	3.31521E-11
60	145	0	1.94001E-9	1.24161E-9	60	146	0	4.44002E-8	2.84161E-8
60	147	0	7.94003E-7	5.08162E-7	60	148	0	8.96004E-6	5.73442E-6
60	149	0	6.27903E-5	4.01858E-5	60	150	0	2.70471E-4	1.73102E-4
60	151	0	7.68403E-4	4.91778E-4	60	152	0	0.00145736	9.32708E-4
60	153	0	0.00174185	0.00111478	60	154	0	0.00147075	9.41278E-4
60	155	0	8.55404E-4	5.47458E-4	60	156	0	4.35552E-4	2.78753E-4
60	157	0	1.56621E-4	1.00237E-4	60	158	0	3.00401E-5	1.92257E-5
60	159	0	4.89002E-6	3.12961E-6	60	160	0	5.33002E-7	3.41121E-7
60	161	0	3.84924E-8	2.46351E-8	60	162	0	2.5295E-9	1.61888E-9
60	163	0	9.51812E-11	6.0916E-11	60	164	0	2.80001E-12	1.79201E-12
60	165	0	4.69933E-14	3.00757E-14	60	166	0	3.93046E-15	2.51549E-15
61	145	0	6.15003E-14	3.93602E-14	61	146	0	3.99002E-12	2.55361E-12
61	147	0	6.05003E-10	3.87202E-10	61	148	0	1.26001E-9	8.06403E-10
61	148	1	5.73002E-9	3.66722E-9	61	149	0	1.56001E-7	9.98404E-8
61	150	0	2.52001E-7	1.61281E-7	61	151	0	1.27401E-5	8.15363E-6
61	152	2	2.12801E-5	1.36193E-5	61	152	0	2.12801E-5	1.36193E-5
61	152	1	2.12801E-5	1.36193E-5	61	153	0	1.98131E-4	1.26804E-4
61	154	0	1.90711E-4	1.22055E-4	61	154	1	1.90711E-4	1.22055E-4
61	155	0	5.02382E-4	3.21525E-4	61	156	0	5.86212E-4	3.75176E-4
61	157	0	4.75312E-4	3.042E-4	61	158	0	2.14321E-4	1.37165E-4
61	159	0	8.24804E-5	5.27874E-5	61	160	0	2.23701E-5	1.43169E-5
61	161	0	4.03002E-6	2.57921E-6	61	162	0	6.77003E-7	4.33282E-7
61	163	0	6.59003E-8	4.21762E-8	61	164	0	4.95002E-9	3.16801E-9
61	165	0	2.32954E-10	1.49091E-10	61	166	0	1.9484E-11	1.24697E-11
61	167	0	9.84238E-14	6.29913E-14	61	168	0	4.13461E-15	2.64615E-15
61	169	0	4.59104E-16	2.93827E-16	62	148	0	3.89002E-13	2.48961E-13
62	149	0	2.29001E-11	1.46561E-11	62	150	0	7.62003E-10	4.87682E-10
62	151	0	1.68001E-8	1.0752E-8	62	152	0	2.34001E-7	1.49761E-7
62	153	0	1.95001E-6	1.24801E-6	62	154	0	9.59004E-6	6.13763E-6
62	155	0	3.06901E-5	1.96417E-5	62	156	0	8.64704E-5	5.5341E-5
62	157	0	1.61001E-4	1.0304E-4	62	158	0	1.67221E-4	1.07021E-4
62	159	0	1.44321E-4	9.23652E-5	62	160	0	9.07104E-5	5.80546E-5
62	161	0	3.79302E-5	2.42753E-5	62	162	0	1.51701E-5	9.70884E-6
62	163	0	3.62002E-6	2.31681E-6	62	164	0	6.67003E-7	4.26882E-7
62	165	0	8.02003E-8	5.13282E-8	62	166	0	7.12054E-9	4.55715E-9
62	167	0	4.87904E-10	3.12258E-10	62	168	0	2.0496E-11	1.31174E-11
62	169	0	2.27586E-12	1.45655E-12	62	170	0	1.37001E-14	8.76804E-15
62	171	0	5.06446E-16	3.24125E-16	63	151	0	1.59001E-12	1.0176E-12
63	152	2	2.13334E-11	1.36534E-11	63	152	0	2.13334E-11	1.36534E-11
63	152	1	2.13334E-11	1.36534E-11	63	153	0	1.39001E-9	8.89604E-10
63	154	1	9.75004E-9	6.24003E-9	63	154	0	9.75004E-9	6.24003E-9
63	155	0	1.61001E-7	1.0304E-7	63	156	0	9.69004E-7	6.20163E-7
63	157	0	5.42002E-6	3.46881E-6	63	158	0	1.38601E-5	8.87044E-6
63	159	0	2.79501E-5	1.78881E-5	63	160	0	4.09402E-5	2.62017E-5
63	161	0	3.84402E-5	2.46017E-5	63	162	0	3.45401E-5	2.21057E-5
63	163	0	1.88001E-5	1.20321E-5	63	164	0	7.90003E-6	5.05602E-6
63	165	0	2.28001E-6	1.45921E-6	63	166	0	5.02002E-7	3.21281E-7
63	167	0	8.46004E-8	5.41442E-8	63	168	0	9.14004E-9	5.84962E-9
63	169	0	8.31727E-10	5.32305E-10	63	170	0	4.08002E-11	2.61121E-11
63	171	0	2.51054E-12	1.60674E-12	63	172	0	1.62964E-14	1.04297E-14
64	153	0	7.55003E-14	4.83202E-14	64	154	0	2.90001E-12	1.85601E-12
64	155	0	6.35003E-11	4.06402E-11	64	156	0	1.01E-9	6.46403E-10
64	157	0	1.53001E-8	9.79204E-9	64	158	0	1.01E-7	6.46403E-8
64	159	0	5.12002E-7	3.27681E-7	64	160	0	1.88001E-6	1.20321E-6
64	161	0	4.21002E-6	2.69441E-6	64	162	0	8.76004E-6	5.60642E-6
64	163	0	1.08E-5	6.91203E-6	64	164	0	9.96004E-6	6.37443E-6
64	165	0	6.49003E-6	4.15362E-6	64	166	0	3.27001E-6	2.09281E-6
64	167	0	1.27001E-6	8.12803E-7	64	168	0	3.32001E-7	2.12481E-7
64	169	0	7.52003E-8	4.81282E-8	64	170	0	9.13004E-9	5.84322E-9
64	171	0	9.17493E-10	5.87195E-10	64	172	0	8.0784E-11	5.17018E-11
65	156	0	7.28003E-14	4.65922E-14	65	157	0	3.13001E-12	2.00321E-12
65	158	0	5.26002E-11	3.36641E-11	65	158	1	3.36001E-12	2.15041E-12
65	159	0	7.36003E-10	4.71042E-10	65	160	0	2.11001E-7	1.35041E-7
65	161	0	4.14002E-8	2.64961E-8	65	162	0	1.08E-7	6.91203E-8
65	162	1	1.08E-7	6.91203E-8	65	163	0	6.44003E-7	4.12162E-7
65	164	0	1.37001E-6	8.76804E-7	65	165	0	2.06001E-6	1.31841E-6
65	166	0	2.34001E-6	1.49761E-6	65	167	0	1.99001E-6	1.27361E-6
65	168	0	1.18001E-6	7.55203E-7	65	169	0	6.16003E-7	3.94242E-7
65	170	0	1.73001E-7	1.1072E-7	65	171	0	4.26002E-8	2.72641E-8
65	172	0	9.13004E-9	5.84322E-9	66	159	0	7.75003E-14	4.96002E-14
66	160	0	2.09001E-12	1.33761E-12	66	161	0	3.11001E-11	1.99041E-11
66	162	0	4.27002E-10	2.73281E-10	66	163	0	3.30001E-9	2.11201E-9
66	164	0	1.73001E-8	1.1072E-8	66	165	0	5.98003E-8	3.82722E-8
66	165	1	4.50002E-9	2.88001E-9	66	166	0	1.77001E-7	1.1328E-7
66	167	0	3.44001E-7	2.20161E-7	66	168	0	4.65002E-7	2.97601E-7
66	169	0	5.48002E-7	3.50721E-7	66	170	0	3.38001E-7	2.16321E-7
66	171	0	1.89001E-7	1.20961E-7	66	172	0	9.20004E-8	5.88803E-8
67	162	0	1.11E-14	7.10403E-15	67	162	1	5.06002E-14	3.23841E-14
67	163	0	1.18001E-12	7.55203E-13	67	163	1	8.86004E-14	5.67042E-14
67	164	0	3.07001E-12	1.96481E-12	67	164	1	1.40001E-11	8.96004E-12
67	165	0	1.65001E-10	1.056E-10	67	166	0	2.07001E-10	1.32481E-10
67	166	1	9.42004E-10	6.02883E-10	67	167	0	5.56002E-9	3.55842E-9
67	168	0	1.85001E-8	1.18401E-8	67	169	0	5.22002E-8	3.34081E-8
67	170	0	3.66002E-8	2.34241E-8	67	170	1	3.66002E-8	2.34241E-8
67	171	0	9.30004E-8	5.95203E-8	67	172	0	9.96004E-8	6.37443E-8
68	165	0	3.11001E-14	1.99041E-14	68	166	0	5.74002E-13	3.67362E-13
68	167	0	6.61003E-12	4.23042E-12	68	167	1	4.97002E-13	3.18081E-13
68	168	0	6.14003E-11	3.92962E-11	68	169	0	4.42002E-10	2.82881E-10
68	170	0	1.52001E-9	9.72804E-10	68	171	0	4.70002E-9	3.00801E-9
68	172	0	1.17E-8	7.48803E-9	69	168	0	1.51001E-14	9.66404E-15
69	169	0	2.84001E-13	1.81761E-13	69	170	0	2.51001E-12	1.60641E-12
69	171	0	2.01001E-11	1.28641E-11	69	172	0	1.24001E-10	7.93603E-11
70	172	0	1.02E-13	6.52803E-14