Z	A	FPS	Yield	Uncertainty	Z	A	FPS	Yield	Uncertainty
23	66	0	5.81838E-14	3.72376E-14	23	67	0	9.26705E-15	5.93091E-15
24	66	0	8.72471E-11	5.58381E-11	24	67	0	1.28209E-11	8.20536E-12
24	68	0	1.93455E-12	1.23811E-12	24	69	0	2.06182E-13	1.31956E-13
24	70	0	1.0625E-14	6.79998E-15	25	66	0	1.032458E-8	6.605701E-9
25	67	0	3.408017E-9	2.181094E-9	25	68	0	1.162729E-9	7.44149E-10
25	69	0	2.24321E-10	1.43565E-10	25	70	0	3.36792E-11	2.15547E-11
25	71	0	3.36792E-12	2.15547E-12	25	72	0	3.4269E-13	2.19322E-13
26	66	0	1.564069E-7	9.170979E-8	26	67	0	1.112671E-7	7.005334E-8
26	68	0	8.327304E-8	5.320801E-8	26	69	0	3.578471E-8	2.289913E-8
26	70	0	1.212841E-8	7.762205E-9	26	71	0	2.806597E-9	1.796222E-9
26	72	0	5.13866E-10	3.28874E-10	26	73	0	6.48524E-11	4.15056E-11
26	74	0	5.42275E-12	3.47056E-12	26	75	0	8.76273E-13	5.60815E-13
26	76	0	1.66391E-14	1.0649E-14	27	66	0	3.399802E-7	1.073162E-7
27	67	0	4.992755E-7	1.857873E-7	27	68	0	7.808062E-7	4.084561E-7
27	69	0	7.179085E-7	4.369626E-7	27	70	0	5.260464E-7	3.337742E-7
27	71	0	2.756429E-7	1.762999E-7	27	72	0	1.132639E-7	7.248831E-8
27	73	0	3.217548E-8	2.059238E-8	27	74	0	6.144435E-9	3.932443E-9
27	75	0	9.53367E-10	6.10155E-10	27	76	0	9.99349E-11	6.39583E-11
27	77	0	7.60188E-12	4.86519E-12	27	78	0	9.75295E-13	6.24189E-13
28	66	0	1.122832E-7	6.881862E-8	28	67	0	3.378362E-7	1.8048E-7
28	68	0	1.078608E-6	4.149464E-7	28	69	0	2.036398E-6	6.333396E-7
28	70	0	3.090294E-6	1.225231E-6	28	71	0	3.487284E-6	1.972748E-6
28	72	0	3.065638E-6	1.912962E-6	28	73	0	1.914446E-6	1.221172E-6
28	74	0	8.087848E-7	5.175677E-7	28	75	0	2.826731E-7	1.809036E-7
28	76	0	6.715818E-8	4.298102E-8	28	77	0	1.051712E-8	6.730964E-9
28	78	0	1.462468E-9	9.35976E-10	28	79	0	1.48193E-10	9.48436E-11
28	80	0	1.35318E-11	8.66036E-12	28	82	0	1.88443E-14	1.20603E-14
29	66	0	5.192245E-9	3.322717E-9	29	67	0	3.337883E-8	2.133058E-8
29	68	0	4.048961E-8	2.590529E-8	29	68	1	1.843179E-7	1.169338E-7
29	69	0	8.743219E-7	5.184973E-7	29	70	0	4.07831E-7	2.596903E-7
29	70	1	2.311324E-6	1.198995E-6	29	71	0	6.380309E-6	2.106775E-6
29	72	0	1.153947E-5	3.945129E-6	29	73	0	1.503296E-5	7.374515E-6
29	74	0	1.349209E-5	8.028439E-6	29	75	0	1.022201E-5	6.457882E-6
29	76	0	5.343946E-6	3.414843E-6	29	77	0	1.864461E-6	1.193127E-6
29	78	0	5.873969E-7	3.759228E-7	29	79	0	1.612306E-7	1.031875E-7
29	80	0	2.836672E-8	1.815467E-8	29	81	0	3.508244E-9	2.245278E-9
29	82	0	2.14504E-10	1.37283E-10	29	83	0	1.97649E-11	1.26495E-11
30	66	0	3.01709E-11	1.93094E-11	30	67	0	4.33018E-10	2.77131E-10
30	68	0	6.394891E-9	4.092774E-9	30	69	0	5.913912E-9	3.784884E-9
30	69	1	4.78131E-8	3.059348E-8	30	70	0	3.547323E-7	2.26171E-7
30	71	0	1.944512E-7	1.244101E-7	30	71	1	1.573314E-6	9.844511E-7
30	72	0	6.584751E-6	3.697312E-6	30	73	0	1.752204E-5	7.428525E-6
30	74	0	3.202902E-5	9.1117E-6	30	75	0	5.059566E-5	1.971885E-5
30	76	0	5.540757E-5	2.981543E-5	30	77	0	4.15231E-5	2.544608E-5
30	78	0	2.837401E-5	1.80194E-5	30	79	0	1.723197E-5	1.100601E-5
30	80	0	6.779927E-6	4.336489E-6	30	81	0	1.904548E-6	1.218865E-6
30	82	0	2.706293E-7	1.732071E-7	30	83	0	2.734439E-8	1.750053E-8
30	84	0	1.944584E-9	1.244525E-9	30	85	0	1.56477E-10	1.00145E-10
30	86	0	1.37323E-12	8.78866E-13	31	66	0	2.02476E-14	1.29585E-14
31	67	0	6.62557E-13	4.24037E-13	31	68	0	2.22523E-11	1.42415E-11
31	69	0	4.19987E-10	2.68792E-10	31	70	0	6.154434E-9	3.938853E-9
31	71	0	6.846001E-8	4.381313E-8	31	72	0	2.736217E-7	1.750966E-7
31	72	1	2.736217E-7	1.750966E-7	31	73	0	3.065941E-6	1.946075E-6
31	74	0	5.838625E-6	3.693413E-6	31	74	1	5.838625E-6	3.693413E-6
31	75	0	3.749406E-5	1.939039E-5	31	76	0	8.385037E-5	3.083412E-5
31	77	0	1.292678E-4	3.96081E-5	31	78	0	1.841036E-4	8.254316E-5
31	79	0	2.377045E-4	1.259604E-4	31	80	0	2.014644E-4	1.250376E-4
31	81	0	1.227711E-4	7.833915E-5	31	82	0	3.962433E-5	2.538637E-5
31	83	0	9.394069E-6	6.023724E-6	31	84	0	1.66355E-6	1.064903E-6
31	85	0	1.702349E-7	1.089561E-7	31	86	0	7.898539E-9	5.055082E-9
31	87	0	3.06971E-10	1.96462E-10	32	69	0	3.81898E-13	2.44415E-13
32	70	0	1.27299E-11	8.14715E-12	32	71	0	1.64386E-10	1.05207E-10
32	71	1	1.64386E-10	1.05207E-10	32	72	0	5.863772E-9	3.752821E-9
32	73	0	6.4551E-8	4.131295E-8	32	73	1	7.96872E-9	5.099988E-9
32	74	0	6.002902E-7	3.842097E-7	32	75	0	3.277689E-7	2.097703E-7
32	75	1	3.768654E-6	2.407844E-6	32	76	0	1.921373E-5	1.209195E-5
32	77	0	5.662621E-5	3.349559E-5	32	77	1	4.269487E-6	2.731672E-6
32	78	0	1.766379E-4	8.242253E-5	32	79	0	2.325192E-4	1.250345E-4
32	79	1	2.325192E-4	1.250345E-4	32	80	0	8.174139E-4	2.880806E-4
32	81	0	0.001069552	5.257904E-4	32	82	0	7.552244E-4	4.249122E-4
32	83	0	4.008508E-4	2.48956E-4	32	84	0	1.647933E-4	1.06389E-4
32	85	0	4.225527E-5	2.725708E-5	32	86	0	5.078361E-6	3.252444E-6
32	87	0	4.246567E-7	2.718031E-7	32	88	0	3.047147E-8	1.950184E-8
32	89	0	1.426704E-9	9.13092E-10	32	90	0	2.09269E-10	1.33932E-10
33	71	0	1.80424E-13	1.15471E-13	33	72	0	7.38736E-12	4.72791E-12
33	73	0	2.07488E-10	1.32792E-10	33	74	0	6.9764E-10	4.46489E-10
33	74	1	3.177465E-9	2.03358E-9	33	75	0	5.883811E-8	3.765649E-8
33	76	0	6.063893E-7	3.881055E-7	33	77	0	4.138527E-6	2.648378E-6
33	78	0	2.547026E-5	1.624635E-5	33	79	0	1.385287E-4	8.434591E-5
33	80	0	4.918862E-4	2.748778E-4	33	81	0	0.001287506	5.313146E-4
33	82	0	9.631264E-4	5.114917E-4	33	82	1	9.631264E-4	5.114917E-4
33	83	0	0.002281616	8.784507E-4	33	84	0	0.001013256	6.634764E-4
33	84	1	0.001014716	6.633494E-4	33	85	0	0.001069599	8.17422E-4
33	86	0	3.808284E-4	2.475187E-4	33	87	0	8.247607E-5	5.358934E-5
33	88	0	1.544082E-5	9.892038E-6	33	89	0	1.551809E-6	9.934246E-7
33	90	0	2.100566E-7	1.344421E-7	33	91	0	2.866986E-9	1.834873E-9
33	92	0	2.69876E-10	1.72721E-10	34	73	0	6.01414E-14	3.84905E-14
34	74	0	2.89681E-12	1.85396E-12	34	75	0	1.00236E-10	6.41508E-11
34	76	0	2.345512E-9	1.501128E-9	34	77	0	2.876761E-9	1.841128E-9
34	77	1	3.307763E-8	2.116976E-8	34	78	0	4.901279E-7	3.136968E-7
34	79	0	5.430298E-6	3.476693E-6	34	79	1	4.089472E-7	2.617351E-7
34	80	0	4.474825E-5	2.870271E-5	34	81	0	1.981521E-5	1.269457E-5
34	81	1	2.252443E-4	1.446391E-4	34	82	0	7.437846E-4	4.397866E-4
34	83	0	0.001598136	8.626512E-4	34	83	1	2.057856E-4	1.320889E-4
34	84	0	0.002520962	0.001042302	34	85	0	0.002318829	0.001487894
34	85	1	0.002308014	0.001482836	34	86	0	0.003593229	0.001809505
34	87	0	0.002169151	0.001271273	34	88	0	9.287975E-4	5.963879E-4
34	89	0	2.28702E-4	1.483309E-4	34	90	0	3.644828E-5	2.342144E-5
34	91	0	3.964595E-6	2.538537E-6	34	92	0	4.04666E-7	2.589966E-7
34	93	0	1.41381E-8	9.048434E-9	34	94	0	1.022403E-9	6.54338E-10
34	96	0	7.32722E-13	4.68942E-13	35	75	0	1.92452E-14	1.2317E-14
35	77	0	5.11202E-12	3.27169E-12	35	77	1	3.13737E-11	2.00792E-11
35	78	0	1.132662E-9	7.24904E-10	35	79	0	4.270035E-9	2.732824E-9
35	79	1	2.626164E-8	1.680751E-8	35	80	0	7.848378E-8	5.023007E-8
35	80	1	4.450236E-7	2.848295E-7	35	81	0	6.361133E-6	4.073546E-6
35	82	0	3.558253E-5	2.283279E-5	35	82	1	7.823523E-6	5.010124E-6
35	83	0	2.322838E-4	1.505246E-4	35	84	0	2.410806E-4	1.591566E-4
35	84	1	7.822401E-4	5.528012E-4	35	85	0	0.002163135	0.001580441
35	86	0	0.002345051	0.001556198	35	86	1	0.002362932	0.001566126
35	87	0	0.006403609	0.002262829	35	88	0	0.00486405	0.002701882
35	89	0	0.002953386	0.002379407	35	90	0	0.001378021	0.00103893
35	91	0	4.249596E-4	2.76312E-4	35	92	0	1.045642E-4	6.745892E-5
35	93	0	1.534999E-5	9.844506E-6	35	94	0	1.573461E-6	1.007167E-6
35	95	0	3.658299E-8	2.341325E-8	35	96	0	6.555407E-9	4.195462E-9
35	97	0	4.02537E-10	2.57623E-10	36	78	0	2.95695E-13	1.89245E-13
36	79	0	9.17156E-12	5.8698E-12	36	79	1	9.17156E-12	5.8698E-12
36	80	0	7.19692E-10	4.60603E-10	36	81	0	1.84433E-8	1.180375E-8
36	81	1	1.393275E-9	8.91696E-10	36	82	0	3.127234E-7	2.001505E-7
36	83	0	3.486895E-6	2.232445E-6	36	83	1	4.319954E-7	2.764899E-7
36	84	0	4.430706E-5	2.857115E-5	36	85	0	2.817899E-4	1.876769E-4
36	85	1	3.612278E-5	2.323481E-5	36	86	0	0.00109268	7.761561E-4
36	87	0	0.002976394	0.00197499	36	88	0	0.007555081	0.002363526
36	89	0	0.01079995	0.002174471	36	90	0	0.01034598	0.003958981
36	91	0	0.007106952	0.002929644	36	92	0	0.00385695	0.002072287
36	93	0	0.001191736	7.309921E-4	36	94	0	2.801046E-4	1.786127E-4
36	95	0	5.069135E-5	3.239168E-5	36	96	0	6.516181E-6	4.169801E-6
36	97	0	5.568955E-7	3.564211E-7	36	98	0	3.438083E-8	2.200372E-8
36	99	0	2.13578E-9	1.366904E-9	36	100	0	4.26001E-11	2.72641E-11
37	81	0	7.05659E-12	4.51622E-12	37	83	0	7.798321E-9	4.990931E-9
37	84	0	2.185036E-7	1.398487E-7	37	85	0	4.006554E-6	2.566031E-6
37	86	0	1.875557E-5	1.203462E-5	37	86	1	1.875557E-5	1.203462E-5
37	87	0	2.6855E-4	1.755398E-4	37	88	0	0.001558193	0.001184681
37	89	0	0.002886342	0.00226989	37	90	0	9.34154E-4	6.163475E-4
37	90	1	0.005736329	0.003916582	37	91	0	0.01177568	0.002947929
37	92	0	0.01497636	0.003852094	37	93	0	0.01128585	0.00299695
37	94	0	0.006257281	0.003613794	37	95	0	0.002831514	0.001598777
37	96	0	7.66177E-4	4.827861E-4	37	97	0	1.506552E-4	9.698602E-5
37	98	0	2.212293E-5	1.415165E-5	37	99	0	2.323986E-6	1.487157E-6
37	100	0	1.573724E-7	1.007167E-7	37	101	0	5.364754E-9	3.433439E-9
37	102	0	4.45563E-10	2.8516E-10	38	83	0	1.7441E-12	1.11622E-12
38	84	0	1.2329E-10	7.89055E-11	38	85	0	2.881772E-9	1.844335E-9
38	85	1	2.881772E-9	1.844335E-9	38	86	0	1.393241E-7	8.916962E-8
38	87	0	2.354879E-6	1.507544E-6	38	87	1	2.916755E-7	1.866788E-7
38	88	0	4.414795E-5	2.842477E-5	38	89	0	2.589741E-4	1.711735E-4
38	90	0	0.00106695	7.43996E-4	38	91	0	0.003017444	0.002168664
38	92	0	0.006239772	0.00399796	38	93	0	0.01401082	0.003118383
38	94	0	0.02093042	0.004566419	38	95	0	0.02085681	0.004003245
38	96	0	0.01266495	0.003185491	38	97	0	0.006375214	0.0030989
38	98	0	0.001877639	0.001072958	38	99	0	3.8723E-4	2.389649E-4
38	100	0	6.610742E-5	4.206954E-5	38	101	0	7.428211E-6	4.750133E-6
38	102	0	6.681543E-7	4.276009E-7	38	103	0	1.95597E-8	1.251823E-8
38	104	0	1.032427E-9	6.60753E-10	39	85	0	9.25175E-13	5.92112E-13
39	87	0	2.997044E-9	1.918109E-9	39	88	0	1.303033E-7	8.339601E-8
39	89	0	2.134945E-7	1.366412E-7	39	89	1	1.733592E-6	1.109809E-6
39	90	0	1.03221E-5	6.613943E-6	39	90	1	1.03221E-5	6.613943E-6
39	91	0	7.492444E-5	4.827813E-5	39	91	1	7.492444E-5	4.827813E-5
39	92	0	8.849431E-4	6.09562E-4	39	93	0	0.001497472	0.001073969
39	93	1	0.001497472	0.001073969	39	94	0	0.007310491	0.004458443
39	95	0	0.01795518	0.004005121	39	96	0	0.001447014	9.108176E-4
39	96	1	0.0229033	0.003961774	39	97	0	0.01318106	0.005843058
39	97	1	0.01314681	0.005844788	39	98	0	0.01033865	0.004711002
39	98	1	0.009167422	0.004753415	39	99	0	0.01238349	0.004586947
39	100	0	0.003852285	0.002054494	39	101	0	9.249503E-4	5.508262E-4
39	102	0	1.831545E-4	1.162617E-4	39	103	0	2.130975E-5	1.36195E-5
39	104	0	1.764302E-6	1.129054E-6	39	105	0	2.788074E-8	1.784375E-8
39	106	0	2.084199E-9	1.333885E-9	39	107	0	3.38534E-10	2.16661E-10
40	87	0	3.76886E-13	2.41207E-13	40	88	0	4.32015E-11	2.7649E-11
40	89	0	1.653887E-9	1.058488E-9	40	90	0	2.190141E-8	1.401695E-8
40	90	1	2.190141E-8	1.401695E-8	40	91	0	8.048076E-7	5.151309E-7
40	92	0	1.209128E-5	7.749412E-6	40	93	0	1.02E-4	6.603291E-5
40	94	0	5.952179E-4	3.956068E-4	40	95	0	0.002394204	0.001618288
40	96	0	0.005753979	0.003869371	40	97	0	0.01413874	0.004575716
40	98	0	0.02290324	0.005607035	40	99	0	0.03139249	0.005057728
40	100	0	0.02401954	0.004508989	40	101	0	0.0145997	0.003777165
40	102	0	0.007339035	0.003708156	40	103	0	0.001968911	0.001077327
40	104	0	3.544811E-4	2.228151E-4	40	105	0	3.86982E-5	2.468651E-5
40	106	0	3.12607E-6	2.00017E-6	40	107	0	4.683738E-7	2.997497E-7
40	108	0	1.693984E-8	1.084148E-8	40	109	0	3.009885E-9	1.926329E-9
40	110	0	9.77297E-11	6.2547E-11	41	89	0	1.56368E-13	1.00075E-13
41	90	0	1.04245E-11	6.67168E-12	41	91	0	4.94162E-10	3.16263E-10
41	92	0	1.814259E-8	1.161129E-8	41	93	0	3.337677E-7	2.136221E-7
41	93	1	4.119657E-8	2.636597E-8	41	94	0	3.977744E-6	2.546786E-6
41	94	1	1.393077E-6	8.916958E-7	41	95	0	4.489573E-5	2.882272E-5
41	95	1	5.560938E-6	3.560369E-6	41	96	0	3.416776E-4	2.243195E-4
41	97	0	0.001292407	9.124062E-4	41	97	1	1.747474E-4	1.131875E-4
41	98	0	0.003520895	0.00282273	41	98	1	7.779456E-4	5.186782E-4
41	99	0	9.735927E-4	6.266168E-4	41	99	1	0.01103594	0.003368891
41	100	0	0.0103613	0.003287879	41	100	1	0.0103613	0.003287879
41	101	0	0.02807077	0.005447942	41	102	0	0.01289551	0.007000182
41	102	1	0.01289551	0.007000182	41	103	0	0.02187616	0.004781914
41	104	0	0.004489245	0.002645374	41	104	1	0.004550918	0.002644192
41	105	0	0.002506528	0.001415747	41	106	0	4.481239E-4	2.80494E-4
41	107	0	5.936662E-5	3.78882E-5	41	108	0	1.093298E-5	6.992432E-6
41	109	0	3.275091E-6	2.095806E-6	41	110	0	2.275375E-7	1.456223E-7
41	111	0	6.646215E-9	4.253576E-9	41	112	0	7.61532E-10	4.87381E-10
41	113	0	2.02961E-10	1.29895E-10	42	91	0	3.34787E-14	2.14264E-14
42	92	0	3.04716E-12	1.95018E-12	42	93	0	7.76826E-11	4.97169E-11
42	93	1	7.76826E-11	4.97169E-11	42	94	0	5.452813E-9	3.489803E-9
42	95	0	1.222858E-7	7.826397E-8	42	96	0	1.994239E-6	1.276601E-6
42	97	0	2.120128E-5	1.359995E-5	42	98	0	1.611813E-4	1.047066E-4
42	99	0	7.999846E-4	5.322963E-4	42	100	0	0.002605596	0.002070997
42	101	0	0.006047751	0.004814265	42	102	0	0.01497615	0.005468021
42	103	0	0.02949512	0.005367377	42	104	0	0.02397416	0.005197412
42	105	0	0.01916837	0.004283538	42	106	0	0.01016818	0.004176832
42	107	0	0.002760892	0.001504298	42	108	0	8.7095E-4	5.313937E-4
42	109	0	4.06776E-4	2.538182E-4	42	110	0	6.082696E-5	3.877842E-5
42	111	0	9.206865E-6	5.884786E-6	42	112	0	1.14211E-6	7.308316E-7
42	113	0	2.808014E-7	1.797085E-7	42	114	0	1.032428E-8	6.60753E-9
42	115	0	7.89567E-10	5.05323E-10	42	116	0	3.16745E-11	2.02716E-11
43	95	0	2.96697E-11	1.89886E-11	43	95	1	3.6586E-12	2.3415E-12
43	97	0	1.663907E-8	1.064903E-8	43	97	1	1.663907E-8	1.064903E-8
43	98	0	6.063773E-7	3.881123E-7	43	99	0	6.43149E-6	4.118481E-6
43	99	1	7.958151E-7	5.093573E-7	43	100	0	6.644311E-5	4.282642E-5
43	101	0	3.879508E-4	2.559459E-4	43	102	0	8.840282E-4	6.153679E-4
43	102	1	8.840282E-4	6.153679E-4	43	103	0	0.005199233	0.003616561
43	104	0	0.01146062	0.004353255	43	105	0	0.01830705	0.004385818
43	106	0	0.01960506	0.004665709	43	107	0	0.0141584	0.002943108
43	108	0	0.009302408	0.003235292	43	109	0	0.007094281	0.003353145
43	110	0	0.002096909	0.001241253	43	111	0	6.749329E-4	4.037546E-4
43	112	0	1.670995E-4	1.049838E-4	43	113	0	3.55681E-5	2.271539E-5
43	114	0	6.377922E-6	4.079989E-6	43	115	0	8.590877E-7	5.497813E-7
43	116	0	8.800735E-8	5.632439E-8	43	117	0	3.402748E-9	2.177759E-9
43	118	0	4.24855E-10	2.71907E-10	43	119	0	3.6851E-11	2.35847E-11
44	97	0	5.84374E-12	3.73999E-12	44	98	0	2.56603E-10	1.64226E-10
44	99	0	7.337239E-9	4.695838E-9	44	100	0	1.613755E-7	1.032828E-7
44	101	0	2.27475E-6	1.456223E-6	44	102	0	2.536885E-5	1.628787E-5
44	103	0	1.898851E-4	1.230308E-4	44	104	0	0.001004814	7.284749E-4
44	105	0	0.002746184	0.00209123	44	106	0	0.005223378	0.0040973
44	107	0	0.01041761	0.0028476	44	108	0	0.01119217	0.003158613
44	109	0	0.006543622	0.003544127	44	109	1	0.006543622	0.003544127
44	110	0	0.009411155	0.00265	44	111	0	0.007879392	0.002930476
44	112	0	0.003867996	0.001786828	44	113	0	0.001382145	8.167533E-4
44	114	0	4.807082E-4	2.977952E-4	44	115	0	1.402644E-4	8.835446E-5
44	116	0	2.785932E-5	1.778884E-5	44	117	0	4.709183E-6	3.012912E-6
44	118	0	6.371085E-7	4.077276E-7	44	119	0	5.098321E-8	3.26292E-8
44	120	0	3.247635E-9	2.078486E-9	44	121	0	3.12955E-10	2.00291E-10
44	122	0	6.28477E-12	4.02225E-12	45	99	0	8.26944E-13	5.29244E-13
45	101	0	1.64386E-10	1.05207E-10	45	101	1	1.32311E-9	8.46791E-10
45	102	0	1.994682E-8	1.276601E-8	45	102	1	1.994682E-8	1.276601E-8
45	103	0	5.903841E-8	3.778481E-8	45	103	1	6.795494E-7	4.349424E-7
45	104	0	1.653492E-6	1.058488E-6	45	104	1	9.349309E-6	5.991683E-6
45	105	0	7.267015E-5	4.683565E-5	45	105	1	5.510054E-6	3.528292E-6
45	106	0	1.997528E-4	1.299602E-4	45	106	1	1.997528E-4	1.299602E-4
45	107	0	0.001257005	8.753004E-4	45	108	0	0.001219438	8.47937E-4
45	108	1	0.001219479	8.479682E-4	45	109	0	0.002022476	0.001412656
45	109	1	0.002041751	0.001427232	45	110	0	0.002699498	0.001828507
45	110	1	0.002699498	0.001828507	45	111	0	0.009122964	0.002968258
45	112	0	0.01125429	0.002366993	45	113	0	0.006915673	0.002496687
45	114	0	0.005013331	0.002344712	45	115	0	0.003142773	0.001577996
45	116	0	0.001123651	6.745633E-4	45	117	0	3.797675E-4	2.391487E-4
45	118	0	1.09134E-4	6.931752E-5	45	119	0	1.957446E-5	1.251578E-5
45	120	0	2.777173E-6	1.776977E-6	45	121	0	3.404948E-7	2.179122E-7
45	122	0	2.716392E-8	1.738486E-8	45	123	0	1.874406E-9	1.19962E-9
45	124	0	8.82073E-11	5.64527E-11	46	101	0	1.08254E-13	6.92829E-14
46	102	0	6.99645E-12	4.47773E-12	46	103	0	3.26768E-10	2.09132E-10
46	104	0	1.242919E-8	7.954697E-9	46	105	0	2.175049E-7	1.392072E-7
46	106	0	2.795628E-6	1.789807E-6	46	107	0	4.728738E-6	3.027917E-6
46	107	1	1.776811E-5	1.139316E-5	46	108	0	8.016942E-5	5.174861E-5
46	109	0	4.504221E-5	2.893817E-5	46	109	1	1.676461E-4	1.088567E-4
46	110	0	5.680552E-4	3.793352E-4	46	111	0	3.177866E-4	2.041517E-4
46	111	1	0.001181107	7.621432E-4	46	112	0	0.003181992	0.001796843
46	113	0	0.004134783	0.002451382	46	114	0	0.005787382	0.002400619
46	115	0	0.008979283	0.001902764	46	116	0	0.005841283	0.001827839
46	117	0	0.004242812	0.001849819	46	118	0	0.002543434	0.001370655
46	119	0	9.474584E-4	5.740408E-4	46	120	0	2.834958E-4	1.775606E-4
46	121	0	7.537744E-5	4.792414E-5	46	122	0	1.318695E-5	8.429399E-6
46	123	0	2.035248E-6	1.302261E-6	46	124	0	2.145093E-7	1.372827E-7
46	125	0	1.603773E-8	1.026413E-8	46	126	0	1.693982E-9	1.084148E-9
46	127	0	4.4642E-10	2.85709E-10	46	128	0	2.05483E-11	1.31509E-11
46	130	0	1.83431E-14	1.17396E-14	47	103	0	1.58372E-14	1.01358E-14
47	105	0	5.52298E-12	3.53471E-12	47	105	1	6.35494E-11	4.06716E-11
47	106	0	4.00942E-10	2.56603E-10	47	106	1	1.824287E-9	1.167544E-9
47	107	0	3.508244E-9	2.245278E-9	47	107	1	4.029447E-8	2.578862E-8
47	108	0	1.498489E-7	9.590541E-8	47	108	1	1.498489E-7	9.590541E-8
47	109	0	6.264234E-7	4.009424E-7	47	109	1	6.264234E-7	4.009424E-7
47	110	0	1.383035E-6	8.852809E-7	47	110	1	6.300321E-6	4.035085E-6
47	111	0	3.317208E-6	2.123391E-6	47	111	1	3.809164E-5	2.44284E-5
47	112	0	1.66379E-4	1.067961E-4	47	113	0	4.137204E-5	2.655164E-5
47	113	1	4.618671E-4	3.048117E-4	47	114	0	0.001239084	8.401104E-4
47	115	0	0.001400519	8.807634E-4	47	115	1	0.001424793	8.9548E-4
47	116	0	0.002042373	0.001322909	47	116	1	0.002042373	0.001322909
47	117	0	0.00280566	0.00162565	47	117	1	0.00280566	0.00162565
47	118	0	0.003512855	0.001844526	47	118	1	0.003512855	0.001844526
47	119	0	0.006009057	0.002041145	47	120	0	0.001904768	0.001109609
47	120	1	0.001904805	0.001109607	47	121	0	0.002236229	0.001243967
47	122	0	3.908894E-4	2.447157E-4	47	122	1	3.908894E-4	2.447157E-4
47	123	0	2.618608E-4	1.643196E-4	47	124	0	5.996266E-5	3.818175E-5
47	125	0	9.910901E-6	6.338095E-6	47	126	0	2.095335E-6	1.340751E-6
47	127	0	4.857149E-7	3.108459E-7	47	128	0	7.778338E-8	4.978101E-8
47	129	0	4.083299E-9	2.613303E-9	47	130	0	3.55836E-10	2.27735E-10
48	106	0	1.97464E-13	1.26377E-13	48	107	0	9.58252E-12	6.13282E-12
48	108	0	1.27299E-10	8.14715E-11	48	109	0	8.61024E-10	5.51055E-10
48	110	0	1.182778E-8	7.569794E-9	48	111	0	1.934544E-8	1.23811E-8
48	111	1	1.192791E-7	7.633945E-8	48	112	0	1.172675E-6	7.505641E-7
48	113	0	1.042334E-6	6.671683E-7	48	113	1	6.40066E-6	4.099233E-6
48	114	0	3.855217E-5	2.476188E-5	48	115	0	2.304312E-5	1.476103E-5
48	115	1	1.40906E-4	9.067372E-5	48	116	0	4.909514E-4	3.251563E-4
48	117	0	1.868136E-4	1.207764E-4	48	117	1	0.001084379	7.271793E-4
48	118	0	0.002795207	0.001738284	48	119	0	0.002428356	0.001549804
48	119	1	0.002428356	0.001549804	48	120	0	0.006495927	0.001637877
48	121	0	0.003967285	0.002050408	48	121	1	0.003967285	0.002050408
48	122	0	0.006414419	0.00223382	48	123	0	0.004737798	0.002392522
48	124	0	0.002263716	0.001267639	48	125	0	7.612426E-4	4.619335E-4
48	126	0	3.069312E-4	1.917805E-4	48	127	0	1.100192E-4	6.972851E-5
48	128	0	3.328238E-5	2.124023E-5	48	129	0	5.651581E-6	3.615487E-6
48	130	0	7.60827E-7	4.869045E-7	48	131	0	4.861445E-8	3.111313E-8
48	132	0	2.084901E-9	1.334336E-9	48	133	0	1.77648E-10	1.13694E-10
48	134	0	1.2329E-12	7.89055E-13	49	109	0	6.51531E-14	4.1698E-14
49	111	0	5.24232E-11	3.35509E-11	49	112	0	1.05247E-10	6.73583E-11
49	112	1	8.51E-10	5.4464E-10	49	113	0	1.13266E-8	7.249039E-9
49	113	1	1.403298E-9	8.98111E-10	49	114	0	2.064847E-8	1.321506E-8
49	114	1	1.172739E-7	7.505644E-8	49	115	0	1.062407E-6	6.799982E-7
49	115	1	1.313072E-7	8.403751E-8	49	116	0	2.598682E-6	1.663641E-6
49	116	1	2.598682E-6	1.663641E-6	49	116	2	2.598682E-6	1.663641E-6
49	117	0	3.768137E-5	2.420356E-5	49	117	1	4.668881E-6	2.989426E-6
49	118	0	1.716061E-4	1.112441E-4	49	118	1	1.532329E-5	9.818245E-6
49	118	2	1.532329E-5	9.818245E-6	49	119	0	6.175117E-4	4.11565E-4
49	119	1	7.941163E-5	5.109891E-5	49	120	0	6.124521E-4	4.016578E-4
49	120	1	6.124521E-4	4.016578E-4	49	120	2	6.124521E-4	4.016578E-4
49	121	0	0.003391993	0.002052739	49	121	1	4.74267E-4	3.073961E-4
49	122	0	0.003089317	0.001919201	49	122	1	0.00161799	0.001053077
49	122	2	0.00161799	0.001053077	49	123	0	0.008151579	0.002788628
49	123	1	0.001038692	6.638284E-4	49	124	0	0.005108461	0.002634122
49	124	1	0.005108461	0.002634122	49	125	0	0.003843102	0.002074294
49	125	1	0.003843102	0.002074294	49	126	0	0.002996203	0.001611248
49	126	1	0.002996203	0.001611248	49	127	0	0.00162696	9.582752E-4
49	127	1	0.001618799	9.583757E-4	49	128	0	8.852971E-4	5.436649E-4
49	128	1	8.852971E-4	5.436649E-4	49	129	0	3.180632E-4	2.012686E-4
49	129	1	3.166846E-4	2.012719E-4	49	130	0	6.201491E-5	3.961055E-5
49	130	1	6.201491E-5	3.961055E-5	49	130	2	6.201491E-5	3.961055E-5
49	131	0	1.37544E-5	8.795068E-6	49	131	1	1.375232E-5	8.795066E-6
49	132	0	2.817414E-6	1.802637E-6	49	133	0	1.932763E-7	1.236977E-7
49	134	0	1.052473E-8	6.735833E-9	49	135	0	5.65435E-10	3.61878E-10
49	136	0	6.86614E-12	4.39433E-12	50	112	0	8.65033E-14	5.53621E-14
50	113	0	1.21786E-12	7.79432E-13	50	113	1	1.21786E-12	7.79432E-13
50	114	0	5.56308E-11	3.56037E-11	50	115	0	1.01238E-9	6.47923E-10
50	116	0	1.423343E-8	9.109413E-9	50	117	0	8.219228E-8	5.260365E-8
50	117	1	8.219228E-8	5.260365E-8	50	118	0	1.70367E-6	1.090563E-6
50	119	0	1.874025E-6	1.19962E-6	50	119	1	1.150269E-5	7.370914E-6
50	120	0	7.405692E-5	4.769343E-5	50	121	0	6.502021E-5	4.180516E-5
50	121	1	2.912942E-4	1.902776E-4	50	122	0	0.001071154	7.323645E-4
50	123	0	0.002387772	0.00166667	50	123	1	5.797028E-4	3.802942E-4
50	124	0	0.00562744	0.00307011	50	125	0	0.007471907	0.002955313
50	125	1	0.001729695	0.00110629	50	126	0	0.01393561	0.002324622
50	127	0	0.01054887	0.003729574	50	127	1	0.002139353	0.001317161
50	128	0	0.006056481	0.003269317	50	128	1	0.006056481	0.003269317
50	129	0	0.007123215	0.003829664	50	129	1	0.001601426	0.001023471
50	130	0	0.002729247	0.001751059	50	130	1	0.002729247	0.001751059
50	131	0	9.448169E-4	5.899631E-4	50	131	1	9.448169E-4	5.899631E-4
50	132	0	4.506947E-4	2.808908E-4	50	133	0	7.494188E-5	4.756073E-5
50	134	0	1.002379E-5	6.415079E-6	50	135	0	7.822559E-7	5.006558E-7
50	136	0	4.029457E-8	2.578862E-8	50	137	0	9.12144E-10	5.83772E-10
50	138	0	1.09257E-11	6.99244E-12	51	115	0	9.59255E-14	6.13923E-14
51	117	0	7.26708E-11	4.65093E-11	51	118	0	4.30011E-10	2.75207E-10
51	118	1	1.222874E-9	7.8264E-10	51	119	0	2.966961E-8	1.898863E-8
51	120	0	9.482176E-8	6.068664E-8	51	120	1	2.696248E-7	1.725656E-7
51	121	0	3.887461E-6	2.48905E-6	51	122	0	8.052076E-6	5.15772E-6
51	122	1	1.875683E-5	1.202823E-5	51	123	0	1.607189E-4	1.042743E-4
51	124	0	2.246858E-4	1.458487E-4	51	124	1	2.246858E-4	1.458487E-4
51	124	2	2.246858E-4	1.458487E-4	51	125	0	0.001855546	0.001290202
51	126	0	0.002725346	0.00181071	51	126	1	0.001117852	7.42785E-4
51	126	2	0.001117852	7.42785E-4	51	127	0	0.005443403	0.003564444
51	128	0	0.005241033	0.003595351	51	128	1	0.00424548	0.002975325
51	129	0	0.01465098	0.004098811	51	130	0	0.01111458	0.003768105
51	130	1	0.005192917	0.004652255	51	131	0	0.01529271	0.004099135
51	132	0	0.003588189	0.002095265	51	132	1	0.005810998	0.003143674
51	133	0	0.004309477	0.002149859	51	134	0	5.718261E-4	3.566481E-4
51	134	1	5.716467E-4	3.566487E-4	51	135	0	2.111434E-4	1.36081E-4
51	136	0	2.649985E-5	1.698069E-5	51	137	0	1.493569E-6	9.558469E-7
51	138	0	4.330189E-8	2.771314E-8	51	139	0	4.861425E-9	3.111313E-9
51	140	0	2.73883E-10	1.75286E-10	52	118	0	1.78419E-13	1.14188E-13
52	119	0	7.39739E-12	4.73433E-12	52	120	0	2.05483E-10	1.31509E-10
52	121	0	2.45076E-9	1.568487E-9	52	121	1	2.45076E-9	1.568487E-9
52	122	0	7.527612E-8	4.817724E-8	52	123	0	1.413297E-7	9.045259E-8
52	123	1	8.669447E-7	5.549043E-7	52	124	0	9.222924E-6	5.908285E-6
52	125	0	8.843839E-6	5.664512E-6	52	125	1	5.408513E-5	3.478197E-5
52	126	0	2.965884E-4	1.945114E-4	52	127	0	1.082881E-4	6.982498E-5
52	127	1	4.800738E-4	3.178177E-4	52	128	0	0.001577841	0.001152791
52	129	0	9.405118E-4	6.568837E-4	52	129	1	0.002836512	0.002552861
52	130	0	0.00988128	0.004008105	52	131	0	0.003016014	0.00235601
52	131	1	0.01321404	0.004208859	52	132	0	0.02324191	0.003541721
52	133	0	0.00435475	0.002406753	52	133	1	0.02015343	0.004850391
52	134	0	0.01620829	0.004268953	52	135	0	0.008112064	0.004224746
52	136	0	0.002220246	0.001311032	52	137	0	2.913221E-4	1.811117E-4
52	138	0	1.936925E-5	1.236183E-5	52	139	0	5.164137E-6	3.303766E-6
52	140	0	4.106962E-7	2.628427E-7	52	141	0	1.340179E-8	8.577167E-9
52	142	0	7.59786E-10	4.86263E-10	53	121	0	6.89621E-13	4.41357E-13
53	123	0	7.21696E-10	4.61886E-10	53	125	0	2.245212E-7	1.436978E-7
53	126	0	2.134461E-6	1.366412E-6	53	127	0	6.630807E-6	4.246781E-6
53	128	0	3.714903E-5	2.387678E-5	53	129	0	2.419452E-4	1.59769E-4
53	130	0	9.385745E-4	6.960294E-4	53	130	1	2.321708E-4	1.532699E-4
53	131	0	0.002468816	0.002221934	53	132	0	0.00409339	0.003684051
53	132	1	0.00409339	0.003684051	53	133	0	0.009318061	0.00525722
53	133	1	0.009318061	0.00525722	53	134	0	0.01130911	0.003690369
53	134	1	0.01811203	0.004029081	53	135	0	0.02725487	0.006602987
53	136	0	0.01058721	0.003207227	53	136	1	0.01058334	0.003206195
53	137	0	0.01002281	0.003159814	53	138	0	0.001064098	2.399807E-4
53	139	0	6.63404E-4	4.078043E-4	53	140	0	1.173527E-4	7.455917E-5
53	141	0	1.456748E-5	9.331767E-6	53	142	0	1.222997E-6	7.826396E-7
53	143	0	2.360203E-8	1.510532E-8	53	144	0	2.251202E-9	1.440767E-9
53	145	0	1.46246E-10	9.35971E-11	54	125	0	4.54568E-11	2.90924E-11
54	125	1	4.54568E-11	2.90924E-11	54	126	0	1.7441E-9	1.116224E-9
54	127	0	4.275046E-9	2.736031E-9	54	127	1	4.275046E-9	2.736031E-9
54	128	0	9.201498E-8	5.889042E-8	54	129	0	6.815257E-7	4.362254E-7
54	129	1	6.815257E-7	4.362254E-7	54	130	0	1.579504E-5	1.013581E-5
54	131	0	1.949392E-5	1.250938E-5	54	131	1	8.794997E-5	5.697714E-5
54	132	0	7.153682E-4	4.957496E-4	54	133	0	8.380052E-4	5.583113E-4
54	133	1	0.002547748	0.001860569	54	134	0	0.001576391	0.001159546
54	134	1	0.003139395	0.002825456	54	135	0	0.006461199	0.003725357
54	135	1	0.008156781	0.005404116	54	136	0	0.02227279	0.005137667
54	137	0	0.02308126	0.002208348	54	138	0	0.01720222	4.779614E-4
54	139	0	0.01175099	0.003002099	54	140	0	0.005199038	0.002440631
54	141	0	0.001316771	7.384667E-4	54	142	0	2.322134E-4	1.444741E-4
54	143	0	1.636549E-5	1.044904E-5	54	143	1	1.636933E-5	1.044904E-5
54	144	0	3.37703E-6	2.160437E-6	54	145	0	2.023331E-7	1.294914E-7
54	146	0	7.818383E-9	5.003762E-9	54	147	0	5.47018E-10	3.50092E-10
54	148	0	4.19987E-12	2.68792E-12	55	127	0	1.2329E-12	7.89055E-13
55	129	0	8.53005E-10	5.45923E-10	55	131	0	3.538096E-7	2.264523E-7
55	132	0	5.929008E-6	3.797726E-6	55	133	0	5.723842E-5	3.681586E-5
55	134	0	2.157161E-4	1.416423E-4	55	134	1	2.157161E-4	1.416423E-4
55	135	0	8.718738E-4	6.164252E-4	55	135	1	8.718738E-4	6.164252E-4
55	136	0	0.002679913	0.002358003	55	136	1	0.002679913	0.002358003
55	137	0	0.01749298	0.002885607	55	138	0	0.01475031	0.002906737
55	138	1	0.01245153	0.002706294	55	139	0	0.02623416	0.004580084
55	140	0	0.02204085	0.003955166	55	141	0	0.01479556	0.003290236
55	142	0	0.007604645	0.002959142	55	143	0	0.00203938	0.001075873
55	144	0	4.314377E-4	2.668308E-4	55	145	0	6.022489E-5	3.836793E-5
55	146	0	5.736741E-6	3.669424E-6	55	147	0	5.951516E-7	3.808921E-7
55	148	0	1.934549E-8	1.23811E-8	55	149	0	5.55299E-10	3.55392E-10
55	150	0	1.43337E-11	9.17356E-12	56	129	0	5.9139E-14	3.7849E-14
56	131	0	1.31309E-10	8.40375E-11	56	132	0	5.282411E-9	3.380747E-9
56	133	0	1.272972E-7	8.147153E-8	56	134	0	2.414774E-6	1.546034E-6
56	135	0	1.272227E-5	8.156772E-6	56	135	1	1.272227E-5	8.156772E-6
56	136	0	1.103954E-4	7.158724E-5	56	136	1	1.103954E-4	7.158724E-5
56	137	0	1.667563E-4	1.067152E-4	56	137	1	7.594292E-4	4.844739E-4
56	138	0	0.003407088	0.001788604	56	139	0	0.007015374	0.004170831
56	140	0	0.0132991	0.003660566	56	141	0	0.02128837	0.003667948
56	142	0	0.02027834	0.003671252	56	143	0	0.01487086	0.002857606
56	144	0	0.009020832	0.00337195	56	145	0	0.002710095	0.001350178
56	146	0	5.271304E-4	3.166405E-4	56	147	0	9.662096E-5	6.122007E-5
56	148	0	1.003781E-5	6.415072E-6	56	149	0	7.683399E-7	4.916804E-7
56	150	0	4.660984E-8	2.983012E-8	56	151	0	1.270226E-9	8.12944E-10
56	152	0	3.60848E-11	2.30943E-11	57	133	0	3.17747E-11	2.03358E-11
57	135	0	3.989348E-8	2.553201E-8	57	137	0	8.567161E-6	5.484889E-6
57	138	0	6.298594E-5	4.027928E-5	57	139	0	3.581675E-4	2.33589E-4
57	140	0	0.001312404	8.962832E-4	57	141	0	0.004040801	0.002451101
57	142	0	0.008530937	0.003192082	57	143	0	0.01396934	0.002874018
57	144	0	0.01574269	0.003537669	57	145	0	0.0128623	0.002859018
57	146	0	0.003469429	0.001709674	57	146	1	0.003469429	0.001709674
57	147	0	0.002918621	0.001559692	57	148	0	6.594288E-4	3.95199E-4
57	149	0	1.164058E-4	7.356318E-5	57	150	0	1.712728E-5	1.094407E-5
57	151	0	1.382217E-6	8.844677E-7	57	152	0	8.049047E-8	5.151308E-8
57	153	0	3.81898E-9	2.444145E-9	57	154	0	1.03243E-10	6.60753E-11
58	135	0	7.00647E-12	4.48414E-12	58	137	0	9.28181E-9	5.940363E-9
58	138	0	1.62381E-7	1.039243E-7	58	139	0	3.979207E-7	2.546786E-7
58	139	1	1.813961E-6	1.161129E-6	58	140	0	1.940192E-5	1.243882E-5
58	141	0	1.309425E-4	8.428151E-5	58	142	0	5.584789E-4	3.63559E-4
58	143	0	0.001971409	0.001229322	58	144	0	0.004475056	0.002872844
58	145	0	0.01000835	0.002985226	58	146	0	0.01317148	0.002605722
58	147	0	0.01117315	0.003059902	58	148	0	0.006676342	0.002157865
58	149	0	0.002514374	0.001310434	58	150	0	7.92784E-4	4.824597E-4
58	151	0	1.506228E-4	9.463076E-5	58	152	0	2.058886E-5	1.312495E-5
58	153	0	2.356918E-6	1.507544E-6	58	154	0	1.543742E-7	9.87922E-8
58	155	0	7.156847E-9	4.580366E-9	58	156	0	2.96697E-10	1.89886E-10
58	157	0	5.32251E-12	3.40641E-12	58	158	0	8.1692E-14	5.22829E-14
59	139	0	1.543628E-9	9.87922E-10	59	140	0	3.177456E-8	2.03358E-8
59	141	0	4.941411E-7	3.162634E-7	59	142	0	2.575577E-6	1.648675E-6
59	142	1	2.575577E-6	1.648675E-6	59	143	0	3.861129E-5	2.474911E-5
59	144	0	1.445078E-5	9.256948E-6	59	144	1	2.234067E-4	1.450235E-4
59	145	0	8.656693E-4	5.539084E-4	59	146	0	0.002295736	0.001402614
59	147	0	0.00463493	0.002828553	59	148	0	0.003275177	0.001751314
59	148	1	0.003275177	0.001751314	59	149	0	0.006930877	0.001796057
59	150	0	0.004908872	0.00196966	59	151	0	0.002363899	0.001164631
59	152	0	7.050134E-4	4.01792E-4	59	153	0	1.783332E-4	1.09906E-4
59	154	0	2.718103E-5	1.719004E-5	59	155	0	2.991104E-6	1.911689E-6
59	156	0	3.007376E-7	1.924524E-7	59	157	0	1.293052E-8	8.27545E-9
59	158	0	4.80129E-10	3.07282E-10	59	159	0	1.52358E-11	9.75092E-12
59	160	0	3.53832E-13	2.26452E-13	60	140	0	5.83371E-12	3.73358E-12
60	141	0	2.18514E-10	1.39849E-10	60	142	0	5.452814E-9	3.489803E-9
60	143	0	9.742825E-8	6.235457E-8	60	144	0	1.463218E-6	9.366012E-7
60	145	0	1.219204E-5	7.807143E-6	60	146	0	7.671849E-5	4.921491E-5
60	147	0	3.901465E-4	2.551253E-4	60	148	0	0.00109413	7.046273E-4
60	149	0	0.002319533	0.001408013	60	150	0	0.003700587	0.001959799
60	151	0	0.004658681	0.001295932	60	152	0	0.00362893	7.224909E-4
60	153	0	0.002116674	8.596011E-4	60	154	0	7.201915E-4	3.483043E-4
60	155	0	1.600283E-4	9.573231E-5	60	156	0	3.61E-5	2.28424E-5
60	157	0	3.609152E-6	2.302983E-6	60	158	0	3.158486E-7	2.02075E-7
60	159	0	2.335534E-8	1.494713E-8	60	160	0	1.252947E-9	8.01885E-10
60	161	0	3.51827E-11	2.25169E-11	60	162	0	7.20694E-13	4.61244E-13
61	141	0	1.0625E-14	6.79998E-15	61	143	0	2.77653E-11	1.77698E-11
61	144	0	1.022403E-9	6.54338E-10	61	145	0	2.084897E-8	1.334336E-8
61	146	0	3.237536E-7	2.07207E-7	61	147	0	4.10805E-6	2.630182E-6
61	148	0	4.950216E-6	3.169048E-6	61	148	1	2.252348E-5	1.443384E-5
61	149	0	1.354755E-4	8.723862E-5	61	150	0	5.243351E-4	3.460542E-4
61	151	0	0.00118932	7.333337E-4	61	152	0	6.273948E-4	3.772942E-4
61	152	1	6.273948E-4	3.772942E-4	61	152	2	6.273948E-4	3.772942E-4
61	153	0	0.002935327	8.785562E-4	61	154	0	0.001179181	4.762219E-4
61	154	1	0.001179181	4.762219E-4	61	155	0	0.001408313	4.639311E-4
61	156	0	6.18937E-4	3.163516E-4	61	157	0	1.340033E-4	7.706833E-5
61	158	0	2.518783E-5	1.570055E-5	61	159	0	4.153E-6	2.649219E-6
61	160	0	5.014421E-7	3.20753E-7	61	161	0	3.268022E-8	2.091316E-8
61	162	0	1.533605E-9	9.81507E-10	61	163	0	3.81898E-11	2.44415E-11
61	164	0	1.12264E-12	7.18489E-13	61	165	0	1.68396E-14	1.07773E-14
62	144	0	7.91861E-14	5.06791E-14	62	145	0	3.98938E-12	2.5532E-12
62	146	0	1.56368E-10	1.00075E-10	62	147	0	4.96166E-9	3.175464E-9
62	148	0	8.229277E-8	5.26678E-8	62	149	0	9.992625E-7	6.395834E-7
62	150	0	9.593083E-6	6.145638E-6	62	151	0	5.011348E-5	3.213119E-5
62	152	0	1.72807E-4	1.098214E-4	62	153	0	5.141356E-4	3.100002E-4
62	154	0	0.001046578	4.548392E-4	62	155	0	0.001373118	4.639981E-4
62	156	0	0.001477745	3.696854E-4	62	157	0	8.11623E-4	2.163724E-4
62	158	0	3.112845E-4	1.337647E-4	62	159	0	9.804974E-5	5.646006E-5
62	160	0	2.476921E-5	1.537955E-5	62	161	0	3.609077E-6	2.282689E-6
62	162	0	3.758705E-7	2.405593E-7	62	163	0	2.114981E-8	1.353581E-8
62	164	0	1.423346E-9	9.10941E-10	62	165	0	4.89149E-11	3.13056E-11
62	166	0	2.09492E-12	1.34075E-12	62	167	0	5.1922E-14	3.32301E-14
63	147	0	6.68571E-13	4.27886E-13	63	149	0	8.52003E-10	5.45282E-10
63	151	0	2.555957E-7	1.635845E-7	63	152	0	7.083277E-7	4.533325E-7
63	152	1	7.083277E-7	4.533325E-7	63	152	2	7.083277E-7	4.533325E-7
63	153	0	1.392282E-5	8.904019E-6	63	154	0	2.774788E-5	1.761967E-5
63	154	1	2.774788E-5	1.761967E-5	63	155	0	1.59041E-4	9.672928E-5
63	156	0	4.147931E-4	2.367794E-4	63	157	0	5.127628E-4	2.11165E-4
63	158	0	5.028723E-4	1.379363E-4	63	159	0	3.429967E-4	9.095902E-5
63	160	0	1.804036E-4	7.043406E-5	63	161	0	5.759552E-5	2.877977E-5
63	162	0	1.127965E-5	7.061059E-6	63	163	0	1.393653E-6	8.895089E-7
63	164	0	2.084907E-7	1.33412E-7	63	165	0	1.613313E-8	1.032822E-8
63	166	0	1.573687E-9	1.007167E-9	63	167	0	8.90091E-11	5.69659E-11
63	168	0	3.40801E-12	2.18113E-12	63	169	0	8.86083E-14	5.67093E-14
64	149	0	8.04892E-14	5.15131E-14	64	151	0	1.5336E-10	9.81507E-11
64	152	0	3.127351E-9	2.001505E-9	64	153	0	4.941618E-8	3.162634E-8
64	154	0	4.681531E-7	2.995842E-7	64	155	0	2.969313E-6	1.898859E-6
64	156	0	1.750693E-5	1.117412E-5	64	157	0	4.077381E-5	2.538287E-5
64	158	0	8.98557E-5	5.255365E-5	64	159	0	1.471517E-4	7.891702E-5
64	160	0	1.726478E-4	7.033104E-5	64	161	0	1.31537E-4	3.235636E-5
64	162	0	4.651098E-5	1.359258E-5	64	163	0	1.210094E-5	6.14439E-6
64	164	0	3.858665E-6	2.328196E-6	64	165	0	6.377978E-7	4.088034E-7
64	166	0	1.382312E-7	8.844201E-8	64	167	0	1.753701E-8	1.122581E-8
64	168	0	1.523593E-9	9.7509E-10	64	169	0	9.00126E-11	5.76074E-11
64	170	0	6.26473E-12	4.00942E-12	64	171	0	3.25766E-13	2.0849E-13
65	151	0	1.0224E-14	6.54338E-15	65	153	0	2.00471E-11	1.28302E-11
65	155	0	7.156834E-9	4.580367E-9	65	156	0	9.522483E-8	6.094325E-8
65	156	1	6.084305E-9	3.893953E-9	65	157	0	5.364404E-7	3.432066E-7
65	158	0	2.430804E-6	1.552427E-6	65	158	1	1.543835E-7	9.879219E-8
65	159	0	8.929297E-6	5.681697E-6	65	160	0	2.218417E-5	1.385891E-5
65	161	0	3.347006E-5	1.88867E-5	65	162	0	1.465861E-5	9.035625E-6
65	162	1	1.465861E-5	9.035625E-6	65	163	0	1.550381E-5	6.228969E-6
65	164	0	1.01169E-5	3.130428E-6	65	165	0	3.279742E-6	1.392099E-6
65	166	0	1.571311E-6	8.749851E-7	65	167	0	4.284571E-7	2.670156E-7
65	168	0	8.132582E-8	5.179124E-8	65	169	0	1.063956E-8	6.797621E-9
65	170	0	1.663889E-9	1.064878E-9	65	171	0	1.96462E-10	1.25735E-10
65	172	0	1.11262E-11	7.12074E-12	66	155	0	1.95459E-12	1.25094E-12
66	156	0	6.79597E-11	4.34942E-11	66	157	0	8.58017E-10	5.49131E-10
66	158	0	9.773051E-9	6.254702E-9	66	159	0	7.708459E-8	4.933196E-8
66	160	0	4.181315E-7	2.675083E-7	66	161	0	1.277911E-6	8.146658E-7
66	162	0	2.694502E-6	1.723387E-6	66	163	0	2.977658E-6	1.88385E-6
66	164	0	4.027728E-6	2.417208E-6	66	165	0	2.533998E-6	1.369854E-6
66	165	1	1.997235E-7	1.281726E-7	66	166	0	2.611289E-6	9.099475E-7
66	167	0	1.443505E-6	4.841189E-7	66	168	0	5.821216E-7	2.730701E-7
66	169	0	1.647431E-7	9.464807E-8	66	170	0	5.440441E-8	3.396547E-8
66	171	0	1.403269E-8	8.964224E-9	66	172	0	1.774133E-9	1.135336E-9
67	159	0	7.27711E-11	4.65735E-11	67	159	1	5.47286E-12	3.50263E-12
67	161	0	6.324987E-9	4.047915E-9	67	161	1	4.7612E-10	3.04716E-10
67	162	0	5.763537E-9	3.68867E-9	67	162	1	2.626153E-8	1.680751E-8
67	163	0	7.257076E-8	4.644486E-8	67	163	1	5.462842E-9	3.496218E-9
67	164	0	4.119658E-8	2.63658E-8	67	164	1	1.874354E-7	1.199462E-7
67	165	0	3.43583E-7	2.206574E-7	67	166	0	1.2021E-7	7.692434E-8
67	166	1	5.457803E-7	3.448936E-7	67	167	0	7.586653E-7	4.390946E-7
67	168	0	6.184165E-7	2.737836E-7	67	169	0	3.667166E-7	1.106437E-7
67	170	0	1.221681E-7	6.784371E-8	67	170	1	1.221681E-7	6.784371E-8
67	171	0	1.322847E-7	6.910782E-8	67	172	0	3.556854E-8	2.167093E-8
68	161	0	4.17982E-12	2.67509E-12	68	162	0	4.50058E-11	2.88037E-11
68	163	0	2.49587E-10	1.59735E-10	68	164	0	1.643863E-9	1.052073E-9
68	165	0	5.51239E-9	3.52829E-9	68	166	0	2.325192E-8	1.488258E-8
68	167	0	5.348605E-8	3.423987E-8	68	167	1	4.029246E-9	2.578855E-9
68	168	0	9.777878E-8	6.213818E-8	68	169	0	1.169861E-7	7.069391E-8
68	170	0	1.641697E-7	7.808387E-8	68	171	0	1.823775E-7	7.054992E-8
68	172	0	1.011153E-7	3.142126E-8	69	165	0	1.05247E-11	6.73583E-12
69	166	0	1.00236E-10	6.41508E-11	69	167	0	5.55301E-10	3.55395E-10
69	168	0	2.084923E-9	1.334332E-9	69	169	0	5.356278E-9	3.42535E-9
69	170	0	1.633625E-8	1.043335E-8	69	171	0	3.788678E-8	2.391465E-8
69	172	0	4.327927E-8	2.570128E-8	70	166	0	4.94162E-14	3.16263E-14
70	167	0	6.27475E-13	4.01584E-13	70	168	0	5.3626E-12	3.43207E-12
70	169	0	2.8868E-11	1.84754E-11	70	169	1	2.17511E-12	1.39207E-12
70	170	0	2.11497E-10	1.35358E-10	70	171	0	1.082543E-9	6.92821E-10
70	172	0	2.666182E-9	1.705959E-9	71	169	0	1.93455E-14	1.23811E-14
71	171	0	1.87441E-12	1.19962E-12	71	171	1	1.87441E-12	1.19962E-12
71	172	0	1.04245E-11	6.67168E-12	71	172	1	1.04245E-11	6.67168E-12
72	172	0	1.89445E-14	1.21245E-14