Z	A	FPS	Yield	Uncertainty	Z	A	FPS	Yield	Uncertainty
23	66	0	3.59707E-18	2.30212E-18	24	66	0	8.91902E-14	5.70817E-14
24	69	0	4.84993E-17	3.10395E-17	25	66	0	4.03952E-11	2.58536E-11
25	67	0	1.57989E-11	1.01113E-11	25	68	0	3.08979E-12	1.97747E-12
25	69	0	6.29908E-13	4.03141E-13	25	70	0	5.25964E-14	3.36617E-14
25	72	0	1.83483E-16	1.17429E-16	26	66	0	2.352303E-9	1.358636E-9
26	67	0	2.330466E-9	1.479436E-9	26	68	0	1.609745E-9	1.029951E-9
26	69	0	8.49926E-10	5.43958E-10	26	70	0	2.60981E-10	1.67028E-10
26	71	0	3.84973E-11	2.46383E-11	26	72	0	4.54951E-12	2.91168E-12
26	73	0	1.50989E-13	9.66332E-14	26	75	0	3.04852E-16	1.95106E-16
27	66	0	4.521675E-9	1.570699E-9	27	67	0	1.412533E-8	5.829596E-9
27	68	0	2.227129E-8	1.323433E-8	27	69	0	3.936544E-8	2.481389E-8
27	70	0	3.009439E-8	1.923466E-8	27	71	0	1.579913E-8	1.011055E-8
27	72	0	4.879648E-9	3.122988E-9	27	73	0	5.95959E-10	3.81413E-10
27	74	0	7.1495E-11	4.57568E-11	27	75	0	3.95943E-12	2.53403E-12
27	76	0	1.98986E-13	1.27351E-13	27	77	0	9.83801E-15	6.29633E-15
28	66	0	1.705926E-9	1.038084E-9	28	67	0	1.171729E-8	5.794192E-9
28	68	0	5.493035E-8	1.343937E-8	28	69	0	2.090811E-7	4.352749E-8
28	70	0	4.969931E-7	1.436726E-7	28	71	0	6.123608E-7	3.447823E-7
28	72	0	6.39712E-7	4.016593E-7	28	73	0	1.969388E-7	1.259636E-7
28	74	0	8.449058E-8	5.407507E-8	28	75	0	1.269914E-8	8.127438E-9
28	76	0	2.369837E-9	1.516691E-9	28	77	0	2.06976E-10	1.32464E-10
28	78	0	1.16992E-11	7.48749E-12	28	79	0	3.80296E-13	2.43389E-13
29	66	0	2.0498E-11	1.3119E-11	29	67	0	4.78998E-10	3.06436E-10
29	68	0	1.389802E-9	8.89296E-10	29	68	1	3.758964E-9	2.401441E-9
29	69	0	6.002178E-8	3.702464E-8	29	70	0	6.717766E-8	4.269191E-8
29	70	1	2.377619E-7	1.37755E-7	29	71	0	1.111257E-6	3.620386E-7
29	72	0	2.536021E-6	1.024554E-6	29	73	0	2.462327E-6	1.351269E-6
29	74	0	2.516718E-6	1.580868E-6	29	75	0	1.329836E-6	8.487687E-7
29	76	0	6.329177E-7	4.050349E-7	29	77	0	2.059832E-7	1.318309E-7
29	78	0	3.069789E-8	1.96467E-8	29	79	0	4.939274E-9	3.161136E-9
29	80	0	2.66981E-10	1.70868E-10	29	81	0	1.08992E-11	6.97552E-12
29	82	0	2.01986E-13	1.29271E-13	29	83	0	1.0551E-14	6.75258E-15
30	66	0	3.06979E-14	1.96467E-14	30	67	0	1.91987E-12	1.22872E-12
30	68	0	7.25947E-11	4.64607E-11	30	69	0	3.52973E-10	2.25904E-10
30	69	1	1.71982E-9	1.10069E-9	30	70	0	3.449297E-8	2.203622E-8
30	71	0	4.819924E-8	3.082437E-8	30	71	1	2.35044E-7	1.478733E-7
30	72	0	1.957622E-6	1.004324E-6	30	73	0	4.029631E-6	1.362159E-6
30	74	0	1.227559E-5	1.872047E-6	30	75	0	1.48442E-5	4.818033E-6
30	76	0	2.261045E-5	1.140393E-5	30	77	0	1.82646E-5	1.138591E-5
30	78	0	9.467075E-6	6.04894E-6	30	79	0	4.029447E-6	2.578819E-6
30	80	0	7.949344E-7	5.087645E-7	30	81	0	8.859371E-8	5.670006E-8
30	82	0	6.529552E-9	4.178915E-9	30	83	0	2.21975E-10	1.42064E-10
30	84	0	5.7696E-12	3.69255E-12	30	85	0	1.52426E-13	9.75529E-14
31	68	0	2.43983E-14	1.56149E-14	31	69	0	2.53983E-12	1.62549E-12
31	70	0	1.08992E-10	6.97553E-11	31	71	0	3.109801E-9	1.99025E-9
31	72	0	2.589777E-8	1.657434E-8	31	72	1	2.589777E-8	1.657434E-8
31	73	0	3.458302E-7	2.208391E-7	31	74	0	1.169267E-6	7.455703E-7
31	74	1	1.169267E-6	7.455703E-7	31	75	0	8.618215E-6	4.776273E-6
31	76	0	2.79788E-5	1.156837E-5	31	77	0	6.975445E-5	2.138954E-5
31	78	0	8.155191E-5	4.433964E-5	31	79	0	1.165753E-4	6.959441E-5
31	80	0	5.639994E-5	3.598426E-5	31	81	0	2.275277E-5	1.456173E-5
31	82	0	4.619407E-6	2.956578E-6	31	83	0	6.119534E-7	3.916527E-7
31	84	0	4.509687E-8	2.8862E-8	31	85	0	1.979708E-9	1.267015E-9
31	86	0	4.43969E-11	2.8414E-11	31	87	0	1.22144E-12	7.81717E-13
32	70	0	4.00972E-14	2.56622E-14	32	71	0	1.50989E-12	9.66332E-13
32	71	1	1.50989E-12	9.66332E-13	32	72	0	1.82988E-10	1.17112E-10
32	73	0	2.579809E-9	1.651085E-9	32	73	1	5.27963E-10	3.37897E-10
32	74	0	7.22925E-8	4.626803E-8	32	75	0	7.819451E-8	5.004401E-8
32	75	1	5.739569E-7	3.671313E-7	32	76	0	6.705815E-6	4.221654E-6
32	77	0	3.301327E-5	1.924228E-5	32	77	1	4.509047E-6	2.881566E-6
32	78	0	1.299666E-4	4.463491E-5	32	79	0	2.039155E-4	1.00768E-4
32	79	1	2.039155E-4	1.00768E-4	32	80	0	6.010927E-4	1.486871E-4
32	81	0	5.703575E-4	2.856546E-4	32	82	0	4.068512E-4	2.426959E-4
32	83	0	1.425257E-4	9.109357E-5	32	84	0	3.973835E-5	2.542271E-5
32	85	0	4.999424E-6	3.199775E-6	32	86	0	4.529661E-7	2.899E-7
32	87	0	2.569697E-8	1.644606E-8	32	88	0	7.55948E-10	4.83806E-10
32	89	0	9.85382E-12	6.30645E-12	32	90	0	1.09785E-12	7.02624E-13
33	72	0	1.4499E-14	9.27936E-15	33	73	0	9.13937E-13	5.8492E-13
33	74	0	1.50989E-11	9.66332E-12	33	74	1	4.08972E-11	2.61742E-11
33	75	0	1.869874E-9	1.196719E-9	33	76	0	4.839642E-8	3.097389E-8
33	77	0	9.43911E-7	6.040755E-7	33	78	0	7.648949E-6	4.889629E-6
33	79	0	7.66014E-5	4.760778E-5	33	80	0	2.446537E-4	1.45211E-4
33	81	0	7.040397E-4	2.873428E-4	33	82	0	5.691384E-4	3.120673E-4
33	82	1	5.691384E-4	3.120673E-4	33	83	0	0.001296936	6.047426E-4
33	84	0	4.524169E-4	2.829389E-4	33	84	1	4.524224E-4	2.829114E-4
33	85	0	4.16682E-4	2.66319E-4	33	86	0	1.045415E-4	6.694809E-5
33	87	0	2.269501E-5	1.452678E-5	33	88	0	1.929829E-6	1.235116E-6
33	89	0	1.279812E-7	8.190809E-8	33	90	0	1.209838E-8	7.742986E-9
33	91	0	5.22793E-11	3.34588E-11	33	92	0	2.35503E-12	1.50722E-12
34	75	0	4.44969E-13	2.8478E-13	34	76	0	4.25971E-11	2.72621E-11
34	77	0	3.00979E-10	1.92627E-10	34	77	1	2.209846E-9	1.414308E-9
34	78	0	6.449556E-8	4.127717E-8	34	79	0	1.459905E-6	9.343256E-7
34	79	1	1.97987E-7	1.267116E-7	34	80	0	1.761032E-5	1.126554E-5
34	81	0	1.434986E-5	9.182232E-6	34	81	1	1.053111E-4	6.691993E-5
34	82	0	6.234908E-4	3.284245E-4	34	83	0	0.001331487	6.054056E-4
34	83	1	2.726259E-4	1.726445E-4	34	84	0	0.003420592	4.557603E-4
34	85	0	0.001847285	9.952819E-4	34	85	1	0.001843023	9.940709E-4
34	86	0	0.0032426	0.001308571	34	87	0	0.001778712	9.368394E-4
34	88	0	5.765955E-4	3.689804E-4	34	89	0	1.079191E-4	6.912509E-5
34	90	0	1.489468E-5	9.53399E-6	34	91	0	1.099862E-6	7.03918E-7
34	92	0	5.839355E-8	3.73719E-8	34	93	0	3.77987E-10	2.41911E-10
34	94	0	2.45983E-11	1.57429E-11	34	95	0	2.26974E-12	1.45264E-12
35	77	0	3.86973E-14	2.47663E-14	35	77	1	1.4499E-13	9.27936E-14
35	78	0	1.26991E-11	8.12744E-12	35	79	0	2.56982E-10	1.64469E-10
35	79	1	9.67933E-10	6.19477E-10	35	80	0	7.449487E-9	4.767671E-9
35	80	1	2.639815E-8	1.689484E-8	35	81	0	8.339488E-7	5.337235E-7
35	82	0	8.229857E-6	5.266691E-6	35	82	1	3.03985E-6	1.945463E-6
35	83	0	1.001105E-4	6.394423E-5	35	84	0	1.63372E-4	1.039161E-4
35	84	1	3.487013E-4	2.190894E-4	35	85	0	0.001883792	9.996187E-4
35	86	0	0.001765392	0.001020609	35	86	1	0.00180164	0.001036863
35	87	0	0.006225024	9.882001E-4	35	88	0	0.004816805	0.001967286
35	89	0	0.003165227	0.001543138	35	90	0	0.001145588	7.317588E-4
35	91	0	3.258032E-4	2.088605E-4	35	92	0	4.785771E-5	3.064091E-5
35	93	0	4.909059E-6	3.141939E-6	35	94	0	2.309835E-7	1.478294E-7
35	95	0	2.947927E-8	1.886674E-8	35	96	0	2.26984E-10	1.4527E-10
35	97	0	5.79825E-12	3.71088E-12	36	79	0	3.62475E-14	2.31984E-14
36	79	1	3.62475E-14	2.31984E-14	36	80	0	7.47948E-12	4.78687E-12
36	81	0	4.43969E-10	2.8414E-10	36	81	1	6.05958E-11	3.87813E-11
36	82	0	2.639815E-8	1.689484E-8	36	83	0	5.289668E-7	3.385367E-7
36	83	1	1.079925E-7	6.911525E-8	36	84	0	1.19034E-5	7.615389E-6
36	85	0	9.468533E-5	6.059157E-5	36	85	1	1.939752E-5	1.241495E-5
36	86	0	7.604535E-4	4.756435E-4	36	87	0	0.002184689	6.503454E-4
36	88	0	0.007349929	0.001827296	36	89	0	0.01135727	0.001338273
36	90	0	0.01317953	0.002555704	36	91	0	0.009174365	0.00355378
36	92	0	0.004707207	0.0027992	36	93	0	0.001345144	8.631858E-4
36	94	0	2.4235E-4	1.554067E-4	36	95	0	3.079161E-5	1.971094E-5
36	96	0	2.469761E-6	1.580687E-6	36	97	0	1.219855E-7	7.807084E-8
36	98	0	3.849732E-9	2.463832E-9	36	99	0	3.58064E-11	2.2916E-11
36	100	0	9.96931E-13	6.38037E-13	37	83	0	1.30991E-10	8.38341E-11
37	84	0	6.849529E-9	4.383697E-9	37	85	0	1.139922E-6	3.647749E-7
37	86	0	2.364915E-6	1.513492E-6	37	86	1	2.364915E-6	1.513492E-6
37	87	0	6.5433E-5	4.184315E-5	37	88	0	4.152155E-4	2.641425E-4
37	89	0	0.00270228	8.16216E-4	37	90	0	9.898263E-4	6.271207E-4
37	90	1	0.004887467	0.002508525	37	91	0	0.01307439	0.003437199
37	92	0	0.01533198	0.003620808	37	93	0	0.01440575	0.00336176
37	94	0	0.006304735	0.003334096	37	95	0	0.002869838	0.001821726
37	96	0	6.0122E-4	3.862364E-4	37	97	0	1.076606E-4	6.89671E-5
37	98	0	9.26848E-6	5.93239E-6	37	99	0	4.650499E-7	2.976338E-7
37	100	0	2.479831E-8	1.587088E-8	37	101	0	2.2195E-10	1.42048E-10
37	102	0	9.59757E-12	6.14244E-12	37	103	0	1.04407E-12	6.68201E-13
38	84	0	4.3497E-13	2.78381E-13	38	85	0	2.42483E-11	1.55189E-11
38	85	1	2.42483E-11	1.55189E-11	38	86	0	3.579755E-9	2.291044E-9
38	87	0	1.139923E-7	7.295497E-8	38	87	1	2.33984E-8	1.497493E-8
38	88	0	3.389924E-6	2.169449E-6	38	89	0	5.055096E-5	3.233454E-5
38	90	0	4.544159E-4	2.892678E-4	38	91	0	0.002572414	0.001570046
38	92	0	0.009796763	0.003450772	38	93	0	0.02047946	0.003314556
38	94	0	0.02862311	0.003168897	38	95	0	0.02952898	0.004267289
38	96	0	0.01951897	0.004813559	38	97	0	0.008109179	0.005046996
38	98	0	0.002579959	0.001626984	38	99	0	4.845942E-4	3.108342E-4
38	100	0	6.734164E-5	4.313272E-5	38	101	0	4.669142E-6	2.988454E-6
38	102	0	2.379728E-7	1.523031E-7	38	103	0	2.196546E-8	1.405788E-8
38	104	0	8.58941E-11	5.49722E-11	38	105	0	3.63688E-12	2.3276E-12
39	87	0	8.94938E-12	5.7276E-12	39	88	0	6.44956E-10	4.12772E-10
39	89	0	6.369563E-9	4.07652E-9	39	89	1	3.109791E-8	1.990255E-8
39	90	0	4.869692E-7	3.116591E-7	39	90	1	4.869692E-7	3.116591E-7
39	91	0	9.845667E-6	6.300363E-6	39	91	1	9.845667E-6	6.300363E-6
39	92	0	2.010935E-4	1.284358E-4	39	93	0	7.576164E-4	4.807366E-4
39	93	1	7.576164E-4	4.807366E-4	39	94	0	0.00734767	0.002157934
39	95	0	0.01439503	0.004025156	39	96	0	0.002070403	0.001309493
39	96	1	0.02102406	0.004910532	39	97	0	0.01466152	0.007404961
39	97	1	0.01466271	0.007407313	39	98	0	0.01043059	0.002942663
39	98	1	0.0104381	0.00296878	39	99	0	0.01262745	0.003851369
39	100	0	0.004269323	0.002758309	39	101	0	0.001120886	7.237513E-4
39	102	0	1.58241E-4	1.014427E-4	39	103	0	1.416464E-5	9.066907E-6
39	104	0	6.51949E-7	4.172514E-7	39	105	0	4.723573E-8	3.023085E-8
39	106	0	1.27833E-10	8.18131E-11	39	107	0	5.68018E-12	3.63531E-12
39	108	0	6.08922E-14	3.8971E-14	40	88	0	1.31991E-14	8.44741E-15
40	89	0	2.27984E-12	1.45909E-12	40	90	0	1.17492E-10	7.51948E-11
40	90	1	1.17492E-10	7.51948E-11	40	91	0	1.389908E-8	8.895382E-9
40	92	0	5.439664E-7	3.481361E-7	40	93	0	1.147093E-5	7.340289E-6
40	94	0	1.467252E-4	9.374183E-5	40	95	0	9.416287E-4	5.940616E-4
40	96	0	0.005260177	0.003050228	40	97	0	0.0146495	0.004350642
40	98	0	0.03112226	0.003499038	40	99	0	0.04212997	0.005156122
40	100	0	0.04294003	0.006841995	40	101	0	0.02629146	0.006687223
40	102	0	0.0130063	0.004086078	40	103	0	0.003132641	0.002023044
40	104	0	5.541554E-4	3.56557E-4	40	105	0	4.932126E-5	3.158343E-5
40	106	0	3.16952E-6	2.028574E-6	40	107	0	1.195016E-7	7.64812E-8
40	108	0	1.509832E-9	9.66294E-10	41	91	0	2.9398E-13	1.88147E-13
41	92	0	3.28977E-11	2.10545E-11	41	93	0	2.339839E-9	1.497493E-9
41	93	1	4.78967E-10	3.06539E-10	41	94	0	6.33957E-8	4.057321E-8
41	94	1	3.72974E-8	2.387036E-8	41	95	0	1.91994E-6	1.228718E-6
41	95	1	3.939756E-7	2.521429E-7	41	96	0	3.37215E-5	2.157283E-5
41	97	0	2.600475E-4	1.659745E-4	41	97	1	5.315514E-5	3.400073E-5
41	98	0	0.001330521	8.340147E-4	41	98	1	3.719492E-4	2.370273E-4
41	99	0	5.46554E-4	3.47648E-4	41	99	1	0.006666908	0.003807798
41	100	0	0.008487274	0.004924036	41	100	1	0.008487274	0.004924036
41	101	0	0.03318527	0.006944452	41	102	0	0.0174861	0.008628802
41	102	1	0.0174861	0.008628802	41	103	0	0.02812964	0.006069389
41	104	0	0.005945877	0.003719561	41	104	1	0.005942799	0.003716656
41	105	0	0.003809737	0.002440161	41	106	0	6.672004E-4	4.289369E-4
41	107	0	7.700883E-5	4.93272E-5	41	108	0	3.539597E-6	2.265444E-6
41	109	0	3.97972E-13	2.54703E-13	41	111	0	1.22E-16	7.80798E-17
41	112	0	3.39502E-18	2.17282E-18	41	114	0	2.04049E-13	1.30591E-13
42	93	0	2.68981E-14	1.72148E-14	42	93	1	2.68981E-14	1.72148E-14
42	94	0	7.68946E-12	4.92126E-12	42	95	0	4.93966E-10	3.16138E-10
42	96	0	2.709811E-8	1.734282E-8	42	97	0	6.829601E-7	4.370898E-7
42	98	0	1.302173E-5	8.332205E-6	42	99	0	1.314187E-4	8.392774E-5
42	100	0	0.00110075	6.960938E-4	42	101	0	0.005920652	0.003490711
42	102	0	0.01873857	0.005454003	42	103	0	0.03470706	0.005982574
42	104	0	0.04613114	0.005843367	42	105	0	0.03335309	0.00486257
42	106	0	0.01903225	0.004534182	42	107	0	0.005420255	0.003248779
42	108	0	9.644562E-4	6.185781E-4	42	109	0	1.609861E-6	1.030328E-6
42	110	0	9.539328E-8	6.105176E-8	42	111	0	3.10979E-9	1.990256E-9
42	112	0	1.01993E-10	6.52755E-11	42	113	0	8.45124E-14	5.40881E-14
42	114	0	5.059448E-9	3.238042E-9	42	115	0	2.13796E-12	1.36829E-12
42	116	0	1.18992E-13	7.61548E-14	43	97	0	2.21985E-11	1.42071E-11
43	97	1	2.21985E-11	1.42071E-11	43	98	0	2.32984E-9	1.491093E-9
43	99	0	7.259507E-8	4.646077E-8	43	99	1	1.489893E-8	9.535328E-9
43	100	0	1.919927E-6	1.228718E-6	43	101	0	3.703422E-5	2.369111E-5
43	102	0	1.571751E-4	1.004247E-4	43	102	1	1.571751E-4	1.004247E-4
43	103	0	0.002122758	0.001325576	43	104	0	0.006953002	0.004000479
43	105	0	0.0154481	0.004415738	43	106	0	0.01991732	0.004571695
43	107	0	0.01798685	0.004285443	43	108	0	0.007400846	0.002857506
43	109	0	0.001889612	0.001161947	43	110	0	4.167235E-4	2.647043E-4
43	111	0	7.84553E-5	5.021949E-5	43	112	0	9.388731E-6	6.009071E-6
43	113	0	1.329892E-6	8.511398E-7	43	114	0	2.909618E-6	1.862255E-6
43	115	0	2.776776E-8	1.777137E-8	43	116	0	1.519892E-9	9.72732E-10
43	117	0	5.84577E-12	3.7413E-12	43	118	0	1.40738E-13	9.0072E-14
43	119	0	2.46663E-15	1.57865E-15	44	98	0	4.50969E-14	2.8862E-14
44	99	0	4.57968E-12	2.931E-12	44	100	0	3.86973E-10	2.47663E-10
44	101	0	2.039856E-8	1.305514E-8	44	102	0	6.919599E-7	4.428495E-7
44	103	0	1.293141E-5	8.274616E-6	44	104	0	1.523652E-4	9.734568E-5
44	105	0	8.944341E-4	5.666444E-4	44	106	0	0.003958728	0.002363656
44	107	0	0.008500435	0.004124769	44	108	0	0.01100433	0.002831855
44	109	0	0.004159626	0.00196354	44	109	1	0.004159626	0.00196354
44	110	0	0.005769541	2.863124E-4	44	111	0	0.002965723	3.296674E-4
44	112	0	0.001384036	2.960147E-4	44	113	0	6.158274E-4	2.870098E-4
44	114	0	2.108482E-4	1.263159E-4	44	115	0	2.90059E-5	1.854023E-5
44	116	0	2.139752E-6	1.369494E-6	44	117	0	1.229855E-7	7.871083E-8
44	118	0	3.48962E-9	2.233354E-9	44	119	0	5.18939E-11	3.32121E-11
44	120	0	5.25964E-13	3.36617E-13	44	121	0	9.08399E-15	5.81376E-15
45	101	0	5.8896E-14	3.76934E-14	45	101	1	2.8798E-13	1.84308E-13
45	102	0	1.68988E-11	1.08153E-11	45	102	1	1.68988E-11	1.08153E-11
45	103	0	3.04979E-10	1.95187E-10	45	103	1	2.239845E-9	1.433496E-9
45	104	0	1.869875E-8	1.196719E-8	45	104	1	6.629545E-8	4.242911E-8
45	105	0	1.629926E-6	1.043126E-6	45	105	1	2.219854E-7	1.420708E-7
45	106	0	1.102077E-5	7.052317E-6	45	106	1	1.102077E-5	7.052317E-6
45	107	0	1.700314E-4	1.086353E-4	45	108	0	2.897521E-4	1.849041E-4
45	108	1	2.897521E-4	1.849041E-4	45	109	0	7.576889E-5	4.846648E-5
45	109	1	7.576889E-5	4.846648E-5	45	110	0	1.436186E-4	9.173519E-5
45	110	1	1.436186E-4	9.173519E-5	45	111	0	5.182727E-4	3.260278E-4
45	112	0	4.912913E-4	2.959665E-4	45	113	0	6.512167E-4	2.870111E-4
45	114	0	4.93611E-4	1.686972E-4	45	115	0	3.110409E-4	1.633255E-4
45	116	0	7.522274E-5	4.749036E-5	45	117	0	2.05247E-5	1.312313E-5
45	118	0	1.949784E-6	1.247892E-6	45	119	0	1.309908E-7	8.383413E-8
45	120	0	4.369695E-9	2.796605E-9	45	121	0	1.17983E-10	7.55089E-11
45	122	0	1.57989E-12	1.01113E-12	45	123	0	1.29991E-14	8.31942E-15
46	103	0	3.91973E-14	2.50863E-14	46	104	0	5.23964E-12	3.35337E-12
46	105	0	3.31977E-10	2.12465E-10	46	106	0	1.529891E-8	9.791315E-9
46	107	0	1.00993E-7	6.463562E-8	46	107	1	2.259851E-7	1.446295E-7
46	108	0	4.339954E-6	2.777405E-6	46	109	0	1.179919E-9	7.55148E-10
46	109	1	2.619815E-9	1.676685E-9	46	110	0	3.889731E-8	2.489431E-8
46	111	0	8.759406E-8	5.606015E-8	46	111	1	1.949873E-7	1.247917E-7
46	112	0	1.239929E-6	7.935445E-7	46	113	0	5.459757E-6	3.494097E-6
46	114	0	2.277454E-4	1.344584E-4	46	115	0	4.426363E-4	1.626402E-4
46	116	0	4.264464E-4	6.269786E-5	46	117	0	3.464618E-4	1.1601E-4
46	118	0	1.374756E-4	7.819129E-5	46	119	0	2.79334E-5	1.781176E-5
46	120	0	4.079433E-6	2.61088E-6	46	121	0	3.559726E-7	2.278243E-7
46	122	0	2.11985E-8	1.356711E-8	46	123	0	5.64961E-10	3.61576E-10
47	106	0	6.12957E-14	3.92293E-14	47	106	1	1.65988E-13	1.06233E-13
47	107	0	2.47983E-12	1.58709E-12	47	107	1	1.81988E-11	1.16472E-11
47	108	0	3.77474E-10	2.41583E-10	47	108	1	3.77474E-10	2.41583E-10
47	111	1	3.82973E-14	2.45103E-14	47	112	0	7.54948E-13	4.83166E-13
47	113	0	2.15985E-12	1.38231E-12	47	113	1	1.57989E-11	1.01113E-11
47	114	0	3.399752E-6	2.175813E-6	47	115	0	1.611178E-5	1.030509E-5
47	115	1	1.611178E-5	1.030509E-5	47	116	0	4.708484E-5	2.996882E-5
47	116	1	4.708484E-5	2.996882E-5	47	117	0	1.484157E-4	8.842296E-5
47	117	1	1.484157E-4	8.842296E-5	47	118	0	1.574147E-4	8.562892E-5
47	118	1	1.574147E-4	8.562892E-5	47	119	0	2.357176E-4	9.580067E-5
47	120	0	4.878348E-5	3.100637E-5	47	120	1	4.878348E-5	3.100636E-5
47	121	0	3.529451E-5	2.246439E-5	47	122	0	3.179575E-6	2.034962E-6
47	122	1	3.179575E-6	2.034962E-6	47	123	0	7.34938E-7	4.703667E-7
47	124	0	9.40934E-12	6.02198E-12	47	125	0	9.28936E-13	5.94519E-13
47	126	0	6.15957E-14	3.94213E-14	47	129	0	7.3749E-17	4.71994E-17
47	130	0	2.26984E-10	1.4527E-10	47	131	0	5.51309E-12	3.52838E-12
48	108	0	1.40991E-14	9.02338E-15	48	114	0	6.479556E-9	4.146916E-9
48	115	0	5.12965E-8	3.282973E-8	48	115	1	1.929876E-7	1.235117E-7
48	116	0	3.439764E-6	2.20138E-6	48	117	0	7.179865E-6	4.594164E-6
48	117	1	2.701327E-5	1.724708E-5	48	118	0	1.412048E-4	7.962544E-5
48	119	0	1.348267E-4	7.749101E-5	48	119	1	1.348267E-4	7.749101E-5
48	120	0	3.917007E-4	4.872733E-5	48	121	0	1.863663E-4	9.69355E-5
48	121	1	1.863663E-4	9.69355E-5	48	122	0	2.528239E-4	1.064045E-4
48	123	0	8.399661E-5	5.269054E-5	48	124	0	4.259466E-6	2.726168E-6
48	125	0	1.249895E-6	7.999439E-7	48	126	0	3.439736E-7	2.201447E-7
48	127	0	9.30935E-8	5.957991E-8	48	128	0	1.569889E-8	1.004727E-8
48	129	0	1.879873E-9	1.203119E-9	48	130	0	1.989803E-6	1.273514E-6
48	131	0	1.159858E-7	7.423142E-8	48	132	0	2.989796E-9	1.913472E-9
48	133	0	2.91766E-11	1.8673E-11	48	134	0	1.83988E-13	1.17752E-13
49	114	0	5.97958E-14	3.82693E-14	49	114	1	2.11985E-13	1.35671E-13
49	115	0	4.96965E-11	3.18058E-11	49	115	1	1.01993E-11	6.52756E-12
49	116	0	1.059925E-9	6.78353E-10	49	116	1	1.059925E-9	6.78353E-10
49	116	2	1.059925E-9	6.78353E-10	49	117	0	1.289915E-7	8.255419E-8
49	117	1	2.639815E-8	1.689484E-8	49	118	0	1.599884E-6	1.023911E-6
49	118	1	2.254843E-7	1.443095E-7	49	118	2	2.254843E-7	1.443095E-7
49	119	0	1.291871E-5	8.260819E-6	49	119	1	2.649796E-6	1.69582E-6
49	120	0	2.031816E-5	1.298717E-5	49	120	1	2.031816E-5	1.298717E-5
49	120	2	2.031816E-5	1.298717E-5	49	121	0	1.712934E-4	9.256836E-5
49	121	1	3.511816E-5	2.234504E-5	49	122	0	1.153451E-4	6.93943E-5
49	122	1	1.153451E-4	6.93943E-5	49	122	2	1.153451E-4	6.93943E-5
49	123	0	3.343166E-4	1.243723E-4	49	123	1	6.864911E-5	4.334808E-5
49	124	0	2.628246E-4	1.584249E-4	49	124	1	2.628246E-4	1.584249E-4
49	125	0	2.720344E-4	1.682906E-4	49	125	1	2.720344E-4	1.682906E-4
49	126	0	1.991985E-4	1.212297E-4	49	126	1	1.991985E-4	1.212297E-4
49	127	0	2.065308E-4	1.321099E-4	49	127	1	2.065302E-4	1.321126E-4
49	128	0	1.14947E-4	7.360089E-5	49	128	1	1.14947E-4	7.360089E-5
49	129	0	6.436855E-5	4.121213E-5	49	129	1	6.436963E-5	4.121218E-5
49	130	0	1.322336E-4	8.471333E-5	49	130	1	1.322336E-4	8.471333E-5
49	130	2	1.322336E-4	8.471333E-5	49	131	0	4.687284E-5	3.001679E-5
49	131	1	4.687346E-5	3.00168E-5	49	132	0	7.648707E-6	4.895656E-6
49	133	0	3.789425E-7	2.425245E-7	49	134	0	7.219497E-9	4.620479E-9
49	135	0	5.94082E-11	3.80213E-11	49	136	0	5.20964E-13	3.33417E-13
50	116	0	3.27977E-13	2.09905E-13	50	117	0	2.9948E-11	1.91667E-11
50	117	1	2.9948E-11	1.91667E-11	50	118	0	3.789735E-9	2.425434E-9
50	119	0	1.909872E-8	1.222318E-8	50	119	1	7.189501E-8	4.60128E-8
50	120	0	1.509902E-6	9.663255E-7	50	121	0	3.849699E-6	2.463653E-6
50	121	1	1.095896E-5	7.009782E-6	50	122	0	9.170358E-5	5.647751E-5
50	123	0	1.999115E-4	1.118997E-4	50	123	1	7.028367E-5	4.433379E-5
50	124	0	6.739482E-4	2.087364E-4	50	125	0	9.027387E-4	2.799621E-4
50	125	1	3.17612E-4	1.935635E-4	50	126	0	0.00222834	1.617284E-4
50	127	0	0.003223315	7.169683E-4	50	127	1	0.001134324	6.860013E-4
50	128	0	0.003827597	0.001748718	50	128	1	0.003827597	0.001748718
50	129	0	0.007901852	0.00253214	50	129	1	0.002790024	0.001705942
50	130	0	0.005352442	0.002879385	50	130	1	0.005352442	0.002879385
50	131	0	0.003333575	0.002065505	50	131	1	0.003333575	0.002065505
50	132	0	0.002252787	0.001442955	50	133	0	3.56473E-4	2.291052E-4
50	134	0	3.075575E-5	1.969143E-5	50	135	0	1.249835E-6	7.999063E-7
50	136	0	3.199773E-8	2.047852E-8	50	137	0	4.88966E-10	3.12938E-10
50	138	0	9.68933E-12	6.20117E-12	51	118	0	5.70961E-14	3.65415E-14
51	118	1	9.71933E-14	6.22037E-14	51	119	0	1.69988E-11	1.08792E-11
51	120	0	3.40976E-10	2.18225E-10	51	120	1	5.7996E-10	3.71174E-10
51	121	0	3.999725E-8	2.559819E-8	51	122	0	3.189778E-7	2.041452E-7
51	122	1	4.219715E-7	2.70061E-7	51	123	0	8.669484E-6	5.547187E-6
51	124	0	5.039657E-7	3.225376E-7	51	124	1	5.039657E-7	3.225376E-7
51	124	2	5.039657E-7	3.225376E-7	51	125	0	9.369629E-6	5.996133E-6
51	126	0	1.433763E-5	9.174555E-6	51	126	1	9.898686E-6	6.334771E-6
51	126	2	9.898686E-6	6.334771E-6	51	127	0	2.295096E-4	1.464031E-4
51	128	0	3.717345E-4	2.369348E-4	51	128	1	5.136946E-4	3.265008E-4
51	129	0	0.003658655	0.002117413	51	130	0	0.004484077	0.002520649
51	130	1	0.006888681	0.002051671	51	131	0	0.02192243	0.002999646
51	132	0	0.0101496	0.003006295	51	132	1	0.008866048	0.004170566
51	133	0	0.01163331	0.003394509	51	134	0	0.001515694	9.746208E-4
51	134	1	0.001515724	9.746415E-4	51	135	0	5.268276E-4	3.385361E-4
51	136	0	4.22068E-5	2.702525E-5	51	137	0	2.609718E-6	1.670285E-6
51	138	0	1.47989E-7	9.471334E-8	51	139	0	2.829804E-9	1.811078E-9
51	140	0	3.27446E-11	2.09565E-11	51	141	0	2.67822E-12	1.71406E-12
52	120	0	6.21957E-14	3.98052E-14	52	121	0	4.48969E-12	2.8734E-12
52	121	1	4.48969E-12	2.8734E-12	52	122	0	7.33949E-10	4.69727E-10
52	123	0	5.61961E-9	3.596557E-9	52	123	1	2.109851E-8	1.350311E-8
52	124	0	4.3597E-12	2.79021E-12	52	125	0	1.63989E-11	1.04953E-11
52	125	1	6.17957E-11	3.95493E-11	52	126	0	1.179919E-9	7.55148E-10
52	127	0	5.889596E-9	3.769336E-9	52	127	1	1.679883E-8	1.075126E-8
52	128	0	3.939743E-7	2.521429E-7	52	129	0	1.379928E-6	8.831392E-7
52	129	1	3.929878E-6	2.515029E-6	52	130	0	0.001985739	0.001223648
52	131	0	0.002531288	0.001560291	52	131	1	0.007295168	0.003336361
52	132	0	0.03014634	0.003906571	52	133	0	0.0122585	0.003524106
52	133	1	0.03139344	0.003178397	52	134	0	0.04448326	0.003686917
52	135	0	0.02050361	0.004729263	52	136	0	0.006340179	0.004071385
52	137	0	0.001138134	7.287996E-4	52	138	0	2.487651E-4	1.597434E-4
52	139	0	1.302703E-5	8.338612E-6	52	140	0	8.119016E-7	5.196231E-7
52	141	0	5.634535E-8	3.606105E-8	52	142	0	4.60968E-10	2.9502E-10
52	143	0	8.69907E-12	5.56741E-12	53	123	0	2.57982E-12	1.65109E-12
53	128	0	3.46976E-14	2.22065E-14	53	129	0	2.27984E-12	1.45909E-12
53	130	0	2.201501E-5	1.408544E-5	53	130	1	8.140335E-6	5.209239E-6
53	131	0	2.0102E-4	1.284069E-4	53	132	0	8.78864E-4	5.568745E-4
53	132	1	8.78864E-4	5.568745E-4	53	133	0	0.006653321	0.003651145
53	133	1	0.006653321	0.003651145	53	134	0	0.01200946	0.003280165
53	134	1	0.01158538	0.003203923	53	135	0	0.03923161	0.003860464
53	136	0	0.01578834	0.004822114	53	136	1	0.01577358	0.00481815
53	137	0	0.01875089	0.002325128	53	138	0	0.01020012	0.001096815
53	139	0	0.001903284	0.001228316	53	140	0	3.168301E-4	2.034357E-4
53	141	0	3.632997E-5	2.325823E-5	53	142	0	1.969816E-6	1.260716E-6
53	143	0	1.12983E-7	7.230934E-8	53	144	0	3.65756E-10	2.34084E-10
53	145	0	1.70145E-11	1.08893E-11	53	146	0	3.81483E-13	2.44149E-13
54	130	0	1.969869E-8	1.260716E-8	54	131	0	9.359369E-8	5.989979E-8
54	131	1	2.669822E-7	1.708683E-7	54	132	0	1.366171E-5	8.741786E-6
54	133	0	1.584307E-4	9.505738E-6	54	133	1	4.665156E-4	2.971615E-4
54	134	0	6.597648E-4	4.195786E-4	54	134	1	0.001797815	0.001121966
54	135	0	0.006140546	3.680269E-4	54	135	1	0.008875605	0.004390184
54	136	0	0.03000031	0.00688659	54	137	0	0.03658317	0.002191067
54	138	0	0.03699028	0.00141008	54	139	0	0.0288525	0.005772831
54	140	0	0.01575406	0.004590828	54	141	0	0.004648348	0.002908082
54	142	0	9.567825E-4	6.153993E-4	54	143	0	5.897919E-5	3.777216E-5
54	143	1	5.897821E-5	3.777215E-5	54	144	0	9.068084E-6	5.80416E-6
54	145	0	3.579569E-7	2.290931E-7	54	146	0	9.458961E-9	6.053736E-9
54	147	0	2.51725E-11	1.61104E-11	54	148	0	1.46989E-12	9.40734E-13
55	131	0	2.13985E-11	1.36951E-11	55	132	0	2.599816E-9	1.663885E-9
55	133	0	2.169855E-7	1.388709E-7	55	134	0	3.314906E-6	2.121452E-6
55	134	1	3.314906E-6	2.121452E-6	55	135	0	6.263444E-5	4.005757E-5
55	135	1	6.263444E-5	4.005757E-5	55	136	0	6.1816E-4	3.937066E-4
55	136	1	6.1816E-4	3.937066E-4	55	137	0	0.01007012	0.001493905
55	138	0	0.006825079	0.001064524	55	138	1	0.006793592	0.001931706
55	139	0	0.02295792	0.005702055	55	140	0	0.0273244	0.005853928
55	141	0	0.02600423	0.004594861	55	142	0	0.01254526	0.003214429
55	143	0	0.005288673	0.003316766	55	144	0	0.001133002	7.267952E-4
55	145	0	1.748393E-4	1.120466E-4	55	146	0	1.327725E-5	8.498598E-6
55	147	0	3.269392E-7	2.092423E-7	55	148	0	2.319839E-8	1.484693E-8
55	149	0	1.14539E-10	7.3305E-11	55	150	0	5.57961E-12	3.57096E-12
55	151	0	3.0829E-13	1.97306E-13	56	132	0	5.33963E-14	3.41737E-14
56	133	0	1.49989E-11	9.59933E-12	56	134	0	2.099852E-9	1.343912E-9
56	135	0	6.34957E-8	4.06372E-8	56	135	1	6.34957E-8	4.06372E-8
56	136	0	2.364909E-6	1.513492E-6	56	136	1	2.364909E-6	1.513492E-6
56	137	0	1.432093E-5	9.164143E-6	56	137	1	4.077316E-5	2.608408E-5
56	138	0	4.90111E-4	3.122887E-4	56	139	0	0.002435898	0.001512158
56	140	0	0.009519253	0.005012418	56	141	0	0.0200019	0.004023
56	142	0	0.03105965	0.003315347	56	143	0	0.02898332	0.005263602
56	144	0	0.0203793	0.00368924	56	145	0	0.00770784	0.003925739
56	146	0	0.002211275	0.001390968	56	147	0	3.410768E-4	2.18365E-4
56	148	0	4.024812E-5	2.577045E-5	56	149	0	2.409643E-6	1.54222E-6
56	150	0	1.109921E-7	7.103517E-8	56	151	0	6.485915E-9	4.150986E-9
56	152	0	4.10972E-11	2.63022E-11	56	153	0	4.85763E-13	3.10888E-13
57	135	0	3.85973E-12	2.47023E-12	57	137	0	2.179849E-8	1.395109E-8
57	138	0	5.389661E-7	3.449364E-7	57	139	0	9.510597E-6	6.085975E-6
57	140	0	9.87869E-5	6.316239E-5	57	141	0	6.936044E-4	4.40372E-4
57	142	0	0.002769462	0.001678724	57	143	0	0.00870946	0.004680395
57	144	0	0.01371317	0.003607911	57	145	0	0.01690895	0.004013718
57	146	0	0.005574049	0.002830049	57	146	1	0.005574049	0.002830049
57	147	0	0.005794712	0.00231855	57	148	0	0.001702828	0.001061384
57	149	0	3.886763E-4	2.490884E-4	57	150	0	4.87912E-5	3.124172E-5
57	151	0	4.182997E-6	2.677263E-6	57	152	0	1.979862E-7	1.267116E-7
57	153	0	6.309074E-9	4.037814E-9	57	154	0	1.00993E-10	6.46356E-11
57	155	0	1.17866E-12	7.54342E-13	57	156	0	3.16962E-14	2.02855E-14
58	137	0	6.79953E-13	4.3517E-13	58	138	0	6.68954E-11	4.2813E-11
58	139	0	8.45941E-10	5.41402E-10	58	139	1	2.409836E-9	1.54229E-9
58	140	0	5.539615E-8	1.772677E-8	58	141	0	2.459926E-6	1.574289E-6
58	142	0	3.676333E-5	2.351824E-5	58	143	0	2.893814E-4	1.846459E-4
58	144	0	0.001670728	0.001041144	58	145	0	0.005150189	0.002914168
58	146	0	0.01081696	0.0022354	58	147	0	0.01251896	0.002275549
58	148	0	0.01163323	0.001597457	58	149	0	0.006344275	0.002001797
58	150	0	0.002733039	0.001586294	58	151	0	6.155013E-4	3.92943E-4
58	152	0	1.089365E-4	6.973965E-5	58	153	0	9.588227E-6	6.137143E-6
58	154	0	5.789555E-7	3.705339E-7	58	155	0	2.479711E-8	1.587018E-8
58	156	0	7.85913E-10	5.02985E-10	58	157	0	1.22992E-11	7.87145E-12
58	158	0	1.29991E-13	8.31942E-14	58	159	0	2.89456E-15	1.85251E-15
59	139	0	3.28977E-14	2.10545E-14	59	140	0	3.53976E-12	2.26545E-12
59	141	0	2.60982E-10	1.67028E-10	59	142	0	5.799602E-9	3.711739E-9
59	142	1	5.799602E-9	3.711739E-9	59	143	0	3.549776E-7	2.271844E-7
59	144	0	5.099688E-7	3.263775E-7	59	144	1	5.16006E-6	3.302172E-6
59	145	0	6.473508E-5	4.139809E-5	59	146	0	3.641353E-4	2.320338E-4
59	147	0	0.001427268	8.813567E-4	59	148	0	0.001534112	9.472658E-4
59	148	1	0.001534112	9.472658E-4	59	149	0	0.005048134	0.001974001
59	150	0	0.005212156	0.001810785	59	151	0	0.003700527	0.001613135
59	152	0	0.001586752	8.12561E-4	59	153	0	4.953417E-4	3.136161E-4
59	154	0	7.704431E-5	4.928531E-5	59	155	0	1.215737E-5	7.781549E-6
59	156	0	1.009912E-6	6.463556E-7	59	157	0	5.809594E-8	3.718138E-8
59	158	0	1.649885E-9	1.055927E-9	59	159	0	3.75945E-11	2.40605E-11
59	160	0	3.26977E-13	2.09265E-13	59	161	0	4.71464E-15	3.01737E-15
60	142	0	4.01972E-13	2.57262E-13	60	143	0	3.50976E-11	2.24625E-11
60	144	0	5.67961E-10	1.81747E-10	60	145	0	7.539491E-8	4.825268E-8
60	146	0	1.669926E-6	1.068726E-6	60	147	0	1.718397E-5	1.09944E-5
60	148	0	1.34901E-4	8.62015E-5	60	149	0	6.044918E-4	3.834137E-4
60	150	0	0.001933221	0.001163841	60	151	0	0.003386296	0.001607508
60	152	0	0.004144321	8.168242E-4	60	153	0	0.002781343	6.291753E-4
60	154	0	0.001450429	4.168499E-4	60	155	0	5.529838E-4	3.23365E-4
60	156	0	1.561987E-4	9.885664E-5	60	157	0	2.282147E-5	1.460289E-5
60	158	0	2.329752E-6	1.491076E-6	60	159	0	1.399903E-7	8.959378E-8
60	160	0	4.509686E-9	2.8862E-9	60	161	0	9.91884E-11	6.34807E-11
60	162	0	2.08985E-12	1.33751E-12	60	163	0	1.62989E-14	1.04313E-14
61	144	0	1.95987E-14	1.25432E-14	61	145	0	2.66981E-12	1.70868E-12
61	146	0	1.73988E-10	1.11352E-10	61	147	0	7.039518E-9	4.505291E-9
61	148	0	4.12972E-8	2.643015E-8	61	148	1	1.119924E-7	7.167502E-8
61	149	0	2.519922E-6	1.612686E-6	61	150	0	2.225386E-5	1.423887E-5
61	151	0	1.273907E-4	8.142101E-5	61	152	0	1.361495E-4	8.695119E-5
61	152	1	1.361495E-4	8.695119E-5	61	152	2	1.361495E-4	8.695119E-5
61	153	0	9.282313E-4	5.625603E-4	61	154	0	5.043278E-4	3.065712E-4
61	154	1	5.043278E-4	3.065712E-4	61	155	0	0.00116751	3.655796E-4
61	156	0	7.217985E-4	3.133721E-4	61	157	0	3.351438E-4	1.905195E-4
61	158	0	8.185189E-5	5.16756E-5	61	159	0	1.696369E-5	1.083655E-5
61	160	0	1.399832E-6	8.958522E-7	61	161	0	1.109915E-7	7.103503E-8
61	162	0	6.219566E-9	3.980525E-9	61	163	0	1.84987E-10	1.18392E-10
61	164	0	3.61975E-12	2.31664E-12	61	165	0	5.04965E-14	3.23178E-14
61	166	0	7.01671E-16	4.49069E-16	61	167	0	9.88554E-18	6.32675E-18
62	147	0	2.25984E-13	1.4463E-13	62	148	0	1.95987E-11	1.25432E-11
62	149	0	9.42934E-10	6.03478E-10	62	150	0	3.239775E-8	2.073455E-8
62	151	0	5.349672E-7	3.423765E-7	62	152	0	6.089989E-6	3.897318E-6
62	153	0	3.564973E-5	2.280639E-5	62	154	0	1.299528E-4	8.282036E-5
62	155	0	3.471028E-4	2.142942E-4	62	156	0	6.454288E-4	3.115374E-4
62	157	0	6.371359E-4	1.932501E-4	62	158	0	4.648907E-4	8.086839E-5
62	159	0	2.145597E-4	7.604403E-5	62	160	0	5.707653E-5	3.012829E-5
62	161	0	1.1052E-5	6.936103E-6	62	162	0	2.14953E-6	1.374087E-6
62	163	0	1.699847E-7	1.087894E-7	62	164	0	1.209915E-8	7.743457E-9
62	165	0	4.49969E-10	2.8798E-10	62	166	0	1.73981E-11	1.11348E-11
62	167	0	2.07975E-13	1.33104E-13	62	169	0	1.09315E-17	6.99621E-18
63	149	0	1.04993E-14	6.71954E-15	63	151	0	6.78953E-11	4.3453E-11
63	152	0	7.26617E-10	4.65034E-10	63	152	1	7.26617E-10	4.65034E-10
63	152	2	7.26617E-10	4.65034E-10	63	153	0	4.489692E-8	2.873401E-8
63	154	0	2.359845E-7	1.510291E-7	63	154	1	2.359845E-7	1.510291E-7
63	155	0	4.489876E-6	2.873385E-6	63	156	0	2.009084E-5	1.285406E-5
63	157	0	6.354751E-5	4.050604E-5	63	158	0	1.024733E-4	6.409702E-5
63	159	0	1.408515E-4	7.557668E-5	63	160	0	7.982483E-5	3.110699E-5
63	161	0	4.669913E-5	1.61097E-5	63	162	0	2.060145E-5	1.148065E-5
63	163	0	5.50607E-6	3.417927E-6	63	164	0	9.647446E-7	6.157331E-7
63	165	0	1.25984E-7	8.061526E-8	63	166	0	1.269905E-8	8.127397E-9
63	167	0	5.54961E-10	3.55176E-10	63	168	0	8.91938E-12	5.7084E-12
63	169	0	1.4198E-13	9.08667E-14	63	171	0	7.08146E-18	4.53214E-18
64	152	0	8.48941E-14	5.43322E-14	64	153	0	5.01965E-12	3.21258E-12
64	154	0	2.01986E-10	1.29271E-10	64	155	0	5.23964E-9	3.353369E-9
64	156	0	1.319912E-8	4.223718E-9	64	157	0	6.909564E-7	4.422093E-7
64	158	0	3.739814E-6	2.393365E-6	64	159	0	1.216894E-5	7.779597E-6
64	160	0	2.171779E-5	1.357885E-5	64	161	0	2.7681E-5	1.537114E-5
64	162	0	3.615111E-5	1.154767E-5	64	163	0	2.121812E-5	4.288324E-6
64	164	0	1.140344E-5	3.036977E-6	64	165	0	3.434195E-6	1.765984E-6
64	166	0	1.149135E-6	7.041384E-7	64	167	0	1.259722E-7	8.042582E-8
64	168	0	7.199278E-9	4.607297E-9	64	169	0	2.99978E-10	1.91987E-10
64	170	0	8.45941E-12	5.41402E-12	64	171	0	1.48982E-13	9.53488E-14
65	155	0	1.84987E-13	1.18392E-13	65	156	0	7.73946E-12	4.95325E-12
65	156	1	7.65948E-13	4.90206E-13	65	157	0	2.42983E-10	1.55509E-10
65	158	0	3.139778E-9	2.009454E-9	65	158	1	3.10979E-10	1.99026E-10
65	159	0	4.029723E-8	2.579018E-8	65	160	0	1.809871E-7	1.158319E-7
65	161	0	7.7692E-7	4.971967E-7	65	162	0	1.179845E-6	7.548468E-7
65	162	1	1.179845E-6	7.548468E-7	65	163	0	4.407633E-6	2.767025E-6
65	164	0	5.104638E-6	2.987485E-6	65	165	0	4.550014E-6	1.783665E-6
65	166	0	3.293355E-6	1.163495E-6	65	167	0	1.118407E-6	5.513573E-7
65	168	0	1.498936E-7	9.247936E-8	65	169	0	2.118836E-8	1.34725E-8
65	170	0	1.499743E-9	9.59374E-10	65	171	0	9.51923E-11	6.09228E-11
65	172	0	2.8198E-12	1.80468E-12	66	158	0	3.56976E-13	2.28464E-13
66	159	0	1.11992E-11	7.1675E-12	66	160	0	1.83988E-10	1.17752E-10
66	161	0	2.769807E-9	1.77268E-9	66	162	0	2.229843E-8	1.427096E-8
66	163	0	1.059914E-7	6.783459E-8	66	164	0	4.089407E-7	2.616029E-7
66	165	0	7.357001E-7	4.671485E-7	66	165	1	9.998844E-8	6.3986E-8
66	166	0	1.847877E-6	1.046355E-6	66	167	0	1.337753E-6	5.52831E-7
66	168	0	5.327521E-7	1.020181E-7	66	169	0	1.643739E-7	4.198864E-8
66	170	0	3.690601E-8	1.278489E-8	66	171	0	5.565759E-9	3.356446E-9
66	172	0	5.64727E-10	3.59217E-10	67	161	0	2.01986E-13	1.29271E-13
67	161	1	2.74981E-14	1.75988E-14	67	162	0	1.32991E-12	8.51141E-13
67	162	1	3.60975E-12	2.31024E-12	67	163	0	7.80946E-11	4.99805E-11
67	163	1	1.06992E-11	6.84753E-12	67	164	0	2.38984E-10	1.52949E-10
67	164	1	6.45956E-10	4.13412E-10	67	165	0	6.349545E-9	4.063718E-9
67	166	0	9.269312E-9	5.932375E-9	67	166	1	2.509795E-8	1.606254E-8
67	167	0	8.158642E-8	5.21638E-8	67	168	0	7.307226E-8	4.637978E-8
67	169	0	6.809032E-8	4.038447E-8	67	170	0	1.628112E-8	9.687633E-9
67	170	1	1.628112E-8	9.687633E-9	67	171	0	1.457247E-8	4.393952E-9
67	172	0	3.291786E-9	1.575375E-9	68	164	0	2.19985E-13	1.40791E-13
68	165	0	4.19971E-12	2.68781E-12	68	166	0	8.27942E-11	5.29884E-11
68	167	0	4.44969E-10	2.8478E-10	68	167	1	6.05958E-11	3.87813E-11
68	168	0	1.569879E-9	1.004723E-9	68	169	0	3.539474E-9	2.265005E-9
68	170	0	5.447636E-9	3.460853E-9	68	171	0	5.425957E-9	3.282448E-9
68	172	0	3.639985E-9	1.579753E-9	69	167	0	1.00993E-13	6.46356E-14
69	168	0	8.27942E-13	5.29884E-13	69	169	0	6.73953E-12	4.3133E-12
69	170	0	2.63981E-11	1.68948E-11	69	171	0	9.03927E-11	5.78511E-11
69	172	0	1.44974E-10	9.27538E-11	70	170	0	1.52989E-14	9.79132E-15
70	171	0	1.37991E-13	8.83139E-14	70	172	0	7.89945E-13	5.05565E-13