Z	A	FPS	Yield	Uncertainty	Z	A	FPS	Yield	Uncertainty
23	66	0	3.59683E-18	2.30197E-18	24	66	0	8.91852E-14	5.70779E-14
24	69	0	4.8496E-17	3.10374E-17	25	66	0	4.06096E-11	2.58519E-11
25	67	0	1.58082E-11	1.01106E-11	25	68	0	3.08969E-12	1.97734E-12
25	69	0	6.29866E-13	4.03114E-13	25	70	0	5.25929E-14	3.36594E-14
25	72	0	1.8347E-16	1.17421E-16	26	66	0	3.183134E-9	1.358545E-9
26	67	0	2.555715E-9	1.479336E-9	26	68	0	1.637707E-9	1.029883E-9
26	69	0	8.51859E-10	5.43922E-10	26	70	0	2.61042E-10	1.67017E-10
26	71	0	3.84955E-11	2.46367E-11	26	72	0	4.5492E-12	2.91148E-12
26	73	0	1.50979E-13	9.66267E-14	26	75	0	3.04832E-16	1.95093E-16
27	66	0	7.610217E-9	1.570608E-9	27	67	0	2.213427E-8	5.829232E-9
27	68	0	2.7655E-8	1.323345E-8	27	69	0	4.363755E-8	2.481222E-8
27	70	0	3.11376E-8	1.923336E-8	27	71	0	1.592185E-8	1.010987E-8
27	72	0	4.884434E-9	3.122778E-9	27	73	0	5.95964E-10	3.81388E-10
27	74	0	7.14905E-11	4.57537E-11	27	75	0	3.95916E-12	2.53386E-12
27	76	0	1.98972E-13	1.27343E-13	27	77	0	9.83735E-15	6.2959E-15
28	66	0	2.142091E-9	1.038015E-9	28	67	0	1.723168E-8	5.793813E-9
28	68	0	8.780432E-8	1.343868E-8	28	69	0	3.305077E-7	4.352551E-8
28	70	0	7.830798E-7	1.436645E-7	28	71	0	7.914522E-7	3.447593E-7
28	72	0	7.135692E-7	4.016321E-7	28	73	0	2.011691E-7	1.259551E-7
28	74	0	8.474199E-8	5.407143E-8	28	75	0	1.270265E-8	8.126889E-9
28	76	0	2.369753E-9	1.51659E-9	28	77	0	2.06963E-10	1.32455E-10
28	78	0	1.16984E-11	7.48698E-12	28	79	0	3.80271E-13	2.43373E-13
29	66	0	2.05593E-11	1.31182E-11	29	67	0	4.88209E-10	3.06415E-10
29	68	0	1.410632E-9	8.89237E-10	29	68	1	3.911811E-9	2.401279E-9
29	69	0	6.996436E-8	3.702215E-8	29	70	0	7.238315E-8	4.268904E-8
29	70	1	3.030971E-7	1.377459E-7	29	71	0	1.700493E-6	3.620171E-7
29	72	0	3.700029E-6	1.024489E-6	29	73	0	3.129391E-6	1.351179E-6
29	74	0	2.743717E-6	1.580762E-6	29	75	0	1.377592E-6	8.487117E-7
29	76	0	6.380881E-7	4.050076E-7	29	77	0	2.062376E-7	1.31822E-7
29	78	0	3.069836E-8	1.964537E-8	29	79	0	4.938981E-9	3.160923E-9
29	80	0	2.66963E-10	1.70857E-10	29	81	0	1.08985E-11	6.97505E-12
29	82	0	2.01972E-13	1.29263E-13	29	83	0	1.05502E-14	6.75213E-15
30	66	0	3.0696E-14	1.96454E-14	30	67	0	1.91989E-12	1.22863E-12
30	68	0	7.26469E-11	4.64576E-11	30	69	0	3.53293E-10	2.25889E-10
30	69	1	1.727852E-9	1.100617E-9	30	70	0	3.58639E-8	2.203474E-8
30	71	0	4.930727E-8	3.082229E-8	30	71	1	2.614435E-7	1.478633E-7
30	72	0	2.650813E-6	1.004259E-6	30	73	0	5.823697E-6	1.362075E-6
30	74	0	1.770194E-5	1.871977E-6	30	75	0	2.074661E-5	4.817735E-6
30	76	0	2.909744E-5	1.140317E-5	30	77	0	2.00901E-5	1.138515E-5
30	78	0	9.683962E-6	6.048534E-6	30	79	0	4.051418E-6	2.578646E-6
30	80	0	7.951464E-7	5.087302E-7	30	81	0	8.85901E-8	5.669624E-8
30	82	0	6.529125E-9	4.178633E-9	30	83	0	2.2196E-10	1.42054E-10
30	84	0	5.76921E-12	3.6923E-12	30	85	0	1.52416E-13	9.75463E-14
31	68	0	2.43967E-14	1.56138E-14	31	69	0	2.53968E-12	1.62538E-12
31	70	0	1.08999E-10	6.97506E-11	31	71	0	3.114218E-9	1.990116E-9
31	72	0	2.601712E-8	1.657322E-8	31	72	1	2.601712E-8	1.657322E-8
31	73	0	3.589065E-7	2.208242E-7	31	74	0	1.217936E-6	7.455203E-7
31	74	1	1.217936E-6	7.455203E-7	31	75	0	1.060887E-5	4.775953E-6
31	76	0	3.794158E-5	1.156762E-5	31	77	0	9.662834E-5	2.138824E-5
31	78	0	9.791987E-5	4.433669E-5	31	79	0	1.354475E-4	6.958973E-5
31	80	0	5.782391E-5	3.598184E-5	31	81	0	2.291706E-5	1.456074E-5
31	82	0	4.625215E-6	2.956379E-6	31	83	0	6.11986E-7	3.916264E-7
31	84	0	4.509396E-8	2.886005E-8	31	85	0	1.979575E-9	1.266929E-9
31	86	0	4.43939E-11	2.84121E-11	31	87	0	1.22135E-12	7.81665E-13
32	70	0	4.00945E-14	2.56605E-14	32	71	0	1.50979E-12	9.66267E-13
32	71	1	1.50979E-12	9.66267E-13	32	72	0	1.82981E-10	1.17104E-10
32	73	0	2.580364E-9	1.650975E-9	32	73	1	5.27958E-10	3.37874E-10
32	74	0	7.247393E-8	4.626492E-8	32	75	0	7.835329E-8	5.004064E-8
32	75	1	5.82757E-7	3.671067E-7	32	76	0	7.276851E-6	4.221371E-6
32	77	0	3.904384E-5	1.924098E-5	32	77	1	4.621082E-6	2.881371E-6
32	78	0	1.720418E-4	4.463209E-5	32	79	0	2.628331E-4	1.007614E-4
32	79	1	2.628331E-4	1.007614E-4	32	80	0	7.744403E-4	1.486781E-4
32	81	0	6.786267E-4	2.856356E-4	32	82	0	4.584001E-4	2.426795E-4
32	83	0	1.44758E-4	9.108749E-5	32	84	0	3.986149E-5	2.542099E-5
32	85	0	5.000057E-6	3.19956E-6	32	86	0	4.529358E-7	2.898804E-7
32	87	0	2.569525E-8	1.644496E-8	32	88	0	7.55897E-10	4.83773E-10
32	89	0	9.85316E-12	6.30602E-12	32	90	0	1.09778E-12	7.02577E-13
33	72	0	1.4498E-14	9.27873E-15	33	73	0	9.13875E-13	5.8488E-13
33	74	0	1.50979E-11	9.66268E-12	33	74	1	4.08945E-11	2.61724E-11
33	75	0	1.869842E-9	1.196639E-9	33	76	0	4.842296E-8	3.097181E-8
33	77	0	9.487944E-7	6.040349E-7	33	78	0	7.795322E-6	4.8893E-6
33	79	0	8.505804E-5	4.760458E-5	33	80	0	2.748502E-4	1.452012E-4
33	81	0	8.820342E-4	2.873239E-4	33	82	0	6.789114E-4	3.120465E-4
33	82	1	6.789114E-4	3.120465E-4	33	83	0	0.001531861	6.047027E-4
33	84	0	4.733889E-4	2.8292E-4	33	84	1	4.733713E-4	2.828924E-4
33	85	0	4.264799E-4	2.66301E-4	33	86	0	1.047508E-4	6.69436E-5
33	87	0	2.271981E-5	1.45258E-5	33	88	0	1.929674E-6	1.235034E-6
33	89	0	1.279725E-7	8.190257E-8	33	90	0	1.209755E-8	7.74246E-9
33	91	0	5.22758E-11	3.34565E-11	33	92	0	2.35487E-12	1.50712E-12
34	75	0	4.44939E-13	2.84761E-13	34	76	0	4.25943E-11	2.72603E-11
34	77	0	3.0096E-10	1.92614E-10	34	77	1	2.209724E-9	1.414213E-9
34	78	0	6.450178E-8	4.127438E-8	34	79	0	1.46294E-6	9.342629E-7
34	79	1	1.980313E-7	1.267029E-7	34	80	0	1.777435E-5	1.126477E-5
34	81	0	1.442854E-5	9.181613E-6	34	81	1	1.095904E-4	6.691543E-5
34	82	0	7.653569E-4	3.284028E-4	34	83	0	0.001625524	6.053653E-4
34	83	1	2.849474E-4	1.726329E-4	34	84	0	0.004138355	4.557372E-4
34	85	0	0.002095698	9.952155E-4	34	85	1	0.002090259	9.940047E-4
34	86	0	0.003714927	0.001308484	34	87	0	0.002108907	9.367781E-4
34	88	0	5.763693E-4	3.689554E-4	34	89	0	1.082608E-4	6.912043E-5
34	90	0	1.489019E-5	9.533348E-6	34	91	0	1.099733E-6	7.038702E-7
34	92	0	5.838939E-8	3.736938E-8	34	93	0	3.77961E-10	2.41895E-10
34	94	0	2.45967E-11	1.57418E-11	34	95	0	2.26959E-12	1.45254E-12
35	77	0	3.86947E-14	2.47646E-14	35	77	1	1.4498E-13	9.27873E-14
35	78	0	1.26983E-11	8.12689E-12	35	79	0	2.56965E-10	1.64458E-10
35	79	1	9.67869E-10	6.19435E-10	35	80	0	7.449016E-9	4.76735E-9
35	80	1	2.639676E-8	1.68937E-8	35	81	0	8.341813E-7	5.336876E-7
35	82	0	8.255957E-6	5.266337E-6	35	82	1	3.043283E-6	1.945333E-6
35	83	0	1.020483E-4	6.393993E-5	35	84	0	1.676009E-4	1.039091E-4
35	84	1	3.678233E-4	2.190747E-4	35	85	0	0.002240207	9.99552E-4
35	86	0	0.001988594	0.001020542	35	86	1	0.002034057	0.001036793
35	87	0	0.006876617	9.881376E-4	35	88	0	0.005456449	0.001967156
35	89	0	0.003778979	0.001543039	35	90	0	0.001153311	7.317092E-4
35	91	0	3.231886E-4	2.088466E-4	35	92	0	4.776053E-5	3.063885E-5
35	93	0	4.907508E-6	3.141726E-6	35	94	0	2.309647E-7	1.478194E-7
35	95	0	2.947723E-8	1.886547E-8	35	96	0	2.26969E-10	1.4526E-10
35	97	0	5.79786E-12	3.71063E-12	36	79	0	3.62451E-14	2.31969E-14
36	79	1	3.62451E-14	2.31969E-14	36	80	0	7.47898E-12	4.78655E-12
36	81	0	4.43939E-10	2.84121E-10	36	81	1	6.05917E-11	3.87787E-11
36	82	0	2.639666E-8	1.68937E-8	36	83	0	5.289935E-7	3.38514E-7
36	83	1	1.079879E-7	6.91106E-8	36	84	0	1.192925E-5	7.614875E-6
36	85	0	9.58038E-5	6.05875E-5	36	85	1	1.94434E-5	1.241411E-5
36	86	0	8.178338E-4	4.756114E-4	36	87	0	0.002374075	6.503018E-4
36	88	0	0.007986733	0.001827175	36	89	0	0.01210675	0.001338187
36	90	0	0.01370967	0.002555537	36	91	0	0.009189487	0.003553541
36	92	0	0.004204514	0.002799007	36	93	0	0.0012935	8.631281E-4
36	94	0	2.402143E-4	1.553962E-4	36	95	0	3.073907E-5	1.970962E-5
36	96	0	2.46917E-6	1.580581E-6	36	97	0	1.219761E-7	7.806558E-8
36	98	0	3.84947E-9	2.463666E-9	36	99	0	3.58039E-11	2.29145E-11
36	100	0	9.96863E-13	6.37994E-13	37	83	0	1.30982E-10	8.38285E-11
37	84	0	6.849078E-9	4.383402E-9	37	85	0	1.139895E-6	3.647503E-7
37	86	0	2.365476E-6	1.51339E-6	37	86	1	2.365476E-6	1.51339E-6
37	87	0	6.623092E-5	4.184033E-5	37	88	0	4.281803E-4	2.641247E-4
37	89	0	0.002921909	8.161613E-4	37	90	0	0.001028933	6.270788E-4
37	90	1	0.005820668	0.002508355	37	91	0	0.01426228	0.003436966
37	92	0	0.01574779	0.003620566	37	93	0	0.0144085	0.003361537
37	94	0	0.005942854	0.003333872	37	95	0	0.002640474	0.001821602
37	96	0	5.854976E-4	3.862104E-4	37	97	0	1.070562E-4	6.896249E-5
37	98	0	9.261852E-6	5.931991E-6	37	99	0	4.650004E-7	2.976137E-7
37	100	0	2.479658E-8	1.58698E-8	37	101	0	2.21935E-10	1.42038E-10
37	102	0	9.59692E-12	6.14203E-12	37	103	0	1.044E-12	6.68156E-13
38	84	0	4.3494E-13	2.78362E-13	38	85	0	2.42467E-11	1.55179E-11
38	85	1	2.42467E-11	1.55179E-11	38	86	0	3.579516E-9	2.290889E-9
38	87	0	1.139874E-7	7.295005E-8	38	87	1	2.339695E-8	1.497392E-8
38	88	0	3.390892E-6	2.169304E-6	38	89	0	5.092863E-5	3.233237E-5
38	90	0	4.684036E-4	2.892483E-4	38	91	0	0.002931018	0.001569939
38	92	0	0.01140525	0.003450533	38	93	0	0.02198079	0.003314336
38	94	0	0.0295378	0.003168685	38	95	0	0.02921542	0.004267005
38	96	0	0.01774272	0.004813221	38	97	0	0.006115872	0.005046643
38	98	0	0.002265299	0.001626874	38	99	0	4.706749E-4	3.108132E-4
38	100	0	6.704658E-5	4.312981E-5	38	101	0	4.667103E-6	2.988253E-6
38	102	0	2.379519E-7	1.52293E-7	38	103	0	2.196393E-8	1.405693E-8
38	104	0	8.58883E-11	5.49685E-11	38	105	0	3.63664E-12	2.32744E-12
39	87	0	8.94878E-12	5.72722E-12	39	88	0	6.44912E-10	4.12744E-10
39	89	0	6.369141E-9	4.076245E-9	39	89	1	3.109599E-8	1.990122E-8
39	90	0	4.869593E-7	3.116381E-7	39	90	1	4.869593E-7	3.116381E-7
39	91	0	9.853216E-6	6.299939E-6	39	91	1	9.853216E-6	6.299939E-6
39	92	0	2.036336E-4	1.284271E-4	39	93	0	7.894852E-4	4.807041E-4
39	93	1	7.894852E-4	4.807041E-4	39	94	0	0.007956946	0.002157786
39	95	0	0.01570445	0.00402488	39	96	0	0.002114194	0.001309405
39	96	1	0.02214567	0.004910199	39	97	0	0.01486745	0.007404466
39	97	1	0.01487031	0.007406819	39	98	0	0.009951432	0.002942464
39	98	1	0.009980268	0.002968578	39	99	0	0.01140566	0.003851103
39	100	0	0.003576265	0.00275812	39	101	0	0.001054743	7.237026E-4
39	102	0	1.567277E-4	1.014358E-4	39	103	0	1.414937E-5	9.066296E-6
39	104	0	6.518688E-7	4.172234E-7	39	105	0	4.723235E-8	3.022881E-8
39	106	0	1.27825E-10	8.18076E-11	39	107	0	5.67979E-12	3.63507E-12
39	108	0	6.08881E-14	3.89684E-14	40	88	0	1.31982E-14	8.44684E-15
40	89	0	2.27969E-12	1.459E-12	40	90	0	1.17484E-10	7.51898E-11
40	90	1	1.17484E-10	7.51898E-11	40	91	0	1.389818E-8	8.894789E-9
40	92	0	5.439568E-7	3.481128E-7	40	93	0	1.148126E-5	7.339794E-6
40	94	0	1.483094E-4	9.373548E-5	40	95	0	9.890565E-4	5.940216E-4
40	96	0	0.006255272	0.003050017	40	97	0	0.01615909	0.004350337
40	98	0	0.03175045	0.003498795	40	99	0	0.04094414	0.005155764
40	100	0	0.03925715	0.006841513	40	101	0	0.02203988	0.006686736
40	102	0	0.01157307	0.004085794	40	103	0	0.002661117	0.002022906
40	104	0	5.357355E-4	3.56533E-4	40	105	0	4.916362E-5	3.158132E-5
40	106	0	3.168544E-6	2.028437E-6	40	107	0	1.194923E-7	7.647603E-8
40	108	0	1.50973E-9	9.66229E-10	41	91	0	2.9396E-13	1.88135E-13
41	92	0	3.28955E-11	2.10531E-11	41	93	0	2.339683E-9	1.497392E-9
41	93	1	4.78935E-10	3.06518E-10	41	94	0	6.339184E-8	4.057048E-8
41	94	1	3.729504E-8	2.386875E-8	41	95	0	1.920117E-6	1.228635E-6
41	95	1	3.93962E-7	2.521259E-7	41	96	0	3.379499E-5	2.157139E-5
41	97	0	2.638856E-4	1.659634E-4	41	97	1	5.331333E-5	3.399844E-5
41	98	0	0.001397326	8.339583E-4	41	98	1	3.7725E-4	2.370113E-4
41	99	0	5.539675E-4	3.476246E-4	41	99	1	0.007651675	0.003807535
41	100	0	0.009860561	0.004923698	41	100	1	0.009860561	0.004923698
41	101	0	0.03450213	0.006943963	41	102	0	0.01612571	0.008628217
41	102	1	0.01612571	0.008628217	41	103	0	0.02455456	0.006068956
41	104	0	0.004777313	0.003719307	41	104	1	0.004768805	0.003716401
41	105	0	0.003270699	0.002439996	41	106	0	6.455858E-4	4.28908E-4
41	107	0	7.664256E-5	4.932387E-5	41	108	0	3.538582E-6	2.265292E-6
41	109	0	3.97946E-13	2.54686E-13	41	111	0	1.21991E-16	7.80746E-17
41	112	0	3.3948E-18	2.17267E-18	41	114	0	2.04036E-13	1.30582E-13
42	93	0	2.68963E-14	1.72137E-14	42	93	1	2.68963E-14	1.72137E-14
42	94	0	7.68895E-12	4.92092E-12	42	95	0	4.93932E-10	3.16117E-10
42	96	0	2.709636E-8	1.734164E-8	42	97	0	6.82954E-7	4.370603E-7
42	98	0	1.303221E-5	8.331649E-6	42	99	0	1.323286E-4	8.39221E-5
42	100	0	0.001158345	6.96047E-4	42	101	0	0.00699464	0.003490469
42	102	0	0.02073542	0.00545362	42	103	0	0.03634336	0.00598215
42	104	0	0.04531883	0.005842966	42	105	0	0.03125923	0.00486223
42	106	0	0.01707785	0.004533865	42	107	0	0.004328333	0.003248555
42	108	0	9.320669E-4	6.185365E-4	42	109	0	1.609641E-6	1.030259E-6
42	110	0	9.538678E-8	6.104765E-8	42	111	0	3.10958E-9	1.990122E-9
42	112	0	1.01986E-10	6.52711E-11	42	113	0	8.45068E-14	5.40844E-14
42	114	0	5.059118E-9	3.237824E-9	42	115	0	2.13782E-12	1.3682E-12
42	116	0	1.18984E-13	7.61497E-14	43	97	0	2.2197E-11	1.42061E-11
43	97	1	2.2197E-11	1.42061E-11	43	98	0	2.329684E-9	1.490993E-9
43	99	0	7.259061E-8	4.645765E-8	43	99	1	1.489795E-8	9.534687E-9
43	100	0	1.920081E-6	1.228635E-6	43	101	0	3.71157E-5	2.368951E-5
43	102	0	1.584449E-4	1.00418E-4	43	102	1	1.584449E-4	1.00418E-4
43	103	0	0.002292397	0.001325486	43	104	0	0.008085241	0.004000201
43	105	0	0.01664768	0.004415433	43	106	0	0.02063357	0.004571383
43	107	0	0.01747995	0.004285155	43	108	0	0.007057133	0.002857312
43	109	0	0.001834286	0.001161869	43	110	0	4.201461E-4	2.646864E-4
43	111	0	7.84984E-5	5.021611E-5	43	112	0	9.394774E-6	6.008667E-6
43	113	0	1.330159E-6	8.510828E-7	43	114	0	2.913252E-6	1.86213E-6
43	115	0	2.77663E-8	1.777018E-8	43	116	0	1.51979E-9	9.72666E-10
43	117	0	5.84538E-12	3.74105E-12	43	118	0	1.40728E-13	9.0066E-14
43	119	0	2.46647E-15	1.57854E-15	44	98	0	4.50938E-14	2.88601E-14
44	99	0	4.57938E-12	2.9308E-12	44	100	0	3.86947E-10	2.47646E-10
44	101	0	2.039721E-8	1.305425E-8	44	102	0	6.919517E-7	4.428197E-7
44	103	0	1.294177E-5	8.274058E-6	44	104	0	1.53591E-4	9.733915E-5
44	105	0	9.328905E-4	5.666062E-4	44	106	0	0.004485791	0.002363494
44	107	0	0.009989355	0.004124482	44	108	0	0.01166417	0.002831662
44	109	0	0.004378745	0.001963408	44	109	1	0.004378745	0.001963408
44	110	0	0.006176149	2.863025E-4	44	111	0	0.003284286	3.296487E-4
44	112	0	0.001590624	2.959962E-4	44	113	0	7.06785E-4	2.869908E-4
44	114	0	2.330873E-4	1.263074E-4	44	115	0	2.948196E-5	1.853899E-5
44	116	0	2.142836E-6	1.369402E-6	44	117	0	1.229926E-7	7.870553E-8
44	118	0	3.489405E-9	2.233202E-9	44	119	0	5.18904E-11	3.32099E-11
44	120	0	5.25928E-13	3.36594E-13	44	121	0	9.08338E-15	5.81337E-15
45	101	0	5.8892E-14	3.76908E-14	45	101	1	2.87961E-13	1.84295E-13
45	102	0	1.68977E-11	1.08145E-11	45	102	1	1.68977E-11	1.08145E-11
45	103	0	3.04959E-10	1.95174E-10	45	103	1	2.239695E-9	1.4334E-9
45	104	0	1.869751E-8	1.196638E-8	45	104	1	6.629135E-8	4.242626E-8
45	105	0	1.630021E-6	1.043056E-6	45	105	1	2.219742E-7	1.420612E-7
45	106	0	1.102777E-5	7.051843E-6	45	106	1	1.102777E-5	7.051843E-6
45	107	0	1.714666E-4	1.08628E-4	45	108	0	2.939395E-4	1.848916E-4
45	108	1	2.939395E-4	1.848916E-4	45	109	0	7.59985E-5	4.846322E-5
45	109	1	7.59985E-5	4.846322E-5	45	110	0	1.451963E-4	9.172903E-5
45	110	1	1.451963E-4	9.172903E-5	45	111	0	5.354093E-4	3.260058E-4
45	112	0	5.238473E-4	2.959467E-4	45	113	0	7.642193E-4	2.869921E-4
45	114	0	6.231092E-4	1.686864E-4	45	115	0	3.686999E-4	1.633146E-4
45	116	0	7.938516E-5	4.748716E-5	45	117	0	2.096705E-5	1.312225E-5
45	118	0	1.9563E-6	1.247807E-6	45	119	0	1.310086E-7	8.38285E-8
45	120	0	4.369416E-9	2.796417E-9	45	121	0	1.17975E-10	7.55039E-11
45	122	0	1.57978E-12	1.01106E-12	45	123	0	1.29983E-14	8.31886E-15
46	103	0	3.91946E-14	2.50846E-14	46	104	0	5.23929E-12	3.35314E-12
46	105	0	3.31955E-10	2.12451E-10	46	106	0	1.529791E-8	9.790662E-9
46	107	0	1.00987E-7	6.463128E-8	46	107	1	2.259739E-7	1.446198E-7
46	108	0	4.341141E-6	2.777218E-6	46	109	0	1.17984E-9	7.55097E-10
46	109	1	2.61964E-9	1.676572E-9	46	110	0	3.889486E-8	2.489263E-8
46	111	0	8.758888E-8	5.605639E-8	46	111	1	1.949777E-7	1.247833E-7
46	112	0	1.240098E-6	7.934913E-7	46	113	0	5.468168E-6	3.493862E-6
46	114	0	2.565256E-4	1.344493E-4	46	115	0	5.644401E-4	1.626298E-4
46	116	0	5.664491E-4	6.26951E-5	46	117	0	4.784519E-4	1.160029E-4
46	118	0	1.715926E-4	7.818606E-5	46	119	0	2.91471E-5	1.781055E-5
46	120	0	4.093372E-6	2.610705E-6	46	121	0	3.561325E-7	2.278089E-7
46	122	0	2.119765E-8	1.35662E-8	46	123	0	5.64923E-10	3.61551E-10
47	106	0	6.12916E-14	3.92266E-14	47	106	1	1.65977E-13	1.06225E-13
47	107	0	2.47967E-12	1.58698E-12	47	107	1	1.81975E-11	1.16464E-11
47	108	0	3.77448E-10	2.41567E-10	47	108	1	3.77448E-10	2.41567E-10
47	111	1	3.82947E-14	2.45087E-14	47	112	0	7.54897E-13	4.83133E-13
47	113	0	2.1597E-12	1.38222E-12	47	113	1	1.57978E-11	1.01106E-11
47	114	0	3.406247E-6	2.175666E-6	47	115	0	1.628019E-5	1.030439E-5
47	115	1	1.628019E-5	1.030439E-5	47	116	0	4.883636E-5	2.996681E-5
47	116	1	4.883636E-5	2.996681E-5	47	117	0	1.731762E-4	8.8417E-5
47	117	1	1.731762E-4	8.8417E-5	47	118	0	2.028033E-4	8.562324E-5
47	118	1	2.028033E-4	8.562324E-5	47	119	0	3.24297E-4	9.579456E-5
47	120	0	5.088199E-5	3.100428E-5	47	120	1	5.088196E-5	3.100427E-5
47	121	0	3.713808E-5	2.246289E-5	47	122	0	3.192775E-6	2.034825E-6
47	122	1	3.192775E-6	2.034825E-6	47	123	0	7.35325E-7	4.703351E-7
47	124	0	9.40871E-12	6.02158E-12	47	125	0	9.28874E-13	5.94479E-13
47	126	0	6.15916E-14	3.94186E-14	47	129	0	7.3744E-17	4.71962E-17
47	130	0	2.26969E-10	1.4526E-10	47	131	0	5.51271E-12	3.52814E-12
48	108	0	1.40981E-14	9.02277E-15	48	114	0	6.479146E-9	4.146637E-9
48	115	0	5.129484E-8	3.282753E-8	48	115	1	1.930001E-7	1.235034E-7
48	116	0	3.449225E-6	2.201232E-6	48	117	0	7.238827E-6	4.593856E-6
48	117	1	2.78527E-5	1.724593E-5	48	118	0	1.782183E-4	7.962013E-5
48	119	0	1.641953E-4	7.748589E-5	48	119	1	1.641953E-4	7.748589E-5
48	120	0	5.320446E-4	4.872581E-5	48	121	0	2.389901E-4	9.692913E-5
48	121	1	2.389901E-4	9.692913E-5	48	122	0	3.400472E-4	1.063977E-4
48	123	0	8.99065E-5	5.268701E-5	48	124	0	4.264171E-6	2.725985E-6
48	125	0	1.250058E-6	7.998904E-7	48	126	0	3.440203E-7	2.2013E-7
48	127	0	9.308699E-8	5.957589E-8	48	128	0	1.569782E-8	1.004661E-8
48	129	0	1.879747E-9	1.203038E-9	48	130	0	1.989397E-6	1.273429E-6
48	131	0	1.159767E-7	7.422642E-8	48	132	0	2.989594E-9	1.913344E-9
48	133	0	2.91746E-11	1.86718E-11	48	134	0	1.83975E-13	1.17744E-13
49	114	0	5.97918E-14	3.82668E-14	49	114	1	2.11971E-13	1.35662E-13
49	115	0	4.96932E-11	3.18036E-11	49	115	1	1.01986E-11	6.52712E-12
49	116	0	1.059855E-9	6.78308E-10	49	116	1	1.059855E-9	6.78308E-10
49	116	2	1.059855E-9	6.78308E-10	49	117	0	1.290026E-7	8.254867E-8
49	117	1	2.639719E-8	1.689369E-8	49	118	0	1.604592E-6	1.023843E-6
49	118	1	2.255648E-7	1.442997E-7	49	118	2	2.255648E-7	1.442997E-7
49	119	0	1.319171E-5	8.260269E-6	49	119	1	2.661139E-6	1.695705E-6
49	120	0	2.070426E-5	1.29863E-5	49	120	1	2.070426E-5	1.29863E-5
49	120	2	2.070426E-5	1.29863E-5	49	121	0	2.16477E-4	9.256223E-5
49	121	1	3.70115E-5	2.234353E-5	49	122	0	1.337764E-4	6.938962E-5
49	122	1	1.337764E-4	6.938962E-5	49	122	2	1.337764E-4	6.938962E-5
49	123	0	4.315521E-4	1.243644E-4	49	123	1	7.2724E-5	4.334517E-5
49	124	0	2.83847E-4	1.584143E-4	49	124	1	2.83847E-4	1.584143E-4
49	125	0	2.858797E-4	1.682793E-4	49	125	1	2.858797E-4	1.682793E-4
49	126	0	2.238997E-4	1.212216E-4	49	126	1	2.238997E-4	1.212216E-4
49	127	0	2.064752E-4	1.32101E-4	49	127	1	2.066514E-4	1.321037E-4
49	128	0	1.147063E-4	7.359594E-5	49	128	1	1.147063E-4	7.359594E-5
49	129	0	6.423993E-5	4.120936E-5	49	129	1	6.424316E-5	4.120941E-5
49	130	0	1.315116E-4	8.470761E-5	49	130	1	1.315116E-4	8.470761E-5
49	130	2	1.315116E-4	8.470761E-5	49	131	0	4.671394E-5	3.001477E-5
49	131	1	4.671617E-5	3.001478E-5	49	132	0	7.643904E-6	4.895326E-6
49	133	0	3.789037E-7	2.425081E-7	49	134	0	7.219006E-9	4.620168E-9
49	135	0	5.94042E-11	3.80188E-11	49	136	0	5.20929E-13	3.33395E-13
50	116	0	3.27955E-13	2.09891E-13	50	117	0	2.99459E-11	1.91654E-11
50	117	1	2.99459E-11	1.91654E-11	50	118	0	3.789506E-9	2.425271E-9
50	119	0	1.909804E-8	1.222236E-8	50	119	1	7.189879E-8	4.60097E-8
50	120	0	1.512004E-6	9.662603E-7	50	121	0	3.872626E-6	2.463487E-6
50	121	1	1.114613E-5	7.009313E-6	50	122	0	1.035731E-4	5.647371E-5
50	123	0	2.356356E-4	1.118923E-4	50	123	1	7.469122E-5	4.433082E-5
50	124	0	8.249974E-4	2.08723E-4	50	125	0	0.001078415	2.799441E-4
50	125	1	3.392848E-4	1.935505E-4	50	126	0	0.002429565	1.617202E-4
50	127	0	0.00350529	7.16922E-4	50	127	1	0.001169084	6.859556E-4
50	128	0	0.003983035	0.001748601	50	128	1	0.003983035	0.001748601
50	129	0	0.007785958	0.00253197	50	129	1	0.002775619	0.001705827
50	130	0	0.004982792	0.00287919	50	130	1	0.004982792	0.00287919
50	131	0	0.002833686	0.002065364	50	131	1	0.002833686	0.002065364
50	132	0	0.002015478	0.001442857	50	133	0	3.467942E-4	2.290898E-4
50	134	0	3.067279E-5	1.96901E-5	50	135	0	1.249612E-6	7.998523E-7
50	136	0	3.199548E-8	2.047715E-8	50	137	0	4.88933E-10	3.12917E-10
50	138	0	9.68868E-12	6.20075E-12	51	118	0	5.70922E-14	3.65391E-14
51	118	1	9.71867E-14	6.21995E-14	51	119	0	1.69977E-11	1.08785E-11
51	120	0	3.40954E-10	2.1821E-10	51	120	1	5.79921E-10	3.71149E-10
51	121	0	3.999709E-8	2.559647E-8	51	122	0	3.191028E-7	2.041315E-7
51	122	1	4.221995E-7	2.700428E-7	51	123	0	8.73811E-6	5.546814E-6
51	124	0	5.040232E-7	3.225159E-7	51	124	1	5.040232E-7	3.225159E-7
51	124	2	5.040232E-7	3.225159E-7	51	125	0	9.390323E-6	5.995728E-6
51	126	0	1.447543E-5	9.173935E-6	51	126	1	9.964158E-6	6.334346E-6
51	126	2	9.964158E-6	6.334346E-6	51	127	0	2.323963E-4	1.463932E-4
51	128	0	3.770471E-4	2.369188E-4	51	128	1	5.238387E-4	3.264787E-4
51	129	0	0.004000671	0.002117269	51	130	0	0.004791774	0.002520478
51	130	1	0.007072568	0.002051533	51	131	0	0.02148481	0.00299944
51	132	0	0.009708428	0.003006093	51	132	1	0.00747985	0.004170278
51	133	0	0.009965428	0.00339427	51	134	0	0.001372165	9.745551E-4
51	134	1	0.00137225	9.74575E-4	51	135	0	5.098328E-4	3.385135E-4
51	136	0	4.207514E-5	2.702342E-5	51	137	0	2.608878E-6	1.670172E-6
51	138	0	1.479764E-7	9.470694E-8	51	139	0	2.829613E-9	1.810956E-9
51	140	0	3.27424E-11	2.09551E-11	51	141	0	2.67804E-12	1.71395E-12
52	120	0	6.21915E-14	3.98026E-14	52	121	0	4.48939E-12	2.87321E-12
52	121	1	4.48939E-12	2.87321E-12	52	122	0	7.33901E-10	4.69696E-10
52	123	0	5.619262E-9	3.596314E-9	52	123	1	2.109752E-8	1.35022E-8
52	124	0	4.3594E-12	2.79002E-12	52	125	0	1.63978E-11	1.04946E-11
52	125	1	6.17916E-11	3.95466E-11	52	126	0	1.179841E-9	7.55098E-10
52	127	0	5.889203E-9	3.769082E-9	52	127	1	1.679773E-8	1.075053E-8
52	128	0	3.939582E-7	2.521259E-7	52	129	0	1.379938E-6	8.830791E-7
52	129	1	3.930456E-6	2.51486E-6	52	130	0	0.002153241	0.001223565
52	131	0	0.002617906	0.001560184	52	131	1	0.007995287	0.003336129
52	132	0	0.03077765	0.003906303	52	133	0	0.01153821	0.003523863
52	133	1	0.03083883	0.003178182	52	134	0	0.04256207	0.003686655
52	135	0	0.01675926	0.004728908	52	136	0	0.004106006	0.004071092
52	137	0	0.001036826	7.287499E-4	52	138	0	2.428647E-4	1.597326E-4
52	139	0	1.30139E-5	8.338049E-6	52	140	0	8.117936E-7	5.195881E-7
52	141	0	5.634128E-8	3.605862E-8	52	142	0	4.60937E-10	2.95E-10
52	143	0	8.69849E-12	5.56703E-12	53	123	0	2.57964E-12	1.65097E-12
53	128	0	3.46953E-14	2.2205E-14	53	129	0	2.27969E-12	1.459E-12
53	130	0	2.204843E-5	1.40845E-5	53	130	1	8.144561E-6	5.208889E-6
53	131	0	2.026957E-4	1.283982E-4	53	132	0	9.088398E-4	5.56837E-4
53	132	1	9.088398E-4	5.56837E-4	53	133	0	0.007046657	0.003650894
53	133	1	0.007046657	0.003650894	53	134	0	0.01185512	0.003279941
53	134	1	0.01144167	0.003203704	53	135	0	0.03897742	0.003860202
53	136	0	0.01442666	0.004821784	53	136	1	0.01441448	0.004817816
53	137	0	0.01766365	0.002324961	53	138	0	0.009989768	0.001096741
53	139	0	0.001743743	0.001228233	53	140	0	3.111607E-4	2.03422E-4
53	141	0	3.624869E-5	2.325666E-5	53	142	0	1.969367E-6	1.260631E-6
53	143	0	1.129743E-7	7.230449E-8	53	144	0	3.65732E-10	2.34068E-10
53	145	0	1.70134E-11	1.08886E-11	53	146	0	3.81458E-13	2.44133E-13
54	130	0	1.969741E-8	1.260631E-8	54	131	0	9.358801E-8	5.989577E-8
54	131	1	2.669693E-7	1.708568E-7	54	132	0	1.36734E-5	8.741196E-6
54	133	0	1.584284E-4	9.5051E-6	54	133	1	4.745735E-4	2.971416E-4
54	134	0	6.700225E-4	4.195503E-4	54	134	1	0.001873002	0.001121891
54	135	0	0.006147635	3.680021E-4	54	135	1	0.01049763	0.004389867
54	136	0	0.03295161	0.006886079	54	137	0	0.03609683	0.002190911
54	138	0	0.03676867	0.001409984	54	139	0	0.02617941	0.005772424
54	140	0	0.01379152	0.004590507	54	141	0	0.003804366	0.002907883
54	142	0	9.026493E-4	6.153576E-4	54	143	0	5.875496E-5	3.776962E-5
54	143	1	5.875288E-5	3.776961E-5	54	144	0	9.061643E-6	5.803769E-6
54	145	0	3.579232E-7	2.290777E-7	54	146	0	9.458317E-9	6.053328E-9
54	147	0	2.51708E-11	1.61093E-11	54	148	0	1.4698E-12	9.4067E-13
55	131	0	2.13971E-11	1.36942E-11	55	132	0	2.599642E-9	1.663773E-9
55	133	0	2.16974E-7	1.388616E-7	55	134	0	3.315255E-6	2.121309E-6
55	134	1	3.315255E-6	2.121309E-6	55	135	0	6.282938E-5	4.005488E-5
55	135	1	6.282938E-5	4.005488E-5	55	136	0	6.314397E-4	3.9368E-4
55	136	1	6.314397E-4	3.9368E-4	55	137	0	0.01010148	0.001493804
55	138	0	0.006787517	0.001064452	55	138	1	0.006199492	0.001931555
55	139	0	0.02496778	0.005701655	55	140	0	0.02699139	0.005853534
55	141	0	0.02454658	0.004594543	55	142	0	0.01133458	0.003214207
55	143	0	0.004234008	0.003316538	55	144	0	0.001077225	7.267468E-4
55	145	0	1.733899E-4	1.12039E-4	55	146	0	1.326903E-5	8.498026E-6
55	147	0	3.269128E-7	2.092282E-7	55	148	0	2.319681E-8	1.484593E-8
55	149	0	1.14531E-10	7.33001E-11	55	150	0	5.57924E-12	3.57072E-12
55	151	0	3.08269E-13	1.97293E-13	56	132	0	5.33928E-14	3.41714E-14
56	133	0	1.49979E-11	9.59868E-12	56	134	0	2.09971E-9	1.34382E-9
56	135	0	6.349174E-8	4.063447E-8	56	135	1	6.349174E-8	4.063447E-8
56	136	0	2.365104E-6	1.51339E-6	56	136	1	2.365104E-6	1.51339E-6
56	137	0	1.432679E-5	9.163525E-6	56	137	1	4.082567E-5	2.608232E-5
56	138	0	4.937723E-4	3.122676E-4	56	139	0	0.002686453	0.001512056
56	140	0	0.01174068	0.005012063	56	141	0	0.02099503	0.004022722
56	142	0	0.03095683	0.003315117	56	143	0	0.02745292	0.00526324
56	144	0	0.01880166	0.003688982	56	145	0	0.006408629	0.003925466
56	146	0	0.00214438	0.001390875	56	147	0	3.39298E-4	2.183503E-4
56	148	0	4.020852E-5	2.576872E-5	56	149	0	2.40925E-6	1.542117E-6
56	150	0	1.10984E-7	7.10304E-8	56	151	0	6.485476E-9	4.150706E-9
56	152	0	4.10944E-11	2.63004E-11	56	153	0	4.8573E-13	3.10867E-13
57	135	0	3.85947E-12	2.47007E-12	57	137	0	2.179705E-8	1.395015E-8
57	138	0	5.389425E-7	3.449133E-7	57	139	0	9.516483E-6	6.085566E-6
57	140	0	9.931235E-5	6.315815E-5	57	141	0	7.162787E-4	4.403423E-4
57	142	0	0.002965814	0.00167861	57	143	0	0.01019041	0.004680071
57	144	0	0.01430887	0.003607664	57	145	0	0.01746447	0.004013446
57	146	0	0.006044213	0.00282986	57	146	1	0.006044213	0.00282986
57	147	0	0.006229394	0.002318398	57	148	0	0.001718783	0.001061314
57	149	0	3.868726E-4	2.490716E-4	57	150	0	4.873139E-5	3.123962E-5
57	151	0	4.182219E-6	2.677083E-6	57	152	0	1.979749E-7	1.26703E-7
57	153	0	6.308649E-9	4.037542E-9	57	154	0	1.00986E-10	6.46312E-11
57	155	0	1.17858E-12	7.54291E-13	57	156	0	3.1694E-14	2.02842E-14
58	137	0	6.79907E-13	4.35141E-13	58	138	0	6.68908E-11	4.28101E-11
58	139	0	8.45885E-10	5.41366E-10	58	139	1	2.409674E-9	1.542187E-9
58	140	0	5.539249E-8	1.772557E-8	58	141	0	2.46022E-6	1.574183E-6
58	142	0	3.683472E-5	2.351664E-5	58	143	0	2.934587E-4	1.846334E-4
58	144	0	0.001782098	0.001041074	58	145	0	0.006047432	0.002913968
58	146	0	0.01146037	0.002235247	58	147	0	0.01333709	0.002275396
58	148	0	0.01277571	0.00159736	58	149	0	0.007014497	0.002001667
58	150	0	0.00276586	0.001586187	58	151	0	6.150703E-4	3.929166E-4
58	152	0	1.099173E-4	6.973497E-5	58	153	0	9.589198E-6	6.13673E-6
58	154	0	5.789539E-7	3.705089E-7	58	155	0	2.479552E-8	1.586911E-8
58	156	0	7.85861E-10	5.02952E-10	58	157	0	1.22983E-11	7.87092E-12
58	158	0	1.29983E-13	8.31886E-14	58	159	0	2.89437E-15	1.85239E-15
59	139	0	3.28955E-14	2.10531E-14	59	140	0	3.53952E-12	2.26529E-12
59	141	0	2.60964E-10	1.67017E-10	59	142	0	5.799213E-9	3.711489E-9
59	142	1	5.799213E-9	3.711489E-9	59	143	0	3.549635E-7	2.271692E-7
59	144	0	5.099525E-7	3.263554E-7	59	144	1	5.161562E-6	3.301949E-6
59	145	0	6.499946E-5	4.139531E-5	59	146	0	3.735008E-4	2.320183E-4
59	147	0	0.001564097	8.812967E-4	59	148	0	0.001677471	9.472015E-4
59	148	1	0.001677471	9.472015E-4	59	149	0	0.005598092	0.001973868
59	150	0	0.006093275	0.001810667	59	151	0	0.00408045	0.001613028
59	152	0	0.001871459	8.125072E-4	59	153	0	5.064999E-4	3.13595E-4
59	154	0	7.787269E-5	4.9282E-5	59	155	0	1.218106E-5	7.781026E-6
59	156	0	1.010107E-6	6.463119E-7	59	157	0	5.809326E-8	3.717889E-8
59	158	0	1.649775E-9	1.055854E-9	59	159	0	3.75919E-11	2.40588E-11
59	160	0	3.26955E-13	2.09251E-13	59	161	0	4.71432E-15	3.01717E-15
60	142	0	4.01945E-13	2.57245E-13	60	143	0	3.50952E-11	2.24609E-11
60	144	0	5.67922E-10	1.81735E-10	60	145	0	7.539036E-8	4.824943E-8
60	146	0	1.670091E-6	1.068654E-6	60	147	0	1.721164E-5	1.099366E-5
60	148	0	1.365252E-4	8.619574E-5	60	149	0	6.307155E-4	3.833879E-4
60	150	0	0.002155099	0.001163763	60	151	0	0.004010077	0.001607401
60	152	0	0.004742482	8.167716E-4	60	153	0	0.003353758	6.291369E-4
60	154	0	0.001808055	4.168241E-4	60	155	0	6.128039E-4	3.233434E-4
60	156	0	1.63258E-4	9.885001E-5	60	157	0	2.302741E-5	1.46019E-5
60	158	0	2.33292E-6	1.490976E-6	60	159	0	1.400087E-7	8.958774E-8
60	160	0	4.509469E-9	2.886006E-9	60	161	0	9.91818E-11	6.34764E-11
60	162	0	2.08971E-12	1.33742E-12	60	163	0	1.62978E-14	1.04306E-14
61	144	0	1.95974E-14	1.25423E-14	61	145	0	2.66963E-12	1.70857E-12
61	146	0	1.73976E-10	1.11345E-10	61	147	0	7.03905E-9	4.504987E-9
61	148	0	4.129462E-8	2.642837E-8	61	148	1	1.119864E-7	7.167021E-8
61	149	0	2.520393E-6	1.612577E-6	61	150	0	2.229635E-5	1.423791E-5
61	151	0	1.287351E-4	8.141548E-5	61	152	0	1.392428E-4	8.694529E-5
61	152	1	1.392428E-4	8.694529E-5	61	152	2	1.392428E-4	8.694529E-5
61	153	0	0.00101511	5.625225E-4	61	154	0	5.542092E-4	3.065507E-4
61	154	1	5.542092E-4	3.065507E-4	61	155	0	0.001471705	3.655563E-4
61	156	0	8.88151E-4	3.133514E-4	61	157	0	3.832599E-4	1.905066E-4
61	158	0	8.614596E-5	5.167211E-5	61	159	0	1.737955E-5	1.083582E-5
61	160	0	1.408142E-6	8.957921E-7	61	161	0	1.110837E-7	7.103023E-8
61	162	0	6.219568E-9	3.980257E-9	61	163	0	1.84976E-10	1.18384E-10
61	164	0	3.61951E-12	2.31649E-12	61	165	0	5.04931E-14	3.23156E-14
61	166	0	7.01624E-16	4.49038E-16	61	167	0	9.88487E-18	6.32632E-18
62	147	0	2.25969E-13	1.4462E-13	62	148	0	1.95974E-11	1.25423E-11
62	149	0	9.42871E-10	6.03437E-10	62	150	0	3.239569E-8	2.073314E-8
62	151	0	5.349632E-7	3.423536E-7	62	152	0	6.09684E-6	3.897056E-6
62	153	0	3.581227E-5	2.280486E-5	62	154	0	1.337345E-4	8.281479E-5
62	155	0	3.771914E-4	2.142797E-4	62	156	0	7.891366E-4	3.115168E-4
62	157	0	8.22175E-4	1.93238E-4	62	158	0	6.101303E-4	8.086417E-5
62	159	0	2.828872E-4	7.603917E-5	62	160	0	7.121331E-5	3.012628E-5
62	161	0	1.205278E-5	6.935636E-6	62	162	0	2.1999E-6	1.373995E-6
62	163	0	1.705717E-7	1.08782E-7	62	164	0	1.210416E-8	7.742934E-9
62	165	0	4.49959E-10	2.87961E-10	62	166	0	1.7397E-11	1.11341E-11
62	167	0	2.07961E-13	1.33095E-13	62	169	0	1.09308E-17	6.99573E-18
63	149	0	1.04986E-14	6.71908E-15	63	151	0	6.78907E-11	4.34501E-11
63	152	0	7.26568E-10	4.65003E-10	63	152	1	7.26568E-10	4.65003E-10
63	152	2	7.26568E-10	4.65003E-10	63	153	0	4.489421E-8	2.873207E-8
63	154	0	2.359827E-7	1.51019E-7	63	154	1	2.359827E-7	1.51019E-7
63	155	0	4.495194E-6	2.873191E-6	63	156	0	2.024016E-5	1.285319E-5
63	157	0	6.54917E-5	4.050332E-5	63	158	0	1.097852E-4	6.409266E-5
63	159	0	1.707545E-4	7.557165E-5	63	160	0	1.076767E-4	3.1105E-5
63	161	0	6.470562E-5	1.610869E-5	63	162	0	2.526305E-5	1.147988E-5
63	163	0	6.135301E-6	3.417698E-6	63	164	0	1.001798E-6	6.156918E-7
63	165	0	1.275663E-7	8.060981E-8	63	166	0	1.272387E-8	8.126849E-9
63	167	0	5.55034E-10	3.55152E-10	63	168	0	8.91886E-12	5.70802E-12
63	169	0	1.4197E-13	9.08606E-14	63	171	0	7.08099E-18	4.53183E-18
64	152	0	8.48884E-14	5.43286E-14	64	153	0	5.01931E-12	3.21236E-12
64	154	0	2.01972E-10	1.29263E-10	64	155	0	5.239296E-9	3.353143E-9
64	156	0	1.319825E-8	4.223435E-9	64	157	0	6.911537E-7	4.421795E-7
64	158	0	3.749704E-6	2.393202E-6	64	159	0	1.239514E-5	7.779071E-6
64	160	0	2.378445E-5	1.357795E-5	64	161	0	3.401369E-5	1.53701E-5
64	162	0	5.056707E-5	1.154697E-5	64	163	0	3.061153E-5	4.288109E-6
64	164	0	1.661377E-5	3.036802E-6	64	165	0	4.621451E-6	1.765868E-6
64	166	0	1.359645E-6	7.040911E-7	64	167	0	1.316647E-7	8.042046E-8
64	168	0	7.253953E-9	4.606987E-9	64	169	0	3.00285E-10	1.91974E-10
64	170	0	8.4602E-12	5.41366E-12	64	171	0	1.48973E-13	9.53424E-14
65	155	0	1.84975E-13	1.18384E-13	65	156	0	7.73894E-12	4.95292E-12
65	156	1	7.65896E-13	4.90173E-13	65	157	0	2.42967E-10	1.55498E-10
65	158	0	3.139575E-9	2.00932E-9	65	158	1	3.10958E-10	1.99012E-10
65	159	0	4.029705E-8	2.578844E-8	65	160	0	1.811194E-7	1.158241E-7
65	161	0	7.818618E-7	4.971633E-7	65	162	0	1.1951E-6	7.54796E-7
65	162	1	1.1951E-6	7.54796E-7	65	163	0	4.811741E-6	2.766839E-6
65	164	0	6.146577E-6	2.987285E-6	65	165	0	6.636905E-6	1.783553E-6
65	166	0	5.027504E-6	1.163425E-6	65	167	0	1.568811E-6	5.513214E-7
65	168	0	1.738248E-7	9.247315E-8	65	169	0	2.282517E-8	1.34716E-8
65	170	0	1.5424E-9	9.59309E-10	65	171	0	9.56149E-11	6.09187E-11
65	172	0	2.82088E-12	1.80456E-12	66	158	0	3.56952E-13	2.28449E-13
66	159	0	1.11985E-11	7.16702E-12	66	160	0	1.83975E-10	1.17744E-10
66	161	0	2.769684E-9	1.772559E-9	66	162	0	2.230242E-8	1.427E-8
66	163	0	1.062183E-7	6.783004E-8	66	164	0	4.155951E-7	2.615853E-7
66	165	0	7.900396E-7	4.671171E-7	66	165	1	1.009858E-7	6.398172E-8
66	166	0	2.392927E-6	1.046286E-6	66	167	0	1.982547E-6	5.527959E-7
66	168	0	8.361482E-7	1.020138E-7	66	169	0	2.635993E-7	4.198646E-8
66	170	0	6.291927E-8	1.278416E-8	66	171	0	7.034211E-9	3.356222E-9
66	172	0	6.17034E-10	3.59193E-10	67	161	0	2.01972E-13	1.29263E-13
67	161	1	2.74962E-14	1.75976E-14	67	162	0	1.32982E-12	8.51083E-13
67	162	1	3.60951E-12	2.31009E-12	67	163	0	7.80894E-11	4.99772E-11
67	163	1	1.06985E-11	6.84707E-12	67	164	0	2.3897E-10	1.52939E-10
67	164	1	6.45929E-10	4.13384E-10	67	165	0	6.353167E-9	4.063444E-9
67	166	0	9.282379E-9	5.931976E-9	67	166	1	2.519662E-8	1.606146E-8
67	167	0	8.397253E-8	5.216028E-8	67	168	0	7.875357E-8	4.637666E-8
67	169	0	8.503986E-8	4.038176E-8	67	170	0	2.132905E-8	9.686988E-9
67	170	1	2.132905E-8	9.686988E-9	67	171	0	2.466321E-8	4.393714E-9
67	172	0	5.077261E-9	1.575274E-9	68	164	0	2.1997E-13	1.40781E-13
68	165	0	4.19943E-12	2.68763E-12	68	166	0	8.27897E-11	5.29848E-11
68	167	0	4.4501E-10	2.84761E-10	68	167	1	6.0593E-11	3.87787E-11
68	168	0	1.572396E-9	1.004656E-9	68	169	0	3.584916E-9	2.264854E-9
68	170	0	6.011722E-9	3.460619E-9	68	171	0	6.821511E-9	3.282229E-9
68	172	0	5.824317E-9	1.579653E-9	69	167	0	1.00986E-13	6.46312E-14
69	168	0	8.27887E-13	5.29848E-13	69	169	0	6.73924E-12	4.31301E-12
69	170	0	2.64096E-11	1.68937E-11	69	171	0	9.07735E-11	5.78472E-11
69	172	0	1.48412E-10	9.27476E-11	70	170	0	1.52979E-14	9.79066E-15
70	171	0	1.37982E-13	8.83079E-14	70	172	0	7.89994E-13	5.05531E-13