Z	A	FPS	Yield	Uncertainty	Z	A	FPS	Yield	Uncertainty
23	66	0	7.05862E-18	4.51752E-18	24	66	0	1.47993E-13	9.47155E-14
24	69	0	8.44173E-18	5.40271E-18	25	66	0	5.96E-11	3.8144E-11
25	67	0	1.2E-11	7.68E-12	25	68	0	1.98E-12	1.2672E-12
25	69	0	1.76992E-13	1.13275E-13	25	70	0	1.33E-14	8.512E-15
25	72	0	9.15713E-17	5.86056E-17	25	73	0	6.62938E-18	4.2428E-18
26	66	0	2.92E-9	1.8688E-9	26	67	0	1.47E-9	9.408E-10
26	68	0	8.74E-10	5.5936E-10	26	69	0	2.07E-10	1.3248E-10
26	70	0	5.84E-11	3.7376E-11	26	71	0	1.13E-11	7.232E-12
26	72	0	1.91991E-12	1.22874E-12	26	73	0	1.38993E-13	8.89558E-14
26	75	0	2.78053E-16	1.77954E-16	27	66	0	4.56E-9	2.9184E-9
27	67	0	7.13E-9	4.5632E-9	27	68	0	9.83E-9	6.2912E-9
27	69	0	7.87E-9	5.0368E-9	27	70	0	5.63E-9	3.6032E-9
27	71	0	3.95E-9	2.528E-9	27	72	0	1.75E-9	1.12E-9
27	73	0	4.78E-10	3.0592E-10	27	74	0	6.23E-11	3.9872E-11
27	75	0	5.82972E-12	3.73102E-12	27	76	0	3.24E-13	2.0736E-13
27	77	0	1.96497E-14	1.25758E-14	27	78	0	1.37834E-15	8.82137E-16
28	66	0	1.32E-9	8.448E-10	28	67	0	4.58E-9	2.9312E-9
28	68	0	1.91E-8	1.2224E-8	28	69	0	3.34E-8	2.1376E-8
28	70	0	7.5E-8	4.8E-8	28	71	0	1.24E-7	7.936E-8
28	72	0	1.84E-7	1.1776E-7	28	73	0	1.29E-7	8.256E-8
28	74	0	6.17E-8	3.9488E-8	28	75	0	1.56E-8	9.984E-9
28	76	0	3.28E-9	2.0992E-9	28	77	0	4.1198E-10	2.63667E-10
28	78	0	2.88986E-11	1.84951E-11	28	79	0	3.90609E-13	2.4999E-13
28	80	0	2.33E-14	1.4912E-14	29	66	0	1.11E-11	7.104E-12
29	67	0	1.33E-10	8.512E-11	29	68	0	3.54E-10	2.2656E-10
29	68	1	9.58E-10	6.1312E-10	29	69	0	7.24E-9	4.6336E-9
29	70	0	7.86E-9	5.0304E-9	29	70	1	2.79E-8	1.7856E-8
29	71	0	1.78E-7	1.1392E-7	29	72	0	5.69E-7	3.6416E-7
29	73	0	1.27E-6	8.128E-7	29	74	0	1.46E-6	9.344E-7
29	75	0	1.28E-6	8.192E-7	29	76	0	7.03E-7	4.4992E-7
29	77	0	3.26E-7	2.0864E-7	29	78	0	6.21E-8	3.9744E-8
29	79	0	8.18961E-9	5.24135E-9	29	80	0	5.3E-10	3.392E-10
29	81	0	2.8E-11	1.792E-11	29	82	0	6.85E-13	4.384E-13
29	83	0	3.07145E-14	1.96573E-14	30	66	0	1.07E-14	6.848E-15
30	67	0	3.43E-13	2.1952E-13	30	68	0	1.24E-11	7.936E-12
30	69	0	2.95E-11	1.888E-11	30	69	1	1.44E-10	9.216E-11
30	70	0	2.91E-9	1.8624E-9	30	71	0	5.76E-9	3.6864E-9
30	71	1	2.81E-8	1.7984E-8	30	72	0	3.27E-7	2.0928E-7
30	73	0	1.59E-6	1.0176E-6	30	74	0	5.53E-6	3.5392E-6
30	75	0	1.087E-5	6.9568E-6	30	76	0	1.93E-5	1.2352E-5
30	77	0	2.189E-5	1.40096E-5	30	78	0	1.47E-5	9.408E-6
30	79	0	5.09E-6	3.2576E-6	30	80	0	1.23E-6	7.872E-7
30	81	0	1.77E-7	1.1328E-7	30	82	0	1.66E-8	1.0624E-8
30	83	0	6.43969E-10	4.1214E-10	30	84	0	2.03E-11	1.2992E-11
30	85	0	2.60883E-13	1.66965E-13	31	69	0	1.34E-13	8.576E-14
31	70	0	5.98E-12	3.8272E-12	31	71	0	2.52E-10	1.6128E-10
31	72	1	2.955E-9	1.8912E-9	31	72	0	2.955E-9	1.8912E-9
31	73	0	9.66E-8	6.1824E-8	31	74	1	3.85E-7	2.464E-7
31	74	0	3.85E-7	2.464E-7	31	75	0	4.64E-6	2.9696E-6
31	76	0	1.79E-5	1.1456E-5	31	77	0	6.181E-5	3.95584E-5
31	78	0	9.42E-5	6.0288E-5	31	79	0	1.0752E-4	6.88128E-5
31	80	0	6.43E-5	4.1152E-5	31	81	0	3.313E-5	2.12032E-5
31	82	0	8.23E-6	5.2672E-6	31	83	0	1.24E-6	7.936E-7
31	84	0	1.14E-7	7.296E-8	31	85	0	5.46974E-9	3.50063E-9
31	86	0	1.61E-10	1.0304E-10	31	87	0	3.267E-12	2.09088E-12
31	88	0	1.08264E-13	6.9289E-14	32	71	0	7.58E-14	4.8512E-14
32	71	1	7.58E-14	4.8512E-14	32	72	0	1.29E-11	8.256E-12
32	73	0	4.64E-10	2.9696E-10	32	73	1	9.49E-11	6.0736E-11
32	74	0	1.59E-8	1.0176E-8	32	75	0	2.85E-8	1.824E-8
32	75	1	2.09E-7	1.3376E-7	32	76	0	3.0E-6	1.92E-6
32	77	0	2.064E-5	1.32096E-5	32	77	1	2.82E-6	1.8048E-6
32	78	0	1.0869E-4	6.95616E-5	32	79	1	1.3467E-4	8.61888E-5
32	79	0	1.3467E-4	8.61888E-5	32	80	0	4.9565E-4	3.17216E-4
32	81	0	5.8876E-4	3.76806E-4	32	82	0	4.9053E-4	3.13939E-4
32	83	0	1.9109E-4	1.22298E-4	32	84	0	6.758E-5	4.32512E-5
32	85	0	9.52E-6	6.0928E-6	32	86	0	1.13E-6	7.232E-7
32	87	0	6.84967E-8	4.38379E-8	32	88	0	2.26989E-9	1.45273E-9
32	89	0	1.84097E-11	1.17822E-11	32	90	0	1.66665E-12	1.06665E-12
33	73	0	9.63E-14	6.1632E-14	33	74	0	2.01E-12	1.2864E-12
33	74	1	5.45E-12	3.488E-12	33	75	0	4.14E-10	2.6496E-10
33	76	0	1.37E-8	8.768E-9	33	77	0	3.78E-7	2.4192E-7
33	78	0	4.27E-6	2.7328E-6	33	79	0	3.414E-5	2.18496E-5
33	80	0	1.4008E-4	8.96512E-5	33	81	0	5.0271E-4	3.21734E-4
33	82	0	4.5665E-4	2.92256E-4	33	82	1	4.5665E-4	2.92256E-4
33	83	0	0.00113756	7.28038E-4	33	84	1	4.9914E-4	3.1945E-4
33	84	0	4.9914E-4	3.1945E-4	33	85	0	5.2458E-4	3.35731E-4
33	86	0	1.6879E-4	1.08026E-4	33	87	0	4.131E-5	2.64384E-5
33	88	0	4.05E-6	2.592E-6	33	89	0	3.85982E-7	2.47028E-7
33	90	0	3.49433E-8	2.23637E-8	33	91	0	1.37357E-10	8.79085E-11
33	92	0	8.06018E-12	5.15852E-12	33	93	0	6.18065E-13	3.95561E-13
34	75	0	5.5E-14	3.52E-14	34	76	0	6.96E-12	4.4544E-12
34	77	0	6.22E-11	3.9808E-11	34	77	1	4.56E-10	2.9184E-10
34	78	0	2.16E-8	1.3824E-8	34	79	0	3.94E-7	2.5216E-7
34	79	1	5.38E-8	3.4432E-8	34	80	0	6.39E-6	4.0896E-6
34	81	0	6.59E-6	4.2176E-6	34	81	1	4.831E-5	3.09184E-5
34	82	0	3.1686E-4	2.0279E-4	34	83	0	7.4049E-4	4.73914E-4
34	83	1	1.5167E-4	9.70688E-5	34	84	0	0.00231818	0.00104318
34	85	0	0.00154799	9.907139E-4	34	85	1	0.00154085	9.861439E-4
34	86	0	0.00334204	0.00213891	34	87	0	0.00214883	0.00137525
34	88	0	8.0524E-4	5.15354E-4	34	89	0	2.1281E-4	1.36198E-4
34	90	0	3.36451E-5	2.15328E-5	34	91	0	2.87986E-6	1.84311E-6
34	92	0	1.68992E-7	1.08155E-7	34	93	0	1.29585E-8	8.29344E-9
34	94	0	9.09E-11	5.8176E-11	34	95	0	3.03985E-12	1.9455E-12
35	77	1	1.59E-14	1.0176E-14	35	78	0	2.32E-12	1.4848E-12
35	79	0	3.84E-11	2.4576E-11	35	79	1	1.44E-10	9.216E-11
35	80	0	1.54E-9	9.856E-10	35	80	1	5.47E-9	3.5008E-9
35	81	0	2.21E-7	1.4144E-7	35	82	0	2.38E-6	1.5232E-6
35	82	1	8.8E-7	5.632E-7	35	83	0	3.227E-5	2.06528E-5
35	84	0	7.109E-5	4.54976E-5	35	84	1	1.5106E-4	9.66784E-5
35	85	0	9.3302E-4	5.97133E-4	35	86	0	0.00112933	7.22771E-4
35	86	1	0.00115306	7.37958E-4	35	87	0	0.00483187	0.0015462
35	88	0	0.00439958	0.00281573	35	89	0	0.00402439	0.00257561
35	90	0	0.00171552	0.00109793	35	91	0	5.7396E-4	3.67334E-4
35	92	0	9.788E-5	6.26432E-5	35	93	0	1.2477E-5	7.98531E-6
35	94	0	6.52E-7	4.1728E-7	35	95	0	6.37343E-8	4.07899E-8
35	96	0	6.22E-10	3.9808E-10	35	97	0	1.31634E-11	8.42456E-12
35	98	0	4.55949E-13	2.91807E-13	36	80	0	8.04E-13	5.1456E-13
36	81	0	6.13E-11	3.9232E-11	36	81	1	8.36E-12	5.3504E-12
36	82	0	3.89E-9	2.4896E-9	36	83	0	8.8E-8	5.632E-8
36	83	1	1.8E-8	1.152E-8	36	84	0	2.8E-6	1.792E-6
36	85	0	2.679E-5	1.71456E-5	36	85	1	5.49E-6	3.5136E-6
36	86	0	2.8184E-4	1.80378E-4	36	87	0	0.00138473	8.86227E-4
36	88	0	0.00411642	0.00263451	36	89	0	0.00898287	0.00404229
36	90	0	0.0128572	0.0041143	36	91	0	0.0107505	0.00344016
36	92	0	0.00671581	0.00429812	36	93	0	0.00236733	0.00151509
36	94	0	4.9233E-4	3.15091E-4	36	95	0	6.13663E-5	3.92744E-5
36	96	0	5.41E-6	3.4624E-6	36	97	0	2.75987E-7	1.76632E-7
36	98	0	9.55954E-9	6.11811E-9	36	99	0	4.15375E-11	2.6584E-11
36	100	0	3.21E-12	2.0544E-12	37	83	0	1.02E-11	6.528E-12
37	84	0	7.83E-10	5.0112E-10	37	85	0	3.7E-8	2.368E-8
37	86	1	4.53E-7	2.8992E-7	37	86	0	4.53E-7	2.8992E-7
37	87	0	1.464E-5	9.3696E-6	37	88	0	1.4597E-4	9.34208E-5
37	89	0	0.00104167	6.66669E-4	37	90	0	6.0398E-4	3.86547E-4
37	90	1	0.00294797	0.0018867	37	91	0	0.00950954	0.00427929
37	92	0	0.0141735	0.00453552	37	93	0	0.0169461	0.00542274
37	94	0	0.00907134	0.00580566	37	95	0	0.00413874	0.00264879
37	96	0	9.976201E-4	6.38477E-4	37	97	0	1.9369E-4	1.23962E-4
37	98	0	1.873E-5	1.19872E-5	37	99	0	8.70886E-7	5.57367E-7
37	100	0	6.64E-8	4.2496E-8	37	101	0	5.30351E-10	3.39424E-10
37	102	0	3.30038E-11	2.11225E-11	37	103	0	2.03778E-12	1.30418E-12
38	84	0	2.2E-14	1.408E-14	38	85	1	1.59E-12	1.0176E-12
38	85	0	1.59E-12	1.0176E-12	38	86	0	3.17E-10	2.0288E-10
38	87	0	1.27E-8	8.128E-9	38	87	1	2.6E-9	1.664E-9
38	88	0	6.18E-7	3.9552E-7	38	89	0	1.219E-5	7.8016E-6
38	90	0	1.5752E-4	1.00813E-4	38	91	0	0.00112073	7.17267E-4
38	92	0	0.00548419	0.00350988	38	93	0	0.014415	0.00461278
38	94	0	0.0272959	0.00627807	38	95	0	0.0291987	0.00934357
38	96	0	0.0238949	0.00764637	38	97	0	0.0116002	0.00371206
38	98	0	0.00406516	0.0026017	38	99	0	8.38529E-4	5.36659E-4
38	100	0	1.4022E-4	8.97408E-5	38	101	0	1.11195E-5	7.11646E-6
38	102	0	6.91967E-7	4.42859E-7	38	103	0	4.27247E-8	2.73438E-8
38	104	0	5.65E-10	3.616E-10	38	105	0	8.02593E-12	5.1366E-12
38	106	0	7.88787E-13	5.04824E-13	39	87	0	4.49E-13	2.8736E-13
39	88	0	5.51E-11	3.5264E-11	39	89	0	7.51E-10	4.8064E-10
39	89	1	3.67E-9	2.3488E-9	39	90	1	8.25E-8	5.28E-8
39	90	0	8.25E-8	5.28E-8	39	91	1	2.38E-6	1.5232E-6
39	91	0	2.38E-6	1.5232E-6	39	92	0	6.629E-5	4.24256E-5
39	93	1	3.45955E-4	2.21411E-4	39	93	0	3.45955E-4	2.21411E-4
39	94	0	0.00302171	0.00193389	39	95	0	0.0107669	0.00344542
39	96	0	0.00176235	0.0011279	39	96	1	0.0178356	0.0057074
39	97	1	0.0148046	0.00947492	39	97	0	0.0148046	0.00947492
39	98	0	0.0120294	0.00384942	39	98	1	0.0120289	0.00384924
39	99	0	0.0163218	0.00522298	39	100	0	0.00674524	0.00431695
39	101	0	0.00196633	0.00125845	39	102	0	3.3313E-4	2.13203E-4
39	103	0	4.11373E-5	2.63279E-5	39	104	0	2.79E-6	1.7856E-6
39	105	0	1.68274E-7	1.07695E-7	39	106	0	1.65379E-8	1.05843E-8
39	107	0	1.54952E-11	9.9169E-12	39	108	0	9.58637E-13	6.13528E-13
40	89	0	1.16E-13	7.424E-14	40	90	1	9.2E-12	5.888E-12
40	90	0	9.2E-12	5.888E-12	40	91	0	1.58E-9	1.0112E-9
40	92	0	9.21E-8	5.8944E-8	40	93	0	2.65E-6	1.696E-6
40	94	0	4.826E-5	3.08864E-5	40	95	0	4.4153E-4	2.82579E-4
40	96	0	0.00288165	0.00184426	40	97	0	0.0101396	0.00648935
40	98	0	0.0256268	0.00589417	40	99	0	0.0379345	0.012139
40	100	0	0.0481364	0.0154036	40	101	0	0.0331129	0.0105961
40	102	0	0.0193059	0.00617789	40	103	0	0.00600481	0.00384308
40	104	0	0.00147099	9.41434E-4	40	105	0	1.62022E-4	1.03694E-4
40	106	0	1.59235E-5	1.0191E-5	40	107	0	3.24876E-7	2.0792E-7
40	108	0	2.0099E-8	1.28634E-8	41	91	0	1.46E-14	9.344E-15
41	92	0	2.6E-12	1.664E-12	41	93	0	2.62E-10	1.6768E-10
41	93	1	5.36E-11	3.4304E-11	41	94	0	1.08E-8	6.912E-9
41	94	1	6.37E-9	4.0768E-9	41	95	0	5.32E-7	3.4048E-7
41	95	1	1.09E-7	6.976E-8	41	96	0	2.208E-5	1.41312E-5
41	97	0	1.2272E-4	7.85408E-5	41	97	1	2.514E-5	1.60896E-5
41	98	0	7.2709E-4	4.65338E-4	41	98	1	2.0508E-4	1.31251E-4
41	99	0	3.56E-4	2.2784E-4	41	99	1	0.00409368	0.00261996
41	100	0	0.00631045	0.00403869	41	100	1	0.00631045	0.00403869
41	101	0	0.0269118	0.00861177	41	102	1	0.0175266	0.011217
41	102	0	0.0175266	0.011217	41	103	0	0.0339542	0.0108653
41	104	1	0.00974056	0.00623396	41	104	0	0.00974056	0.00623396
41	105	0	0.00752657	0.00481701	41	106	0	0.00188792	0.00120827
41	107	0	3.12805E-4	2.00195E-4	41	108	0	2.481E-5	1.58784E-5
41	109	0	6.49E-12	4.1536E-12	41	110	0	4.64E-14	2.9696E-14
41	111	0	6.54087E-16	4.18615E-16	41	112	0	1.55782E-17	9.97008E-18
41	113	0	1.75214E-17	1.12137E-17	41	114	0	1.55957E-12	9.98127E-13
41	115	0	6.30237E-14	4.03352E-14	42	94	0	6.22E-13	3.9808E-13
42	95	0	6.85E-11	4.384E-11	42	96	0	4.94E-9	3.1616E-9
42	97	0	1.8E-7	1.152E-7	42	98	0	4.32E-6	2.7648E-6
42	99	0	5.353E-5	3.42592E-5	42	100	0	5.2914E-4	3.3865E-4
42	101	0	0.00278592	0.00178299	42	102	0	0.0118545	0.00379343
42	103	0	0.0252577	0.00808245	42	104	0	0.0437093	0.0100531
42	105	0	0.0381078	0.0121945	42	106	0	0.0302587	0.00968279
42	107	0	0.0123111	0.00393956	42	108	0	0.00347981	0.00222708
42	109	0	1.009E-5	6.4576E-6	42	110	0	4.83E-7	3.0912E-7
42	111	0	1.31E-8	8.384E-9	42	112	0	3.12E-10	1.9968E-10
42	113	0	3.50918E-10	2.24587E-10	42	114	0	3.26984E-8	2.0927E-8
42	115	0	1.32137E-9	8.45678E-10	42	116	0	3.14E-12	2.0096E-12
42	117	0	4.36455E-14	2.79332E-14	43	97	1	3.08E-12	1.9712E-12
43	97	0	3.08E-12	1.9712E-12	43	98	0	4.23E-10	2.7072E-10
43	99	0	1.69E-8	1.0816E-8	43	99	1	3.46E-9	2.2144E-9
43	100	0	5.3E-7	3.392E-7	43	101	0	1.055E-5	6.752E-6
43	102	0	5.924E-5	3.79136E-5	43	102	1	5.924E-5	3.79136E-5
43	103	0	8.6692E-4	5.54829E-4	43	104	0	0.00353024	0.00225935
43	105	0	0.00991536	0.00634583	43	106	0	0.0170937	0.00546999
43	107	0	0.0215648	0.00690075	43	108	0	0.0139173	0.00445353
43	109	0	0.0050239	0.0032153	43	110	0	9.9708E-4	6.38131E-4
43	111	0	1.7779E-4	1.13786E-4	43	112	0	1.794E-5	1.14816E-5
43	113	0	2.94965E-6	1.88778E-6	43	114	0	9.74E-6	6.2336E-6
43	115	0	1.27228E-6	8.14258E-7	43	116	0	1.81E-8	1.1584E-8
43	117	0	9.15084E-10	5.85654E-10	43	118	0	1.95543E-12	1.25147E-12
43	119	0	4.12548E-14	2.64031E-14	44	99	0	5.52E-13	3.5328E-13
44	100	0	5.54E-11	3.5456E-11	44	101	0	3.13E-9	2.0032E-9
44	102	0	1.37E-7	8.768E-8	44	103	0	2.68E-6	1.7152E-6
44	104	0	3.969E-5	2.54016E-5	44	105	0	2.8865E-4	1.84736E-4
44	106	0	0.00168996	0.00108157	44	107	0	0.00503922	0.0032251
44	108	0	0.0102785	0.00328911	44	109	1	0.00616012	0.00394247
44	109	0	0.00616012	0.00394247	44	110	0	0.00818865	0.00368489
44	111	0	0.0042073	0.00269267	44	112	0	0.00178328	0.0011413
44	113	0	8.4452E-4	5.40493E-4	44	114	0	3.6169E-4	2.31482E-4
44	115	0	6.43564E-5	4.11881E-5	44	116	0	1.109E-5	7.0976E-6
44	117	0	8.81085E-7	5.63894E-7	44	118	0	4.0998E-8	2.62387E-8
44	119	0	8.64959E-10	5.53574E-10	44	120	0	1.04E-11	6.656E-12
44	121	0	5.00781E-14	3.205E-14	45	101	1	2.11E-14	1.3504E-14
45	102	0	1.6E-12	1.024E-12	45	102	1	1.6E-12	1.024E-12
45	103	0	2.87E-11	1.8368E-11	45	103	1	2.1E-10	1.344E-10
45	104	0	2.16E-9	1.3824E-9	45	104	1	7.64E-9	4.8896E-9
45	105	0	2.43E-7	1.5552E-7	45	105	1	3.31E-8	2.1184E-8
45	106	0	2.11E-6	1.3504E-6	45	106	1	2.11E-6	1.3504E-6
45	107	0	4.717E-5	3.01888E-5	45	108	0	1.2306E-4	7.87584E-5
45	108	1	1.2306E-4	7.87584E-5	45	109	0	5.296E-5	3.38944E-5
45	109	1	5.296E-5	3.38944E-5	45	110	0	1.1505E-4	7.3632E-5
45	110	1	1.1505E-4	7.3632E-5	45	111	0	4.8686E-4	3.1159E-4
45	112	0	4.7772E-4	3.05741E-4	45	113	0	6.4498E-4	4.12787E-4
45	114	0	4.4051E-4	2.81926E-4	45	115	0	3.2584E-4	2.08538E-4
45	116	0	1.6852E-4	1.07853E-4	45	117	0	5.945E-5	3.8048E-5
45	118	0	9.32E-6	5.9648E-6	45	119	0	9.57E-7	6.1248E-7
45	120	0	4.28E-8	2.7392E-8	45	121	0	1.04995E-9	6.71968E-10
45	122	0	1.35E-11	8.64E-12	45	123	0	1.18E-13	7.552E-14
46	104	0	2.43E-13	1.5552E-13	46	105	0	2.05E-11	1.312E-11
46	106	0	1.15E-9	7.36E-10	46	107	0	1.13E-8	7.232E-9
46	107	1	2.5E-8	1.6E-8	46	108	0	7.28E-7	4.6592E-7
46	109	0	3.23E-10	2.0672E-10	46	109	1	7.18E-10	4.5952E-10
46	110	0	1.44E-8	9.216E-9	46	111	0	4.53E-8	2.8992E-8
46	111	1	1.01E-7	6.464E-8	46	112	0	7.79E-7	4.9856E-7
46	113	0	3.35E-6	2.144E-6	46	114	0	9.861E-5	6.31104E-5
46	115	0	2.1461E-4	1.3735E-4	46	116	0	4.2867E-4	2.74349E-4
46	117	0	4.2004E-4	2.68826E-4	46	118	0	2.7034E-4	1.73018E-4
46	119	0	8.79E-5	5.6256E-5	46	120	0	1.886E-5	1.20704E-5
46	121	0	1.67E-6	1.0688E-6	46	122	0	1.07E-7	6.848E-8
46	123	0	3.32E-9	2.1248E-9	46	130	0	1.65E-14	1.056E-14
47	107	0	8.37E-14	5.3568E-14	47	107	1	6.14E-13	3.9296E-13
47	108	1	2.235E-11	1.4304E-11	47	108	0	2.235E-11	1.4304E-11
47	111	1	1.04E-14	6.656E-15	47	112	0	3.01E-13	1.9264E-13
47	113	0	7.59E-13	4.8576E-13	47	113	1	5.57E-12	3.5648E-12
47	114	0	6.21E-7	3.9744E-7	47	115	0	3.2E-6	2.048E-6
47	115	1	3.2E-6	2.048E-6	47	116	0	1.972E-5	1.26208E-5
47	116	1	1.972E-5	1.26208E-5	47	117	0	7.54E-5	4.8256E-5
47	117	1	7.54E-5	4.8256E-5	47	118	0	1.3171E-4	8.42944E-5
47	118	1	1.3171E-4	8.42944E-5	47	119	0	3.2859E-4	2.10298E-4
47	120	1	1.0608E-4	6.78912E-5	47	120	0	1.0608E-4	6.78912E-5
47	121	0	8.438E-5	5.40032E-5	47	122	1	9.0E-6	5.76E-6
47	122	0	9.0E-6	5.76E-6	47	123	0	2.63E-6	1.6832E-6
47	124	0	2.82E-11	1.8048E-11	47	125	0	1.98E-12	1.2672E-12
47	126	0	2.96E-13	1.8944E-13	47	127	0	2.41E-14	1.5424E-14
47	129	0	2.85102E-16	1.82465E-16	47	130	0	9.59E-10	6.1376E-10
47	131	0	2.13189E-11	1.36441E-11	47	132	0	7.44017E-13	4.76171E-13
48	114	0	4.41E-10	2.8224E-10	48	115	0	3.58E-9	2.2912E-9
48	115	1	1.35E-8	8.64E-9	48	116	0	5.13E-7	3.2832E-7
48	117	0	1.33E-6	8.512E-7	48	117	1	5.01E-6	3.2064E-6
48	118	0	4.66E-5	2.9824E-5	48	119	0	8.224E-5	5.26336E-5
48	119	1	8.224E-5	5.26336E-5	48	120	0	4.1106E-4	2.63078E-4
48	121	1	2.3062E-4	1.47597E-4	48	121	0	2.3062E-4	1.47597E-4
48	122	0	3.9782E-4	2.54605E-4	48	123	0	1.7642E-4	1.12909E-4
48	124	0	7.33E-6	4.6912E-6	48	125	0	1.4E-6	8.96E-7
48	126	0	8.71E-7	5.5744E-7	48	127	0	2.13E-7	1.3632E-7
48	128	0	4.23E-8	2.7072E-8	48	129	0	5.71E-9	3.6544E-9
48	130	0	5.57E-6	3.5648E-6	48	131	0	4.46979E-7	2.86066E-7
48	132	0	1.55993E-8	9.98352E-9	48	133	0	7.58325E-11	4.85328E-11
48	134	0	1.2E-12	7.68E-13	49	115	0	1.09E-12	6.976E-13
49	115	1	2.23E-13	1.4272E-13	49	116	2	4.92E-11	3.1488E-11
49	116	0	4.92E-11	3.1488E-11	49	116	1	4.92E-11	3.1488E-11
49	117	0	7.45E-9	4.768E-9	49	117	1	1.53E-9	9.792E-10
49	118	2	2.485E-8	1.5904E-8	49	118	0	1.76E-7	1.1264E-7
49	118	1	2.485E-8	1.5904E-8	49	119	0	3.0E-6	1.92E-6
49	119	1	6.14E-7	3.9296E-7	49	120	2	9.44E-6	6.0416E-6
49	120	0	9.44E-6	6.0416E-6	49	120	1	9.44E-6	6.0416E-6
49	121	0	1.07E-4	6.848E-5	49	121	1	2.192E-5	1.40288E-5
49	122	2	1.00933E-4	6.45973E-5	49	122	0	1.00933E-4	6.45973E-5
49	122	1	1.00933E-4	6.45973E-5	49	123	0	4.1352E-4	2.64653E-4
49	123	1	8.47E-5	5.4208E-5	49	124	1	2.8292E-4	1.81069E-4
49	124	0	2.8292E-4	1.81069E-4	49	125	0	1.7433E-4	1.11571E-4
49	125	1	1.7433E-4	1.11571E-4	49	126	1	2.81585E-4	1.80214E-4
49	126	0	2.81585E-4	1.80214E-4	49	127	0	2.5881E-4	1.65638E-4
49	127	1	2.5881E-4	1.65638E-4	49	128	1	1.5468E-4	9.89952E-5
49	128	0	1.5468E-4	9.89952E-5	49	129	0	9.687E-5	6.19968E-5
49	129	1	9.687E-5	6.19968E-5	49	130	2	2.33417E-4	1.49387E-4
49	130	1	2.33417E-4	1.49387E-4	49	130	0	2.33417E-4	1.49387E-4
49	131	1	1.1231E-4	7.18784E-5	49	131	0	1.1231E-4	7.18784E-5
49	132	0	2.546E-5	1.62944E-5	49	133	0	1.58992E-6	1.01755E-6
49	134	0	3.28E-8	2.0992E-8	49	135	0	2.13189E-10	1.36441E-10
49	136	0	2.86E-12	1.8304E-12	50	117	1	4.795E-13	3.0688E-13
50	117	0	4.795E-13	3.0688E-13	50	118	0	1.22E-10	7.808E-11
50	119	0	1.45E-9	9.28E-10	50	119	1	5.46E-9	3.4944E-9
50	120	0	2.67E-7	1.7088E-7	50	121	0	1.07E-6	6.848E-7
50	121	1	3.03E-6	1.9392E-6	50	122	0	4.111E-5	2.63104E-5
50	123	0	1.3993E-4	8.95552E-5	50	123	1	4.916E-5	3.14624E-5
50	124	0	5.249E-4	3.35936E-4	50	125	0	3.9989E-4	2.5593E-4
50	125	1	1.405E-4	8.992E-5	50	126	0	0.00213194	6.82221E-4
50	127	0	0.00260131	0.00166484	50	127	1	9.3782E-4	6.00205E-4
50	128	1	0.00308895	0.00197693	50	128	0	0.00308895	0.00197693
50	129	0	0.00683593	0.004375	50	129	1	0.00239777	0.00153457
50	130	1	0.00591792	0.00378747	50	130	0	0.00591792	0.00378747
50	131	1	0.00493675	0.00315952	50	131	0	0.00493675	0.00315952
50	132	0	0.00463707	0.00296772	50	133	0	9.3176E-4	5.96326E-4
50	134	0	9.133E-5	5.84512E-5	50	135	0	4.46979E-6	2.86066E-6
50	136	0	1.25E-7	8.0E-8	50	137	0	2.09E-9	1.3376E-9
50	138	0	2.76E-11	1.7664E-11	50	139	0	5.15089E-13	3.29657E-13
51	119	0	3.78E-13	2.4192E-13	51	120	0	2.03E-11	1.2992E-11
51	120	1	3.45E-11	2.208E-11	51	121	0	4.29E-9	2.7456E-9
51	122	0	6.39E-8	4.0896E-8	51	122	1	8.47E-8	5.4208E-8
51	123	0	3.05E-6	1.952E-6	51	124	2	2.39333E-7	1.53173E-7
51	124	0	2.39333E-7	1.53173E-7	51	124	1	2.39333E-7	1.53173E-7
51	125	0	2.43E-6	1.5552E-6	51	126	2	5.525E-6	3.536E-6
51	126	0	8.0E-6	5.12E-6	51	126	1	5.525E-6	3.536E-6
51	127	0	1.1946E-4	7.64544E-5	51	128	0	1.8663E-4	1.19443E-4
51	128	1	2.5773E-4	1.64947E-4	51	129	0	0.00206146	0.00131933
51	130	0	0.00295649	0.00189215	51	130	1	0.00408276	0.00261297
51	131	0	0.0191137	0.00611638	51	132	0	0.0124243	0.00397577
51	132	1	0.0110178	0.00352569	51	133	0	0.018621	0.00595872
51	134	1	0.00284688	0.001822	51	134	0	0.00284688	0.001822
51	135	0	0.00123266	7.88902E-4	51	136	0	1.1047E-4	7.07008E-5
51	137	0	7.9E-6	5.056E-6	51	138	0	3.16E-7	2.0224E-7
51	139	0	1.07995E-8	6.91167E-9	51	140	0	1.17326E-10	7.50885E-11
51	141	0	4.5333E-12	2.90131E-12	52	121	1	1.68E-13	1.0752E-13
52	121	0	1.68E-13	1.0752E-13	52	122	0	5.88E-11	3.7632E-11
52	123	0	8.78E-10	5.6192E-10	52	123	1	3.3E-9	2.112E-9
52	124	0	1.18E-12	7.552E-13	52	125	0	3.25E-12	2.08E-12
52	125	1	1.22E-11	7.808E-12	52	126	0	3.51E-10	2.2464E-10
52	127	0	1.55E-9	9.92E-10	52	127	1	4.42E-9	2.8288E-9
52	128	0	1.01E-7	6.464E-8	52	129	0	3.65E-7	2.336E-7
52	129	1	1.04E-6	6.656E-7	52	130	0	7.3102E-4	4.67853E-4
52	131	0	0.00128716	8.23782E-4	52	131	1	0.00465171	7.44274E-4
52	132	0	0.0216493	0.00692778	52	133	0	0.0115421	0.00369347
52	133	1	0.0328508	0.0105122	52	134	0	0.0511571	0.0117661
52	135	0	0.0311556	0.00996979	52	136	0	0.0112896	0.00361268
52	137	0	0.00233078	0.0014917	52	138	0	3.7531E-4	2.40198E-4
52	139	0	3.567E-5	2.28288E-5	52	140	0	2.45988E-6	1.57432E-6
52	141	0	9.50463E-8	6.08296E-8	52	142	0	2.13E-9	1.3632E-9
52	143	0	1.46445E-11	9.37249E-12	52	144	0	1.55234E-12	9.93495E-13
53	123	0	1.62E-13	1.0368E-13	53	129	0	2.93E-13	1.8752E-13
53	130	0	1.44E-6	9.216E-7	53	130	1	5.31E-7	3.3984E-7
53	131	0	5.199E-5	3.32736E-5	53	132	1	3.32225E-4	2.12624E-4
53	132	0	3.32225E-4	2.12624E-4	53	133	1	0.00258558	0.00165477
53	133	0	0.00258558	0.00165477	53	134	0	0.00890327	0.00569809
53	134	1	0.00790466	0.0035571	53	135	0	0.0366057	0.00841932
53	136	0	0.0170104	0.00544334	53	136	1	0.0169801	0.00543363
53	137	0	0.0248777	0.00398044	53	138	0	0.0105169	0.0033654
53	139	0	0.00360771	0.00230893	53	140	0	6.6829E-4	4.27706E-4
53	141	0	9.1515E-5	5.85696E-5	53	142	0	6.41E-6	4.1024E-6
53	143	0	3.07041E-7	1.96506E-7	53	144	0	3.25467E-8	2.08299E-8
53	145	0	7.58325E-11	4.85328E-11	53	146	0	3.05238E-12	1.95352E-12
53	147	0	9.54373E-13	6.10799E-13	54	130	0	5.72E-10	3.6608E-10
54	131	0	1.11E-8	7.104E-9	54	131	1	3.17E-8	2.0288E-8
54	132	0	2.57E-6	1.6448E-6	54	133	0	1.659E-5	1.06176E-5
54	133	1	4.721E-5	3.02144E-5	54	134	0	2.4464E-4	1.5657E-4
54	134	1	6.6144E-4	4.23322E-4	54	135	0	0.00142367	9.11149E-4
54	135	1	0.00402959	0.00257894	54	136	0	0.0190886	0.00858986
54	137	0	0.0373224	0.00597158	54	138	0	0.0461549	0.0106156
54	139	0	0.0366722	0.0117351	54	140	0	0.0228335	0.00730671
54	141	0	0.00794382	0.00508405	54	142	0	0.00209888	0.00134328
54	143	1	1.47816E-4	9.46025E-5	54	143	0	1.47816E-4	9.46025E-5
54	144	0	3.13375E-5	2.0056E-5	54	145	0	1.58992E-6	1.01755E-6
54	146	0	6.3997E-8	4.0958E-8	54	147	0	2.00096E-8	1.28062E-8
54	148	0	1.48E-11	9.472E-12	54	149	0	5.71549E-13	3.65791E-13
55	131	0	1.04E-12	6.656E-13	55	132	0	2.09E-10	1.3376E-10
55	133	0	2.45E-8	1.568E-8	55	134	1	5.95E-7	3.808E-7
55	134	0	5.95E-7	3.808E-7	55	135	1	1.657E-5	1.06048E-5
55	135	0	1.657E-5	1.06048E-5	55	136	1	2.6809E-4	1.71578E-4
55	136	0	2.6809E-4	1.71578E-4	55	137	0	0.00238411	0.00152583
55	138	0	0.00375101	0.00240065	55	138	1	0.00375922	0.0024059
55	139	0	0.0186489	0.00596765	55	140	0	0.0261548	0.00836953
55	141	0	0.0282108	0.00902746	55	142	0	0.0180212	0.00576679
55	143	0	0.00873461	0.00559015	55	144	0	0.00239596	0.00153341
55	145	0	4.6582E-4	2.98125E-4	55	146	0	5.159E-5	3.30176E-5
55	147	0	1.92662E-5	1.23304E-5	55	148	0	1.41E-7	9.024E-8
55	149	0	1.19832E-8	7.66928E-9	55	150	0	6.31E-11	4.0384E-11
55	151	0	9.95633E-13	6.37205E-13	55	152	0	2.46575E-14	1.57808E-14
56	133	0	6.83E-13	4.3712E-13	56	134	0	1.65E-10	1.056E-10
56	135	1	7.8E-9	4.992E-9	56	135	0	7.8E-9	4.992E-9
56	136	1	3.57E-7	2.2848E-7	56	136	0	3.57E-7	2.2848E-7
56	137	0	4.02E-6	2.5728E-6	56	137	1	1.144E-5	7.3216E-6
56	138	0	1.842E-4	1.17888E-4	56	139	0	0.00115431	7.38758E-4
56	140	0	0.00538619	0.00344716	56	141	0	0.0136396	0.00436467
56	142	0	0.027198	0.00625554	56	143	0	0.0296972	0.00950311
56	144	0	0.0258441	0.00827011	56	145	0	0.0124382	0.00398021
56	146	0	0.0048388	0.00309683	56	147	0	9.74554E-4	6.23714E-4
56	148	0	1.3947E-4	8.92608E-5	56	149	0	1.1538E-5	7.38433E-6
56	150	0	7.02E-7	4.4928E-7	56	151	0	2.08747E-8	1.33598E-8
56	152	0	5.16975E-10	3.30864E-10	56	153	0	2.81868E-12	1.80396E-12
56	154	0	4.39E-14	2.8096E-14	57	135	0	2.03E-13	1.2992E-13
57	137	0	2.92E-9	1.8688E-9	57	138	0	1.04E-7	6.656E-8
57	139	0	2.49E-6	1.5936E-6	57	140	0	3.188E-5	2.04032E-5
57	141	0	2.7889E-4	1.7849E-4	57	142	0	0.00143969	9.21402E-4
57	143	0	0.0056212	0.00359757	57	144	0	0.0107015	0.00684894
57	145	0	0.0153877	0.00492407	57	146	1	0.00675276	0.00432177
57	146	0	0.00675276	0.00432177	57	147	0	0.00928238	0.00594072
57	148	0	0.00330254	0.00211363	57	149	0	9.8106E-4	6.27878E-4
57	150	0	1.6446E-4	1.05254E-4	57	151	0	2.00991E-5	1.28634E-5
57	152	0	1.3E-6	8.32E-7	57	153	0	5.90972E-8	3.78222E-8
57	154	0	1.24E-9	7.936E-10	57	155	0	9.34791E-12	5.98266E-12
57	156	0	3.77732E-13	2.41748E-13	57	157	0	7.48786E-15	4.79223E-15
58	137	0	3.97E-14	2.5408E-14	58	138	0	6.0E-12	3.84E-12
58	139	0	1.07E-10	6.848E-11	58	139	1	3.04E-10	1.9456E-10
58	140	0	2.06E-8	1.3184E-8	58	141	0	5.02E-7	3.2128E-7
58	142	0	1.011E-5	6.4704E-6	58	143	0	9.454E-5	6.05056E-5
58	144	0	6.6036E-4	4.2263E-4	58	145	0	0.00249874	0.00159919
58	146	0	0.00702769	0.00316246	58	147	0	0.0111137	0.00355637
58	148	0	0.0125101	0.00287733	58	149	0	0.00852081	0.00545332
58	150	0	0.00490085	0.00313654	58	151	0	0.00151246	9.67974E-4
58	152	0	3.5579E-4	2.27706E-4	58	153	0	4.537E-5	2.90368E-5
58	154	0	3.57E-6	2.2848E-6	58	155	0	1.95991E-7	1.25434E-7
58	156	0	7.91962E-9	5.06856E-9	58	157	0	1.56993E-10	1.00475E-10
58	158	0	1.76E-12	1.1264E-12	58	159	0	1.20187E-14	7.69199E-15
59	140	0	2.66E-13	1.7024E-13	59	141	0	2.74E-11	1.7536E-11
59	142	1	7.65E-10	4.896E-10	59	142	0	7.65E-10	4.896E-10
59	143	0	5.72E-8	3.6608E-8	59	144	0	9.86E-8	6.3104E-8
59	144	1	9.97E-7	6.3808E-7	59	145	0	1.559E-5	9.9776E-6
59	146	0	1.138E-4	7.2832E-5	59	147	0	6.3558E-4	4.06771E-4
59	148	1	8.70775E-4	5.57296E-4	59	148	0	8.70775E-4	5.57296E-4
59	149	0	0.00365198	0.00233727	59	150	0	0.00489514	0.00313289
59	151	0	0.00485337	0.00310616	59	152	0	0.00260271	0.00166573
59	153	0	0.00116437	7.45197E-4	59	154	0	2.288E-4	1.46432E-4
59	155	0	4.663E-5	2.98432E-5	59	156	0	5.17E-6	3.3088E-6
59	157	0	3.98E-7	2.5472E-7	59	158	0	1.26E-8	8.064E-9
59	159	0	2.51988E-10	1.61272E-10	59	160	0	3.11E-12	1.9904E-12
59	161	0	3.8727E-14	2.47853E-14	59	162	0	8.39404E-16	5.37218E-16
60	142	0	2.29E-14	1.4656E-14	60	143	0	2.47E-12	1.5808E-12
60	144	0	1.88E-10	1.2032E-10	60	145	0	7.81E-9	4.9984E-9
60	146	0	2.21E-7	1.4144E-7	60	147	0	3.46E-6	2.2144E-6
60	148	0	3.594E-5	2.30016E-5	60	149	0	1.9612E-4	1.25517E-4
60	150	0	8.8897E-4	5.68941E-4	60	151	0	0.00208298	0.00133311
60	152	0	0.00339768	0.00152896	60	153	0	0.0034002	0.00217613
60	154	0	0.00211292	0.00135227	60	155	0	0.00102884	6.58458E-4
60	156	0	3.9696E-4	2.54054E-4	60	157	0	7.997E-5	5.11808E-5
60	158	0	9.55E-6	6.112E-6	60	159	0	5.27E-7	3.3728E-7
60	160	0	2.54E-8	1.6256E-8	60	161	0	8.11961E-10	5.19655E-10
60	162	0	1.75992E-11	1.12635E-11	60	163	0	9.93E-14	6.3552E-14
60	165	0	1.28772E-17	8.24142E-18	61	145	0	1.08E-13	6.912E-14
61	146	0	8.77E-12	5.6128E-12	61	147	0	5.65E-10	3.616E-10
61	148	0	4.56E-9	2.9184E-9	61	148	1	1.23E-8	7.872E-9
61	149	0	3.53E-7	2.2592E-7	61	150	0	4.44E-6	2.8416E-6
61	151	0	3.581E-5	2.29184E-5	61	152	2	5.088E-5	3.25632E-5
61	152	0	5.088E-5	3.25632E-5	61	152	1	5.088E-5	3.25632E-5
61	153	0	5.275E-4	3.376E-4	61	154	0	3.5552E-4	2.27533E-4
61	154	1	3.5552E-4	2.27533E-4	61	155	0	0.00113417	7.25869E-4
61	156	0	9.2741E-4	5.93542E-4	61	157	0	6.0381E-4	3.86438E-4
61	158	0	1.7596E-4	1.12614E-4	61	159	0	3.449E-5	2.20736E-5
61	160	0	4.42E-6	2.8288E-6	61	161	0	5.2E-7	3.328E-7
61	162	0	3.05E-8	1.952E-8	61	163	0	6.76E-10	4.3264E-10
61	164	0	1.6E-11	1.024E-11	61	165	0	2.69987E-13	1.72792E-13
61	166	0	2.41806E-15	1.54756E-15	61	167	0	5.19858E-17	3.32709E-17
62	148	0	8.09E-13	5.1776E-13	62	149	0	4.77E-11	3.0528E-11
62	150	0	2.46E-9	1.5744E-9	62	151	0	5.81E-8	3.7184E-8
62	152	0	8.97E-7	5.7408E-7	62	153	0	8.47E-6	5.4208E-6
62	154	0	3.938E-5	2.52032E-5	62	155	0	1.4456E-4	9.25184E-5
62	156	0	4.0447E-4	2.58861E-4	62	157	0	5.9113E-4	3.78323E-4
62	158	0	5.3259E-4	3.40858E-4	62	159	0	2.3747E-4	1.51981E-4
62	160	0	1.0033E-4	6.42112E-5	62	161	0	2.862E-5	1.83168E-5
62	162	0	5.88E-6	3.7632E-6	62	163	0	3.51E-7	2.2464E-7
62	164	0	3.0E-8	1.92E-8	62	165	0	1.37E-9	8.768E-10
62	166	0	5.06976E-11	3.24465E-11	62	167	0	1.08995E-12	6.97567E-13
62	168	0	1.41E-14	9.024E-15	62	169	0	1.59773E-16	1.02255E-16
63	151	0	2.67E-12	1.7088E-12	63	152	2	3.74667E-11	2.39787E-11
63	152	0	3.74667E-11	2.39787E-11	63	152	1	3.74667E-11	2.39787E-11
63	153	0	4.16E-9	2.6624E-9	63	154	1	2.665E-8	1.7056E-8
63	154	0	2.665E-8	1.7056E-8	63	155	0	7.35E-7	4.704E-7
63	156	0	5.37E-6	3.4368E-6	63	157	0	2.734E-5	1.74976E-5
63	158	0	5.879E-5	3.76256E-5	63	159	0	8.315E-5	5.3216E-5
63	160	0	7.828E-5	5.00992E-5	63	161	0	6.773E-5	4.33472E-5
63	162	0	3.133E-5	2.00512E-5	63	163	0	6.28E-6	4.0192E-6
63	164	0	1.29E-6	8.256E-7	63	165	0	2.09E-7	1.3376E-7
63	166	0	2.04E-8	1.3056E-8	63	167	0	1.64E-9	1.0496E-9
63	168	0	5.8E-11	3.712E-11	63	169	0	3.34984E-12	2.1439E-12
63	170	0	2.24E-14	1.4336E-14	63	171	0	1.75035E-16	1.12022E-16
63	172	0	4.67395E-18	2.99133E-18	64	153	0	1.54E-13	9.856E-14
64	154	0	7.61E-12	4.8704E-12	64	155	0	3.4E-10	2.176E-10
64	156	0	9.41E-9	6.0224E-9	64	157	0	1.21E-7	7.744E-8
64	158	0	9.36E-7	5.9904E-7	64	159	0	3.4E-6	2.176E-6
64	160	0	1.091E-5	6.9824E-6	64	161	0	2.152E-5	1.37728E-5
64	162	0	3.041E-5	1.94624E-5	64	163	0	1.355E-5	8.672E-6
64	164	0	8.28E-6	5.2992E-6	64	165	0	3.08E-6	1.9712E-6
64	166	0	9.97E-7	6.3808E-7	64	167	0	2.01E-7	1.2864E-7
64	168	0	2.56E-8	1.6384E-8	64	169	0	3.92E-9	2.5088E-9
64	170	0	9.89E-11	6.3296E-11	64	171	0	3.66983E-12	2.34869E-12
64	172	0	9.79953E-14	6.2717E-14	65	156	0	2.74E-13	1.7536E-13
65	156	1	2.71E-14	1.7344E-14	65	157	0	1.53E-11	9.792E-12
65	158	0	3.04E-10	1.9456E-10	65	158	1	3.0E-11	1.92E-11
65	159	0	6.27E-9	4.0128E-9	65	160	0	4.06E-8	2.5984E-8
65	161	0	2.84E-7	1.8176E-7	65	162	0	4.93E-7	3.1552E-7
65	162	1	4.93E-7	3.1552E-7	65	163	0	1.47E-6	9.408E-7
65	164	0	1.96E-6	1.2544E-6	65	165	0	2.21E-6	1.4144E-6
65	166	0	1.56E-6	9.984E-7	65	167	0	9.730001E-7	6.2272E-7
65	168	0	2.88E-7	1.8432E-7	65	169	0	1.49E-7	9.536E-8
65	170	0	9.54E-9	6.1056E-9	65	171	0	1.29E-9	8.256E-10
65	172	0	9.2E-11	5.888E-11	66	158	0	1.21E-14	7.744E-15
66	159	0	6.5E-13	4.16E-13	66	160	0	1.66E-11	1.0624E-11
66	161	0	4.13E-10	2.6432E-10	66	162	0	4.05E-9	2.592E-9
66	163	0	1.62E-8	1.0368E-8	66	164	0	7.36E-8	4.7104E-8
66	165	0	1.76E-7	1.1264E-7	66	165	1	2.4E-8	1.536E-8
66	166	0	4.52E-7	2.8928E-7	66	167	0	6.25E-7	4.0E-7
66	168	0	5.57E-7	3.5648E-7	66	169	0	6.33E-7	4.0512E-7
66	170	0	1.27E-7	8.128E-8	66	171	0	4.05E-8	2.592E-8
66	172	0	9.96E-9	6.3744E-9	67	161	0	1.14E-14	7.296E-15
67	162	0	9.46E-14	6.0544E-14	67	162	1	2.56E-13	1.6384E-13
67	163	0	4.84E-12	3.0976E-12	67	163	1	6.6E-13	4.224E-13
67	164	0	1.77E-11	1.1328E-11	67	164	1	4.77E-11	3.0528E-11
67	165	0	6.54E-10	4.1856E-10	67	166	0	1.03E-9	6.592E-10
67	166	1	2.78E-9	1.7792E-9	67	167	0	1.81E-8	1.1584E-8
67	168	0	3.84E-8	2.4576E-8	67	169	0	1.37E-7	8.768E-8
67	170	0	3.02E-8	1.9328E-8	67	170	1	3.02E-8	1.9328E-8
67	171	0	5.82E-8	3.7248E-8	67	172	0	3.16E-8	2.0224E-8
68	165	0	1.67E-13	1.0688E-13	68	166	0	3.66E-12	2.3424E-12
68	167	0	4.13E-11	2.6432E-11	68	167	1	5.63E-12	3.6032E-12
68	168	0	3.62E-10	2.3168E-10	68	169	0	3.29E-9	2.1056E-9
68	170	0	4.92E-9	3.1488E-9	68	171	0	1.11E-8	7.104E-9
68	172	0	1.86E-8	1.1904E-8	69	168	0	7.43E-14	4.7552E-14
69	169	0	1.75E-12	1.12E-12	69	170	0	1.01E-11	6.464E-12
69	171	0	8.21E-11	5.2544E-11	69	172	0	3.47E-10	2.2208E-10
70	171	0	4.94E-14	3.1616E-14	70	172	0	7.83E-13	5.0112E-13