Z	A	FPS	Yield	Uncertainty	Z	A	FPS	Yield	Uncertainty
23	66	0	5.29855E-19	3.39107E-19	24	66	0	2.50995E-14	1.60637E-14
24	69	0	6.25578E-18	4.0037E-18	25	66	0	1.04E-11	6.656E-12
25	67	0	2.68E-12	1.7152E-12	25	68	0	5.59E-13	3.5776E-13
25	69	0	9.76938E-14	6.2524E-14	25	72	0	2.06242E-17	1.31995E-17
25	73	0	1.729E-18	1.10656E-18	26	66	0	5.34E-10	3.4176E-10
26	67	0	3.46E-10	2.2144E-10	26	68	0	2.64E-10	1.6896E-10
26	69	0	1.24E-10	7.936E-11	26	70	0	4.72E-11	3.0208E-11
26	71	0	5.63E-12	3.6032E-12	26	72	0	9.76979E-13	6.25267E-13
26	73	0	5.99983E-14	3.83989E-14	26	75	0	1.74803E-16	1.11874E-16
27	66	0	8.15E-10	5.216E-10	27	67	0	1.65E-9	1.056E-9
27	68	0	2.95E-9	1.888E-9	27	69	0	4.74E-9	3.0336E-9
27	70	0	4.63E-9	2.9632E-9	27	71	0	2.03E-9	1.2992E-9
27	72	0	9.28E-10	5.9392E-10	27	73	0	2.18E-10	1.3952E-10
27	74	0	2.18E-11	1.3952E-11	27	75	0	2.72983E-12	1.74709E-12
27	76	0	1.22E-13	7.808E-14	27	77	0	6.05151E-15	3.87297E-15
27	78	0	4.20084E-16	2.68854E-16	28	66	0	2.36E-10	1.5104E-10
28	67	0	1.07E-9	6.848E-10	28	68	0	5.79E-9	3.7056E-9
28	69	0	2.05E-8	1.312E-8	28	70	0	6.36E-8	4.0704E-8
28	71	0	6.66E-8	4.2624E-8	28	72	0	1.03E-7	6.592E-8
28	73	0	6.27E-8	4.0128E-8	28	74	0	2.32E-8	1.4848E-8
28	75	0	7.96E-9	5.0944E-9	28	76	0	1.37E-9	8.768E-10
28	77	0	2.09994E-10	1.34396E-10	28	78	0	1.98996E-11	1.27357E-11
28	79	0	1.85688E-13	1.18841E-13	28	80	0	1.05E-14	6.72E-15
29	66	0	1.84E-12	1.1776E-12	29	67	0	2.91E-11	1.8624E-11
29	68	0	1.14E-10	7.296E-11	29	68	1	2.66E-10	1.7024E-10
29	69	0	4.28E-9	2.7392E-9	29	70	0	7.32E-9	4.6848E-9
29	70	1	2.2E-8	1.408E-8	29	71	0	9.33E-8	5.9712E-8
29	72	0	3.12E-7	1.9968E-7	29	73	0	6.13E-7	3.9232E-7
29	74	0	5.52E-7	3.5328E-7	29	75	0	6.66E-7	4.2624E-7
29	76	0	3.02E-7	1.9328E-7	29	77	0	1.73E-7	1.1072E-7
29	78	0	4.5E-8	2.88E-8	29	79	0	2.89981E-9	1.85588E-9
29	80	0	2.59E-10	1.6576E-10	29	81	0	2.27E-11	1.4528E-11
29	82	0	3.99E-13	2.5536E-13	29	83	0	1.69442E-14	1.08443E-14
30	67	0	7.14E-14	4.5696E-14	30	68	0	3.43E-12	2.1952E-12
30	69	0	1.89E-11	1.2096E-11	30	69	1	8.08E-11	5.1712E-11
30	70	0	2.35E-9	1.504E-9	30	71	0	3.35E-9	2.144E-9
30	71	1	1.43E-8	9.152E-9	30	72	0	1.8E-7	1.152E-7
30	73	0	7.77E-7	4.9728E-7	30	74	0	2.13E-6	1.3632E-6
30	75	0	5.8E-6	3.712E-6	30	76	0	8.61E-6	5.5104E-6
30	77	0	1.214E-5	7.7696E-6	30	78	0	1.131E-5	7.2384E-6
30	79	0	1.93E-6	1.2352E-6	30	80	0	6.52E-7	4.1728E-7
30	81	0	1.58E-7	1.0112E-7	30	82	0	1.08E-8	6.912E-9
30	83	0	5.87983E-10	3.76309E-10	30	84	0	1.88E-11	1.2032E-11
30	85	0	3.41282E-13	2.18421E-13	31	69	0	6.96E-14	4.4544E-14
31	70	0	4.42E-12	2.8288E-12	31	71	0	1.21E-10	7.744E-11
31	72	1	1.53E-9	9.792E-10	31	72	0	1.53E-9	9.792E-10
31	73	0	4.46E-8	2.8544E-8	31	74	1	1.42E-7	9.088E-8
31	74	0	1.42E-7	9.088E-8	31	75	0	2.39E-6	1.5296E-6
31	76	0	7.77E-6	4.9728E-6	31	77	0	3.365E-5	2.1536E-5
31	78	0	7.17E-5	4.5888E-5	31	79	0	4.084E-5	2.61376E-5
31	80	0	3.458E-5	2.21312E-5	31	81	0	3.033E-5	1.94112E-5
31	82	0	5.54E-6	3.5456E-6	31	83	0	1.22E-6	7.808E-7
31	84	0	1.12E-7	7.168E-8	31	85	0	5.32966E-9	3.41098E-9
31	86	0	1.53E-10	9.792E-11	31	87	0	1.77511E-12	1.13607E-12
31	88	0	5.8474E-14	3.74234E-14	32	71	0	3.41E-14	2.1824E-14
32	71	1	3.41E-14	2.1824E-14	32	72	0	6.33E-12	4.0512E-12
32	73	0	2.0E-10	1.28E-10	32	73	1	4.69E-11	3.0016E-11
32	74	0	5.68E-9	3.6352E-9	32	75	0	1.56E-8	9.984E-9
32	75	1	1.04E-7	6.656E-8	32	76	0	1.29E-6	8.256E-7
32	77	0	1.112E-5	7.1168E-6	32	77	1	1.66E-6	1.0624E-6
32	78	0	8.353E-5	5.34592E-5	32	79	1	5.2015E-5	3.32896E-5
32	79	0	5.2015E-5	3.32896E-5	32	80	0	2.7335E-4	1.74944E-4
32	81	0	5.5767E-4	3.56909E-4	32	82	0	3.4552E-4	2.21133E-4
32	83	0	2.06E-4	1.3184E-4	32	84	0	7.118E-5	4.55552E-5
32	85	0	1.007E-5	6.4448E-6	32	86	0	1.18E-6	7.552E-7
32	87	0	6.15982E-8	3.94229E-8	32	88	0	2.76994E-9	1.77276E-9
32	89	0	2.13862E-11	1.36871E-11	32	90	0	1.39593E-12	8.93398E-13
33	73	0	3.78E-14	2.4192E-14	33	74	0	7.19E-13	4.6016E-13
33	74	1	1.68E-12	1.0752E-12	33	75	0	1.91E-10	1.2224E-10
33	76	0	5.46E-9	3.4944E-9	33	77	0	1.92E-7	1.2288E-7
33	78	0	3.1E-6	1.984E-6	33	79	0	1.26E-5	8.064E-6
33	80	0	7.444E-5	4.76416E-5	33	81	0	4.6268E-4	2.96115E-4
33	82	0	3.1477E-4	2.01453E-4	33	82	1	3.1477E-4	2.01453E-4
33	83	0	0.00124372	7.95981E-4	33	84	1	5.2431E-4	3.35558E-4
33	84	0	5.2431E-4	3.35558E-4	33	85	0	5.6053E-4	3.58739E-4
33	86	0	1.8059E-4	1.15578E-4	33	87	0	3.852E-5	2.46528E-5
33	88	0	5.04E-6	3.2256E-6	33	89	0	3.33979E-7	2.13746E-7
33	90	0	1.59693E-8	1.02203E-8	33	91	0	8.55857E-11	5.47748E-11
33	92	0	3.63088E-12	2.32376E-12	33	93	0	5.00024E-13	3.20015E-13
34	75	0	2.32E-14	1.4848E-14	34	76	0	2.57E-12	1.6448E-12
34	77	0	3.23E-11	2.0672E-11	34	77	1	2.16E-10	1.3824E-10
34	78	0	1.5E-8	9.6E-9	34	79	0	1.39E-7	8.896E-8
34	79	1	2.08E-8	1.3312E-8	34	80	0	3.32E-6	2.1248E-6
34	81	0	6.49E-6	4.1536E-6	34	81	1	4.346E-5	2.78144E-5
34	82	0	2.1823E-4	1.39667E-4	34	83	0	8.1594E-4	5.22202E-4
34	83	1	1.9139E-4	1.2249E-4	34	84	0	0.00258754	0.00165603
34	85	0	0.00169403	0.00108418	34	85	1	0.00168639	0.00107929
34	86	0	0.0037035	0.00237024	34	87	0	0.00209575	0.00134128
34	88	0	0.00103051	6.59526E-4	34	89	0	1.9748E-4	1.26387E-4
34	90	0	3.3564E-5	2.1481E-5	34	91	0	2.96991E-6	1.90075E-6
34	92	0	1.71996E-7	1.10078E-7	34	93	0	1.73514E-8	1.11049E-8
34	94	0	8.66E-11	5.5424E-11	34	95	0	2.80468E-12	1.795E-12
35	78	0	1.42E-12	9.088E-13	35	79	0	1.34E-11	8.576E-12
35	79	1	4.49E-11	2.8736E-11	35	80	0	8.27E-10	5.2928E-10
35	80	1	2.48E-9	1.5872E-9	35	81	0	1.85E-7	1.184E-7
35	82	0	1.46E-6	9.344E-7	35	82	1	6.27E-7	4.0128E-7
35	83	0	3.533E-5	2.26112E-5	35	84	0	8.135E-5	5.2064E-5
35	84	1	1.4463E-4	9.25632E-5	35	85	0	9.835199E-4	6.29453E-4
35	86	0	0.0012398	7.93472E-4	35	86	1	0.0012393	7.93152E-4
35	87	0	0.0046163	0.00295443	35	88	0	0.0054179	0.00346746
35	89	0	0.00373004	0.00238723	35	90	0	0.00172851	0.00110625
35	91	0	5.8695E-4	3.75648E-4	35	92	0	9.982E-5	6.38848E-5
35	93	0	1.20226E-5	7.6945E-6	35	94	0	6.43E-7	4.1152E-7
35	95	0	4.37995E-8	2.80317E-8	35	96	0	5.95E-10	3.808E-10
35	97	0	8.06868E-12	5.16396E-12	35	98	0	2.17431E-13	1.39156E-13
36	80	0	3.47E-13	2.2208E-13	36	81	0	4.7E-11	3.008E-11
36	81	1	7.02E-12	4.4928E-12	36	82	0	2.34E-9	1.4976E-9
36	83	0	9.21E-8	5.8944E-8	36	83	1	2.16E-8	1.3824E-8
36	84	0	2.75E-6	1.76E-6	36	85	0	2.691E-5	1.72224E-5
36	85	1	6.31E-6	4.0384E-6	36	86	0	2.9947E-4	1.91661E-4
36	87	0	0.00138749	8.87994E-4	36	88	0	0.00524719	0.0033582
36	89	0	0.00849246	0.00543517	36	90	0	0.0132834	0.00425068
36	91	0	0.0110746	0.00354388	36	92	0	0.00697417	0.00446347
36	93	0	0.00234995	0.00150397	36	94	0	5.0616E-4	3.23942E-4
36	95	0	6.74362E-5	4.31592E-5	36	96	0	5.54E-6	3.5456E-6
36	97	0	2.79992E-7	1.79195E-7	36	98	0	1.02998E-8	6.59186E-9
36	99	0	3.65502E-11	2.33922E-11	36	100	0	2.62E-12	1.6768E-12
37	83	0	9.91E-12	6.3424E-12	37	84	0	6.86E-10	4.3904E-10
37	85	0	3.45E-8	2.208E-8	37	86	1	4.42E-7	2.8288E-7
37	86	0	4.42E-7	2.8288E-7	37	87	0	1.619E-5	1.03616E-5
37	88	0	1.6221E-4	1.03814E-4	37	89	0	9.3757E-4	6.00045E-4
37	90	0	6.7187E-4	4.29997E-4	37	90	1	0.00286341	0.00183258
37	91	0	0.00942945	0.00603485	37	92	0	0.0140569	0.00449822
37	93	0	0.0162048	0.00518554	37	94	0	0.00906552	0.00580193
37	95	0	0.00446993	0.00286076	37	96	0	0.00101598	6.50227E-4
37	97	0	1.9813E-4	1.26803E-4	37	98	0	2.052E-5	1.31328E-5
37	99	0	5.70789E-7	3.65305E-7	37	100	0	5.85E-8	3.744E-8
37	101	0	3.01135E-10	1.92726E-10	37	102	0	1.37213E-11	8.78166E-12
37	103	0	1.5686E-12	1.0039E-12	38	84	0	1.74E-14	1.1136E-14
38	85	1	1.355E-12	8.672E-13	38	85	0	1.355E-12	8.672E-13
38	86	0	2.86E-10	1.8304E-10	38	87	0	1.28E-8	8.192E-9
38	87	1	3.01E-9	1.9264E-9	38	88	0	6.35E-7	4.064E-7
38	89	0	1.057E-5	6.7648E-6	38	90	0	1.5332E-4	9.81248E-5
38	91	0	0.00104617	6.69549E-4	38	92	0	0.00539542	0.00345307
38	93	0	0.0147505	0.00472015	38	94	0	0.0271403	0.00868488
38	95	0	0.0315209	0.0100867	38	96	0	0.0245447	0.0078543
38	97	0	0.0120792	0.00386533	38	98	0	0.00458644	0.00293532
38	99	0	8.78819E-4	5.62444E-4	38	100	0	1.3449E-4	8.60736E-5
38	101	0	1.04497E-5	6.68781E-6	38	102	0	6.49986E-7	4.15991E-7
38	103	0	5.4432E-8	3.48365E-8	38	104	0	4.91E-10	3.1424E-10
38	105	0	7.4768E-12	4.78515E-12	38	106	0	7.03371E-13	4.50158E-13
39	87	0	4.05E-13	2.592E-13	39	88	0	4.84E-11	3.0976E-11
39	89	0	6.48E-10	4.1472E-10	39	89	1	2.76E-9	1.7664E-9
39	90	1	7.4E-8	4.736E-8	39	90	0	7.4E-8	4.736E-8
39	91	1	1.99E-6	1.2736E-6	39	91	0	1.99E-6	1.2736E-6
39	92	0	5.808E-5	3.71712E-5	39	93	1	2.9926E-4	1.91526E-4
39	93	0	2.9926E-4	1.91526E-4	39	94	0	0.00279651	0.00178977
39	95	0	0.0106585	0.00341071	39	96	0	0.00190895	0.00122173
39	96	1	0.0171805	0.00549775	39	97	1	0.0147336	0.00942951
39	97	0	0.0147336	0.00942951	39	98	0	0.0130649	0.00418076
39	98	1	0.0130643	0.00418058	39	99	0	0.0166144	0.0053166
39	100	0	0.00653283	0.00418101	39	101	0	0.00183419	0.00117388
39	102	0	3.1427E-4	2.01133E-4	39	103	0	3.77156E-5	2.4138E-5
39	104	0	2.5E-6	1.6E-6	39	105	0	1.16762E-7	7.47277E-8
39	106	0	8.04647E-9	5.14974E-9	39	107	0	1.35455E-11	8.66912E-12
39	108	0	3.75754E-13	2.40482E-13	40	89	0	8.05E-14	5.152E-14
40	90	1	7.5E-12	4.8E-12	40	90	0	7.5E-12	4.8E-12
40	91	0	1.2E-9	7.68E-10	40	92	0	7.36E-8	4.7104E-8
40	93	0	2.24E-6	1.4336E-6	40	94	0	4.181E-5	2.67584E-5
40	95	0	4.2656E-4	2.72998E-4	40	96	0	0.00270686	0.00173239
40	97	0	0.00984902	0.00630337	40	98	0	0.0275145	0.00880462
40	99	0	0.0382719	0.012247	40	100	0	0.0477838	0.0152908
40	101	0	0.0310861	0.00994755	40	102	0	0.0185158	0.00592507
40	103	0	0.00565445	0.00361885	40	104	0	0.00136851	8.75846E-4
40	105	0	1.79773E-4	1.15055E-4	40	106	0	1.6912E-5	1.08237E-5
40	107	0	4.70043E-7	3.00828E-7	40	108	0	1.77996E-8	1.13918E-8
41	92	0	1.75E-12	1.12E-12	41	93	0	1.85E-10	1.184E-10
41	93	1	4.34E-11	2.7776E-11	41	94	0	7.64E-9	4.8896E-9
41	94	1	5.31E-9	3.3984E-9	41	95	0	4.31E-7	2.7584E-7
41	95	1	1.01E-7	6.464E-8	41	96	0	9.56E-6	6.1184E-6
41	97	0	1.0407E-4	6.66048E-5	41	97	1	2.441E-5	1.56224E-5
41	98	0	6.8646E-4	4.39334E-4	41	98	1	2.2882E-4	1.46445E-4
41	99	0	3.34E-4	2.1376E-4	41	99	1	0.00384079	0.00245811
41	100	0	0.00603193	0.00386044	41	100	1	0.00603193	0.00386044
41	101	0	0.0239365	0.00765969	41	102	1	0.0160354	0.0102627
41	102	0	0.0160354	0.0102627	41	103	0	0.0307441	0.00983813
41	104	1	0.00878274	0.00562095	41	104	0	0.00878274	0.00562095
41	105	0	0.00794566	0.00508522	41	106	0	0.00198375	0.0012696
41	107	0	3.2569E-4	2.08442E-4	41	108	0	2.455E-5	1.5712E-5
41	109	0	8.44E-12	5.4016E-12	41	110	0	7.6E-14	4.864E-14
41	111	0	4.95732E-16	3.17269E-16	41	112	0	9.6921E-18	6.20294E-18
41	113	0	1.43133E-17	9.16049E-18	41	114	0	8.99276E-13	5.75536E-13
41	115	0	4.10724E-14	2.62863E-14	42	94	0	4.09E-13	2.6176E-13
42	95	0	5.04E-11	3.2256E-11	42	96	0	3.73E-9	2.3872E-9
42	97	0	1.42E-7	9.088E-8	42	98	0	3.92E-6	2.5088E-6
42	99	0	4.706E-5	3.01184E-5	42	100	0	4.943E-4	3.16352E-4
42	101	0	0.00238328	0.0015253	42	102	0	0.0105579	0.00337853
42	103	0	0.0225124	0.00720397	42	104	0	0.0390467	0.0124949
42	105	0	0.0390901	0.0125088	42	106	0	0.0319599	0.0102272
42	107	0	0.0133732	0.00427943	42	108	0	0.00385408	0.00246661
42	109	0	1.302E-5	8.3328E-6	42	110	0	7.85E-7	5.024E-7
42	111	0	1.48E-8	9.472E-9	42	112	0	3.95E-10	2.528E-10
42	113	0	4.2732E-10	2.73485E-10	42	114	0	4.25991E-8	2.72634E-8
42	115	0	1.42526E-9	9.12163E-10	42	116	0	2.35E-12	1.504E-12
42	117	0	2.55198E-14	1.63327E-14	43	97	1	2.06E-12	1.3184E-12
43	97	0	2.06E-12	1.3184E-12	43	98	0	3.28E-10	2.0992E-10
43	99	0	1.23E-8	7.872E-9	43	99	1	2.89E-9	1.8496E-9
43	100	0	4.49E-7	2.8736E-7	43	101	0	8.05E-6	5.152E-6
43	102	0	4.77E-5	3.0528E-5	43	102	1	4.77E-5	3.0528E-5
43	103	0	7.0655E-4	4.52192E-4	43	104	0	0.00292532	0.0018722
43	105	0	0.00926365	0.00592874	43	106	0	0.0171026	0.00547283
43	107	0	0.0228944	0.00732621	43	108	0	0.0159992	0.00511975
43	109	0	0.0061872	0.00395981	43	110	0	0.00154379	9.88026E-4
43	111	0	1.6459E-4	1.05338E-4	43	112	0	1.855E-5	1.1872E-5
43	113	0	2.40957E-6	1.54213E-6	43	114	0	1.191E-5	7.6224E-6
43	115	0	9.8755E-7	6.32032E-7	43	116	0	1.4E-8	8.96E-9
43	117	0	3.98532E-10	2.5506E-10	43	118	0	6.29071E-13	4.02605E-13
43	119	0	1.80105E-14	1.15267E-14	44	99	0	3.59E-13	2.2976E-13
44	100	0	4.29E-11	2.7456E-11	44	101	0	2.14E-9	1.3696E-9
44	102	0	1.0E-7	6.4E-8	44	103	0	2.02E-6	1.2928E-6
44	104	0	3.072E-5	1.96608E-5	44	105	0	2.4917E-4	1.59469E-4
44	106	0	0.00161524	0.00103375	44	107	0	0.0053305	0.00341152
44	108	0	0.0124978	0.0039993	44	109	1	0.00757889	0.00485049
44	109	0	0.00757889	0.00485049	44	110	0	0.0127123	0.00406793
44	111	0	0.00348026	0.00222737	44	112	0	0.00159658	0.00102181
44	113	0	6.4231E-4	4.11078E-4	44	114	0	4.2349E-4	2.71034E-4
44	115	0	7.7291E-5	4.94663E-5	44	116	0	8.9E-6	5.696E-6
44	117	0	6.13601E-7	3.92705E-7	44	118	0	2.97994E-8	1.90716E-8
44	119	0	6.24982E-10	3.99989E-10	44	120	0	4.69E-12	3.0016E-12
44	121	0	3.26555E-14	2.08995E-14	45	101	1	1.17E-14	7.488E-15
45	102	0	9.89E-13	6.3296E-13	45	102	1	9.89E-13	6.3296E-13
45	103	0	2.01E-11	1.2864E-11	45	103	1	1.35E-10	8.64E-11
45	104	0	1.64E-9	1.0496E-9	45	104	1	4.92E-9	3.1488E-9
45	105	0	1.76E-7	1.1264E-7	45	105	1	2.64E-8	1.6896E-8
45	106	0	1.82E-6	1.1648E-6	45	106	1	1.82E-6	1.1648E-6
45	107	0	4.635E-5	2.9664E-5	45	108	0	1.4875E-4	9.52E-5
45	108	1	1.4875E-4	9.52E-5	45	109	0	6.266E-5	4.01024E-5
45	109	1	6.266E-5	4.01024E-5	45	110	0	1.7126E-4	1.09606E-4
45	110	1	1.7126E-4	1.09606E-4	45	111	0	3.4946E-4	2.23654E-4
45	112	0	3.8155E-4	2.44192E-4	45	113	0	4.5201E-4	2.89286E-4
45	114	0	4.6662E-4	2.98637E-4	45	115	0	3.7328E-4	2.38899E-4
45	116	0	1.3115E-4	8.3936E-5	45	117	0	4.07E-5	2.6048E-5
45	118	0	6.76E-6	4.3264E-6	45	119	0	7.0E-7	4.48E-7
45	120	0	1.98E-8	1.2672E-8	45	121	0	5.09967E-10	3.26379E-10
45	122	0	6.34E-12	4.0576E-12	45	123	0	5.96E-14	3.8144E-14
46	104	0	1.42E-13	9.088E-14	46	105	0	1.24E-11	7.936E-12
46	106	0	8.91E-10	5.7024E-10	46	107	0	1.17E-8	7.488E-9
46	107	1	2.17E-8	1.3888E-8	46	108	0	8.87E-7	5.6768E-7
46	109	0	4.28E-10	2.7392E-10	46	109	1	7.94E-10	5.0816E-10
46	110	0	2.14E-8	1.3696E-8	46	111	0	3.14E-8	2.0096E-8
46	111	1	5.84E-8	3.7376E-8	46	112	0	5.37E-7	3.4368E-7
46	113	0	2.18E-6	1.3952E-6	46	114	0	9.603E-5	6.14592E-5
46	115	0	2.4115E-4	1.54336E-4	46	116	0	3.3064E-4	2.1161E-4
46	117	0	2.8742E-4	1.83949E-4	46	118	0	1.9807E-4	1.26765E-4
46	119	0	6.573E-5	4.20672E-5	46	120	0	9.05E-6	5.792E-6
46	121	0	8.27E-7	5.2928E-7	46	122	0	5.21E-8	3.3344E-8
46	123	0	1.76E-9	1.1264E-9	46	130	0	1.23E-14	7.872E-15
47	107	0	8.07E-14	5.1648E-14	47	107	1	5.4E-13	3.456E-13
47	108	1	2.55E-11	1.632E-11	47	108	0	2.55E-11	1.632E-11
47	112	0	1.57E-13	1.0048E-13	47	113	0	4.72E-13	3.0208E-13
47	113	1	3.16E-12	2.0224E-12	47	114	0	5.13E-7	3.2832E-7
47	115	0	3.29E-6	2.1056E-6	47	115	1	3.29E-6	2.1056E-6
47	116	0	1.413E-5	9.0432E-6	47	116	1	1.413E-5	9.0432E-6
47	117	0	4.854E-5	3.10656E-5	47	117	1	4.854E-5	3.10656E-5
47	118	0	9.163E-5	5.86432E-5	47	118	1	9.163E-5	5.86432E-5
47	119	0	2.3551E-4	1.50726E-4	47	120	1	4.928E-5	3.15392E-5
47	120	0	4.928E-5	3.15392E-5	47	121	0	3.984E-5	2.54976E-5
47	122	1	4.235E-6	2.7104E-6	47	122	0	4.235E-6	2.7104E-6
47	123	0	1.36E-6	8.704E-7	47	124	0	1.64E-11	1.0496E-11
47	125	0	1.42E-12	9.088E-13	47	126	0	1.59E-13	1.0176E-13
47	127	0	2.15E-14	1.376E-14	47	129	0	2.41167E-16	1.54347E-16
47	130	0	8.09E-10	5.1776E-10	47	131	0	1.08927E-11	6.97134E-12
47	132	0	2.87093E-13	1.83739E-13	48	114	0	3.1E-10	1.984E-10
48	115	0	3.71E-9	2.3744E-9	48	115	1	1.24E-8	7.936E-9
48	116	0	3.44E-7	2.2016E-7	48	117	0	8.93E-7	5.7152E-7
48	117	1	2.99E-6	1.9136E-6	48	118	0	3.133E-5	2.00512E-5
48	119	0	5.767E-5	3.69088E-5	48	119	1	5.767E-5	3.69088E-5
48	120	0	1.8887E-4	1.20877E-4	48	121	1	1.05845E-4	6.77408E-5
48	121	0	1.05845E-4	6.77408E-5	48	122	0	1.8369E-4	1.17562E-4
48	123	0	9.051E-5	5.79264E-5	48	124	0	4.22E-6	2.7008E-6
48	125	0	9.97E-7	6.3808E-7	48	126	0	4.65E-7	2.976E-7
48	127	0	1.88E-7	1.2032E-7	48	128	0	4.46E-8	2.8544E-8
48	129	0	7.2E-9	4.608E-9	48	130	0	5.34E-6	3.4176E-6
48	131	0	3.77989E-7	2.41913E-7	48	132	0	1.35997E-8	8.70382E-9
48	133	0	9.86069E-11	6.31084E-11	48	134	0	1.28E-12	8.192E-13
49	115	0	8.58E-13	5.4912E-13	49	115	1	2.01E-13	1.2864E-13
49	116	2	2.86E-11	1.8304E-11	49	116	0	2.86E-11	1.8304E-11
49	116	1	2.86E-11	1.8304E-11	49	117	0	3.93E-9	2.5152E-9
49	117	1	9.21E-10	5.8944E-10	49	118	2	1.7E-8	1.088E-8
49	118	0	1.02E-7	6.528E-8	49	118	1	1.7E-8	1.088E-8
49	119	0	1.87E-6	1.1968E-6	49	119	1	4.39E-7	2.8096E-7
49	120	2	4.01333E-6	2.56853E-6	49	120	0	4.01333E-6	2.56853E-6
49	120	1	4.01333E-6	2.56853E-6	49	121	0	4.385E-5	2.8064E-5
49	121	1	1.029E-5	6.5856E-6	49	122	2	4.308E-5	2.75712E-5
49	122	0	4.308E-5	2.75712E-5	49	122	1	4.308E-5	2.75712E-5
49	123	0	1.9303E-4	1.23539E-4	49	123	1	4.528E-5	2.89792E-5
49	124	1	1.55835E-4	9.97344E-5	49	124	0	1.55835E-4	9.97344E-5
49	125	0	1.1831E-4	7.57184E-5	49	125	1	1.1831E-4	7.57184E-5
49	126	1	1.4326E-4	9.16864E-5	49	126	0	1.4326E-4	9.16864E-5
49	127	0	2.1849E-4	1.39834E-4	49	127	1	2.1849E-4	1.39834E-4
49	128	1	1.55715E-4	9.96576E-5	49	128	0	1.55715E-4	9.96576E-5
49	129	0	1.1629E-4	7.44256E-5	49	129	1	1.1629E-4	7.44256E-5
49	130	2	2.34887E-4	1.50327E-4	49	130	1	2.34887E-4	1.50327E-4
49	130	0	2.34887E-4	1.50327E-4	49	131	1	1.01555E-4	6.49952E-5
49	131	0	1.01555E-4	6.49952E-5	49	132	0	2.317E-5	1.48288E-5
49	133	0	1.5399E-6	9.85537E-7	49	134	0	3.57E-8	2.2848E-8
49	135	0	1.37456E-10	8.79717E-11	49	136	0	3.14E-12	2.0096E-12
50	117	1	2.295E-13	1.4688E-13	50	117	0	2.295E-13	1.4688E-13
50	118	0	6.61E-11	4.2304E-11	50	119	0	9.31E-10	5.9584E-10
50	119	1	3.12E-9	1.9968E-9	50	120	0	1.06E-7	6.784E-8
50	121	0	4.6E-7	2.944E-7	50	121	1	1.13E-6	7.232E-7
50	122	0	1.646E-5	1.05344E-5	50	123	0	6.107E-5	3.90848E-5
50	123	1	2.495E-5	1.5968E-5	50	124	0	2.9036E-4	1.8583E-4
50	125	0	2.6139E-4	1.6729E-4	50	125	1	1.0676E-4	6.83264E-5
50	126	0	0.00109185	6.98784E-4	50	127	0	0.00216652	0.00138657
50	127	1	8.8492E-4	5.66349E-4	50	128	1	0.00311248	0.00199198
50	128	0	0.00311248	0.00199198	50	129	0	0.00786071	0.00503085
50	129	1	0.00320703	0.0020525	50	130	1	0.00632005	0.00404483
50	130	0	0.00632005	0.00404483	50	131	1	0.00479445	0.00306845
50	131	0	0.00479445	0.00306845	50	132	0	0.00446882	0.00286005
50	133	0	9.3867E-4	6.00749E-4	50	134	0	1.0183E-4	6.51712E-5
50	135	0	4.76986E-6	3.05271E-6	50	136	0	1.45E-7	9.28E-8
50	137	0	2.43E-9	1.5552E-9	50	138	0	2.93E-11	1.8752E-11
50	139	0	6.65917E-13	4.26187E-13	51	119	0	1.88E-13	1.2032E-13
51	120	0	7.69E-12	4.9216E-12	51	120	1	1.11E-11	7.104E-12
51	121	0	1.42E-9	9.088E-10	51	122	0	2.42E-8	1.5488E-8
51	122	1	2.73E-8	1.7472E-8	51	123	0	1.22E-6	7.808E-7
51	124	2	1.26667E-7	8.10667E-8	51	124	0	1.26667E-7	8.10667E-8
51	124	1	1.26667E-7	8.10667E-8	51	125	0	1.58E-6	1.0112E-6
51	126	2	3.53E-6	2.2592E-6	51	126	0	4.15E-6	2.656E-6
51	126	1	3.53E-6	2.2592E-6	51	127	0	9.695E-5	6.2048E-5
51	128	0	1.5915E-4	1.01856E-4	51	128	1	2.7098E-4	1.73427E-4
51	129	0	0.00223615	0.00143114	51	130	0	0.00276482	0.00176948
51	130	1	0.00470766	0.0030129	51	131	0	0.018621	0.00595873
51	132	0	0.0129346	0.00413907	51	132	1	0.00936642	0.00599451
51	133	0	0.0182309	0.00583388	51	134	1	0.00303161	0.00194023
51	134	0	0.00303161	0.00194023	51	135	0	0.00127294	8.14682E-4
51	136	0	1.2583E-4	8.05312E-5	51	137	0	9.13E-6	5.8432E-6
51	138	0	3.37E-7	2.1568E-7	51	139	0	1.03993E-8	6.65557E-9
51	140	0	5.53076E-11	3.53968E-11	51	141	0	4.27388E-12	2.73528E-12
51	142	0	4.79192E-14	3.06683E-14	52	121	1	4.74E-14	3.0336E-14
52	121	0	4.74E-14	3.0336E-14	52	122	0	1.78E-11	1.1392E-11
52	123	0	3.42E-10	2.1888E-10	52	123	1	1.14E-9	7.296E-10
52	124	0	6.2E-13	3.968E-13	52	125	0	1.63E-12	1.0432E-12
52	125	1	5.45E-12	3.488E-12	52	126	0	2.05E-10	1.312E-10
52	127	0	1.49E-9	9.536E-10	52	127	1	3.64E-9	2.3296E-9
52	128	0	9.68E-8	6.1952E-8	52	129	0	4.67E-7	2.9888E-7
52	129	1	1.14E-6	7.296E-7	52	130	0	7.871E-4	5.03744E-4
52	131	0	0.00143158	9.16211E-4	52	131	1	0.00350491	0.00224314
52	132	0	0.0207571	0.00664226	52	133	0	0.0124948	0.00399834
52	133	1	0.030591	0.00978912	52	134	0	0.0531169	0.0169974
52	135	0	0.0316091	0.0101149	52	136	0	0.0127704	0.00408653
52	137	0	0.00270263	0.00172968	52	138	0	4.0699E-4	2.60474E-4
52	139	0	3.665E-5	2.3456E-5	52	140	0	2.61994E-6	1.67676E-6
52	141	0	1.48308E-7	9.49172E-8	52	142	0	2.26995E-9	1.45277E-9
52	143	0	1.38168E-11	8.84278E-12	52	144	0	1.35229E-12	8.65462E-13
53	123	0	4.73E-14	3.0272E-14	53	129	0	3.2E-13	2.048E-13
53	130	0	1.4E-6	8.96E-7	53	130	1	6.0E-7	3.84E-7
53	131	0	4.964E-5	3.17696E-5	53	132	1	3.00225E-4	1.92144E-4
53	132	0	3.00225E-4	1.92144E-4	53	133	1	0.00241184	0.00154357
53	133	0	0.00241184	0.00154357	53	134	0	0.00929003	0.00594562
53	134	1	0.00672789	0.00302755	53	135	0	0.0344744	0.0110318
53	136	0	0.0179568	0.00574618	53	136	1	0.0179208	0.00573465
53	137	0	0.0271432	0.00868582	53	138	0	0.0108174	0.00346155
53	139	0	0.00365907	0.00234181	53	140	0	7.1129E-4	4.55226E-4
53	141	0	1.02762E-4	6.57675E-5	53	142	0	6.79E-6	4.3456E-6
53	143	0	2.15772E-7	1.38094E-7	53	144	0	1.547E-8	9.90077E-9
53	145	0	5.04293E-11	3.22747E-11	53	146	0	1.37425E-12	8.79517E-13
53	147	0	5.25882E-13	3.36564E-13	54	130	0	5.54E-10	3.5456E-10
54	131	0	1.21E-8	7.744E-9	54	131	1	2.96E-8	1.8944E-8
54	132	0	2.21E-6	1.4144E-6	54	133	0	1.624E-5	1.03936E-5
54	133	1	3.975E-5	2.544E-5	54	134	0	2.3988E-4	1.53523E-4
54	134	1	5.5972E-4	3.58221E-4	54	135	0	0.0014505	9.2832E-4
54	135	1	0.00355052	0.00227233	54	136	0	0.0192228	0.00865025
54	137	0	0.0351416	0.0112453	54	138	0	0.0461399	0.0147648
54	139	0	0.037278	0.011929	54	140	0	0.0245879	0.00786813
54	141	0	0.00911633	0.00583445	54	142	0	0.0022343	0.00142995
54	143	1	1.66107E-4	1.06309E-4	54	143	0	1.66107E-4	1.06309E-4
54	144	0	3.25145E-5	2.08093E-5	54	145	0	1.74995E-6	1.11997E-6
54	146	0	6.50986E-8	4.16631E-8	54	147	0	1.82487E-8	1.16791E-8
54	148	0	1.59E-11	1.0176E-11	54	149	0	5.13721E-13	3.28781E-13
55	131	0	9.08E-13	5.8112E-13	55	132	0	1.58E-10	1.0112E-10
55	133	0	1.86E-8	1.1904E-8	55	134	1	4.495E-7	2.8768E-7
55	134	0	4.495E-7	2.8768E-7	55	135	1	1.2815E-5	8.2016E-6
55	135	0	1.2815E-5	8.2016E-6	55	136	1	1.4986E-4	9.59104E-5
55	136	0	1.4986E-4	9.59104E-5	55	137	0	0.00208135	0.00133206
55	138	0	0.00341604	0.00218627	55	138	1	0.00341636	0.00218647
55	139	0	0.0178912	0.00572518	55	140	0	0.0264298	0.00845755
55	141	0	0.031019	0.00992607	55	142	0	0.0180297	0.0057695
55	143	0	0.00930267	0.00595371	55	144	0	0.0024484	0.00156698
55	145	0	4.964E-4	3.17696E-4	55	146	0	5.3E-5	3.392E-5
55	147	0	1.26444E-5	8.0924E-6	55	148	0	1.51E-7	9.664E-8
55	149	0	8.02256E-9	5.13444E-9	55	150	0	6.54E-11	4.1856E-11
55	151	0	9.31523E-13	5.96175E-13	55	152	0	1.08926E-14	6.97129E-15
56	133	0	4.54E-13	2.9056E-13	56	134	0	1.07E-10	6.848E-11
56	135	1	5.3E-9	3.392E-9	56	135	0	5.3E-9	3.392E-9
56	136	1	2.825E-7	1.808E-7	56	136	0	2.825E-7	1.808E-7
56	137	0	3.44E-6	2.2016E-6	56	137	1	8.43E-6	5.3952E-6
56	138	0	1.5348E-4	9.82272E-5	56	139	0	0.00105862	6.77517E-4
56	140	0	0.00529778	0.00339058	56	141	0	0.0144411	0.00462116
56	142	0	0.0262526	0.00840084	56	143	0	0.0304572	0.0097463
56	144	0	0.0264623	0.00846794	56	145	0	0.0130281	0.00416898
56	146	0	0.0050774	0.00324954	56	147	0	9.89617E-4	6.33355E-4
56	148	0	1.5217E-4	9.73888E-5	56	149	0	1.2352E-5	7.90527E-6
56	150	0	7.57E-7	4.8448E-7	56	151	0	3.23249E-8	2.06879E-8
56	152	0	5.15989E-10	3.30233E-10	56	153	0	3.5729E-12	2.28666E-12
56	154	0	4.88E-14	3.1232E-14	57	135	0	1.11E-13	7.104E-14
57	137	0	1.87E-9	1.1968E-9	57	138	0	7.33E-8	4.6912E-8
57	139	0	2.02E-6	1.2928E-6	57	140	0	2.748E-5	1.75872E-5
57	141	0	2.7318E-4	1.74835E-4	57	142	0	0.00124595	7.97408E-4
57	143	0	0.00478891	0.0030649	57	144	0	0.00974731	0.00623828
57	145	0	0.0149433	0.00478186	57	146	1	0.00678125	0.00434
57	146	0	0.00678125	0.00434	57	147	0	0.00903804	0.00578435
57	148	0	0.00341279	0.00218419	57	149	0	0.00103419	6.61882E-4
57	150	0	1.7144E-4	1.09722E-4	57	151	0	2.23977E-5	1.43345E-5
57	152	0	1.32E-6	8.448E-7	57	153	0	5.57964E-8	3.57097E-8
57	154	0	1.4E-9	8.96E-10	57	155	0	7.03128E-12	4.50002E-12
57	156	0	1.47557E-13	9.44366E-14	57	157	0	3.77499E-15	2.41599E-15
58	137	0	2.13E-14	1.3632E-14	58	138	0	3.6E-12	2.304E-12
58	139	0	8.61E-11	5.5104E-11	58	139	1	2.11E-10	1.3504E-10
58	140	0	1.61E-8	1.0304E-8	58	141	0	4.51E-7	2.8864E-7
58	142	0	7.89E-6	5.0496E-6	58	143	0	8.124E-5	5.19936E-5
58	144	0	6.0862E-4	3.89517E-4	58	145	0	0.00228479	0.00146227
58	146	0	0.0069001	0.00441606	58	147	0	0.0106286	0.00340115
58	148	0	0.0125326	0.00401042	58	149	0	0.00900059	0.00576038
58	150	0	0.00502201	0.00321409	58	151	0	0.00167115	0.00106954
58	152	0	3.7452E-4	2.39693E-4	58	153	0	4.34E-5	2.7776E-5
58	154	0	4.13E-6	2.6432E-6	58	155	0	2.43993E-7	1.56156E-7
58	156	0	6.98985E-9	4.47351E-9	58	157	0	1.30996E-10	8.38376E-11
58	158	0	1.77E-12	1.1328E-12	58	159	0	2.15142E-14	1.37691E-14
59	140	0	1.74E-13	1.1136E-13	59	141	0	1.97E-11	1.2608E-11
59	142	1	4.96E-10	3.1744E-10	59	142	0	4.96E-10	3.1744E-10
59	143	0	4.04E-8	2.5856E-8	59	144	0	8.73E-8	5.5872E-8
59	144	1	7.86E-7	5.0304E-7	59	145	0	1.242E-5	7.9488E-6
59	146	0	1.0163E-4	6.50432E-5	59	147	0	5.6276E-4	3.60166E-4
59	148	1	7.93015E-4	5.0753E-4	59	148	0	7.93015E-4	5.0753E-4
59	149	0	0.00371606	0.00237828	59	150	0	0.0046464	0.0029737
59	151	0	0.00487405	0.00311939	59	152	0	0.00264193	0.00169084
59	153	0	0.00105491	6.75142E-4	59	154	0	2.5338E-4	1.62163E-4
59	155	0	5.596E-5	3.58144E-5	59	156	0	4.45E-6	2.848E-6
59	157	0	3.29E-7	2.1056E-7	59	158	0	1.27E-8	8.128E-9
59	159	0	3.35979E-10	2.15026E-10	59	160	0	3.71E-12	2.3744E-12
59	161	0	1.94513E-14	1.24488E-14	59	162	0	6.43848E-17	4.12062E-17
60	142	0	1.25E-14	8.0E-15	60	143	0	1.49E-12	9.536E-13
60	144	0	1.33E-10	8.512E-11	60	145	0	5.44E-9	3.4816E-9
60	146	0	1.8E-7	1.152E-7	60	147	0	2.85E-6	1.824E-6
60	148	0	2.994E-5	1.91616E-5	60	149	0	1.8608E-4	1.19091E-4
60	150	0	7.9437E-4	5.08397E-4	60	151	0	0.00194838	0.00124696
60	152	0	0.0034002	0.00217613	60	153	0	0.00304669	0.00194988
60	154	0	0.00228142	0.00146011	60	155	0	0.00121179	7.75546E-4
60	156	0	3.3907E-4	2.17005E-4	60	157	0	6.614E-5	4.23296E-5
60	158	0	9.72E-6	6.2208E-6	60	159	0	7.19E-7	4.6016E-7
60	160	0	3.14E-8	2.0096E-8	60	161	0	6.74981E-10	4.31988E-10
60	162	0	3.04994E-12	1.95196E-12	60	163	0	4.52E-14	2.8928E-14
60	165	0	3.19512E-18	2.04488E-18	61	145	0	6.1E-14	3.904E-14
61	146	0	6.07E-12	3.8848E-12	61	147	0	3.96E-10	2.5344E-10
61	148	0	3.56E-9	2.2784E-9	61	148	1	8.31E-9	5.3184E-9
61	149	0	2.96E-7	1.8944E-7	61	150	0	3.45E-6	2.208E-6
61	151	0	3.106E-5	1.98784E-5	61	152	2	4.68933E-5	3.00117E-5
61	152	0	4.68933E-5	3.00117E-5	61	152	1	4.68933E-5	3.00117E-5
61	153	0	4.2048E-4	2.69107E-4	61	154	0	3.523E-4	2.25472E-4
61	154	1	3.523E-4	2.25472E-4	61	155	0	0.00116727	7.47053E-4
61	156	0	7.3804E-4	4.72346E-4	61	157	0	4.6862E-4	2.99917E-4
61	158	0	1.6934E-4	1.08378E-4	61	159	0	4.493E-5	2.87552E-5
61	160	0	5.27E-6	3.3728E-6	61	161	0	4.22E-7	2.7008E-7
61	162	0	5.38E-9	3.4432E-9	61	163	0	3.08E-10	1.9712E-10
61	164	0	4.3E-12	2.752E-12	61	165	0	4.98968E-14	3.1934E-14
61	166	0	2.51206E-16	1.60772E-16	61	167	0	4.55304E-18	2.91395E-18
62	148	0	4.83E-13	3.0912E-13	62	149	0	3.61E-11	2.3104E-11
62	150	0	1.68E-9	1.0752E-9	62	151	0	4.26E-8	2.7264E-8
62	152	0	7.67E-7	4.9088E-7	62	153	0	6.17E-6	3.9488E-6
62	154	0	3.617E-5	2.31488E-5	62	155	0	1.4809E-4	9.47776E-5
62	156	0	3.0622E-4	1.95981E-4	62	157	0	4.4047E-4	2.81901E-4
62	158	0	4.9608E-4	3.17491E-4	62	159	0	3.012E-4	1.92768E-4
62	160	0	1.175E-4	7.52E-5	62	161	0	2.297E-5	1.47008E-5
62	162	0	1.07E-6	6.848E-7	62	163	0	1.61E-7	1.0304E-7
62	164	0	8.47E-9	5.4208E-9	62	165	0	2.71E-10	1.7344E-10
62	166	0	1.18997E-11	7.61584E-12	62	167	0	1.57995E-13	1.01117E-13
62	169	0	9.15635E-18	5.86007E-18	63	151	0	1.54E-12	9.856E-13
63	152	2	2.74667E-11	1.75787E-11	63	152	0	2.74667E-11	1.75787E-11
63	152	1	2.74667E-11	1.75787E-11	63	153	0	2.63E-9	1.6832E-9
63	154	1	2.095E-8	1.3408E-8	63	154	0	2.095E-8	1.3408E-8
63	155	0	6.54E-7	4.1856E-7	63	156	0	3.59E-6	2.2976E-6
63	157	0	1.823E-5	1.16672E-5	63	158	0	4.964E-5	3.17696E-5
63	159	0	9.673E-5	6.19072E-5	63	160	0	8.475E-5	5.424E-5
63	161	0	5.061E-5	3.23904E-5	63	162	0	5.47E-6	3.5008E-6
63	163	0	2.73E-6	1.7472E-6	63	164	0	3.56E-7	2.2784E-7
63	165	0	4.09E-8	2.6176E-8	63	166	0	4.65E-9	2.976E-9
63	167	0	2.33E-10	1.4912E-10	63	168	0	6.39E-12	4.0896E-12
63	169	0	1.42991E-13	9.15141E-14	63	171	0	2.50129E-18	1.60083E-18
64	153	0	8.26E-14	5.2864E-14	64	154	0	5.15E-12	3.296E-12
64	155	0	2.31E-10	1.4784E-10	64	156	0	4.98E-9	3.1872E-9
64	157	0	7.04E-8	4.5056E-8	64	158	0	7.2E-7	4.608E-7
64	159	0	3.66E-6	2.3424E-6	64	160	0	1.109E-5	7.0976E-6
64	161	0	1.527E-5	9.7728E-6	64	162	0	5.22E-6	3.3408E-6
64	163	0	5.69E-6	3.6416E-6	64	164	0	2.29E-6	1.4656E-6
64	165	0	6.06E-7	3.8784E-7	64	166	0	2.25E-7	1.44E-7
64	167	0	2.84E-8	1.8176E-8	64	168	0	2.83E-9	1.8112E-9
64	169	0	1.7E-10	1.088E-10	64	170	0	5.33E-12	3.4112E-12
64	171	0	8.67975E-14	5.55504E-14	65	156	0	1.17E-13	7.488E-14
65	156	1	1.3E-14	8.32E-15	65	157	0	7.4E-12	4.736E-12
65	158	0	1.95E-10	1.248E-10	65	158	1	2.16E-11	1.3824E-11
65	159	0	4.3E-9	2.752E-9	65	160	0	3.58E-8	2.2912E-8
65	161	0	1.77E-7	1.1328E-7	65	162	0	7.77E-8	4.9728E-8
65	162	1	7.77E-8	4.9728E-8	65	163	0	5.58E-7	3.5712E-7
65	164	0	5.09E-7	3.2576E-7	65	165	0	4.12E-7	2.6368E-7
65	166	0	3.26E-7	2.0864E-7	65	167	0	1.29E-7	8.256E-8
65	168	0	3.0E-8	1.92E-8	65	169	0	6.15E-9	3.936E-9
65	170	0	4.93E-10	3.1552E-10	65	171	0	2.95E-11	1.888E-11
65	172	0	1.26E-12	8.064E-13	66	159	0	3.82E-13	2.4448E-13
66	160	0	1.27E-11	8.128E-12	66	161	0	1.74E-10	1.1136E-10
66	162	0	5.9E-10	3.776E-10	66	163	0	5.59E-9	3.5776E-9
66	164	0	1.81E-8	1.1584E-8	66	165	0	3.12E-8	1.9968E-8
66	165	1	4.66E-9	2.9824E-9	66	166	0	8.96E-8	5.7344E-8
66	167	0	7.91E-8	5.0624E-8	66	168	0	5.61E-8	3.5904E-8
66	169	0	2.53E-8	1.6192E-8	66	170	0	6.41E-9	4.1024E-9
66	171	0	9.16E-10	5.8624E-10	66	172	0	1.35E-10	8.64E-11
67	162	0	1.31E-14	8.384E-15	67	162	1	3.05E-14	1.952E-14
67	163	0	1.39E-12	8.896E-13	67	163	1	2.07E-13	1.3248E-13
67	164	0	4.24E-12	2.7136E-12	67	164	1	9.88E-12	6.3232E-12
67	165	0	1.04E-10	6.656E-11	67	166	0	1.98E-10	1.2672E-10
67	166	1	4.62E-10	2.9568E-10	67	167	0	2.04E-9	1.3056E-9
67	168	0	3.48E-9	2.2272E-9	67	169	0	5.02E-9	3.2128E-9
67	170	0	1.41E-9	9.024E-10	67	170	1	1.41E-9	9.024E-10
67	171	0	1.22E-9	7.808E-10	67	172	0	4.0E-10	2.56E-10
68	165	0	2.37E-14	1.5168E-14	68	166	0	5.6E-13	3.584E-13
68	167	0	4.1E-12	2.624E-12	68	167	1	6.12E-13	3.9168E-13
68	168	0	2.97E-11	1.9008E-11	68	169	0	1.1E-10	7.04E-11
68	170	0	2.13E-10	1.3632E-10	68	171	0	2.19E-10	1.4016E-10
68	172	0	2.25E-10	1.44E-10	69	169	0	7.25E-14	4.64E-14
69	170	0	3.78E-13	2.4192E-13	69	171	0	1.42E-12	9.088E-13
69	172	0	3.72E-12	2.3808E-12