Z	A	FPS	Yield	Uncertainty	Z	A	FPS	Yield	Uncertainty
23	66	0	4.13545E-14	2.64668E-14	23	67	0	7.50488E-15	4.80312E-15
24	66	0	7.9842E-11	5.10989E-11	24	67	0	1.44895E-11	9.27326E-12
24	68	0	1.62966E-12	1.04298E-12	24	69	0	1.40264E-13	8.97687E-14
25	66	0	1.09977E-8	7.03853E-9	25	67	0	4.72901E-9	3.02657E-9
25	68	0	1.26973E-9	8.1263E-10	25	69	0	2.70803E-10	1.73314E-10
25	70	0	4.05915E-11	2.59786E-11	25	71	0	4.64903E-12	2.97538E-12
25	72	0	5.12402E-13	3.27937E-13	26	66	0	1.70964E-7	1.09417E-7
26	67	0	1.65965E-7	1.06218E-7	26	68	0	1.01979E-7	6.52664E-8
26	69	0	5.11893E-8	3.27612E-8	26	70	0	1.81962E-8	1.16456E-8
26	71	0	5.02895E-9	3.21853E-9	26	72	0	9.89281E-10	6.3314E-10
26	73	0	1.19975E-10	7.6784E-11	26	74	0	1.10977E-11	7.10252E-12
26	75	0	1.50098E-12	9.60624E-13	26	76	0	3.15934E-14	2.02198E-14
27	66	0	3.39929E-7	2.17555E-7	27	67	0	7.08852E-7	4.53665E-7
27	68	0	9.578E-7	6.12992E-7	27	69	0	1.06978E-6	6.84657E-7
27	70	0	8.65819E-7	5.54124E-7	27	71	0	5.53884E-7	3.54486E-7
27	72	0	2.56946E-7	1.64446E-7	27	73	0	7.46844E-8	4.7798E-8
27	74	0	1.65965E-8	1.06218E-8	27	75	0	2.89789E-9	1.85465E-9
27	76	0	2.73943E-10	1.75323E-10	27	77	0	1.75976E-11	1.12625E-11
27	78	0	1.8581E-12	1.18919E-12	28	66	0	9.29806E-8	5.95076E-8
28	67	0	4.13914E-7	2.64905E-7	28	68	0	1.18975E-6	7.61441E-7
28	69	0	2.81941E-6	1.80442E-6	28	70	0	4.93897E-6	3.16094E-6
28	71	0	6.93855E-6	4.44067E-6	28	72	0	7.24849E-6	4.63903E-6
28	73	0	4.82899E-6	3.09055E-6	28	74	0	2.49948E-6	1.59967E-6
28	75	0	1.00979E-6	6.46265E-7	28	76	0	2.28952E-7	1.46529E-7
28	77	0	3.39753E-8	2.17442E-8	28	78	0	3.58739E-9	2.29593E-9
28	79	0	1.52685E-10	9.77187E-11	28	80	0	1.05978E-11	6.78258E-12
29	66	0	3.14934E-9	2.01558E-9	29	67	0	3.14934E-8	2.01558E-8
29	68	0	3.57925E-8	2.29072E-8	29	68	1	1.62966E-7	1.04298E-7
29	69	0	1.01979E-6	6.52664E-7	29	70	0	5.70881E-7	3.65364E-7
29	70	1	3.22933E-6	2.06677E-6	29	71	0	1.13576E-5	7.26888E-6
29	72	0	2.53547E-5	1.6227E-5	29	73	0	3.66623E-5	2.34639E-5
29	74	0	4.20612E-5	2.69192E-5	29	75	0	3.78721E-5	2.42381E-5
29	76	0	1.97459E-5	1.26374E-5	29	77	0	6.87856E-6	4.40228E-6
29	78	0	1.72964E-6	1.10697E-6	29	79	0	2.94786E-7	1.88663E-7
29	80	0	3.18933E-8	2.04117E-8	29	81	0	2.32951E-9	1.49089E-9
29	82	0	1.05978E-10	6.78258E-11	29	83	0	7.40136E-12	4.73687E-12
30	66	0	1.14976E-11	7.35846E-12	30	67	0	2.69944E-10	1.72764E-10
30	68	0	3.98917E-9	2.55307E-9	30	69	0	5.12893E-9	3.28251E-9
30	69	1	4.14913E-8	2.65545E-8	30	70	0	3.87919E-7	2.48268E-7
30	71	0	2.78942E-7	1.78523E-7	30	71	1	2.24953E-6	1.4397E-6
30	72	0	1.21375E-5	7.76798E-6	30	73	0	3.72922E-5	2.3867E-5
30	74	0	9.0951E-5	5.82086E-5	30	75	0	1.72394E-4	1.10332E-4
30	76	0	1.96459E-4	1.25734E-4	30	77	0	1.52898E-4	9.78548E-5
30	78	0	8.76517E-5	5.60971E-5	30	79	0	3.55326E-5	2.27409E-5
30	80	0	9.48802E-6	6.07233E-6	30	81	0	1.73964E-6	1.11337E-6
30	82	0	2.03957E-7	1.30533E-7	30	83	0	1.42896E-8	9.14535E-9
30	84	0	6.34867E-10	4.06315E-10	30	85	0	4.36836E-11	2.79575E-11
30	86	0	4.54905E-13	2.91139E-13	31	67	0	2.36951E-13	1.51648E-13
31	68	0	8.40824E-12	5.38128E-12	31	69	0	2.33951E-10	1.49729E-10
31	70	0	4.56905E-9	2.92419E-9	31	71	0	6.88856E-8	4.40868E-8
31	72	1	3.71922E-7	2.3803E-7	31	72	0	3.71922E-7	2.3803E-7
31	73	0	5.08894E-6	3.25692E-6	31	74	1	1.34572E-5	8.6126E-6
31	74	0	1.34572E-5	8.6126E-6	31	75	0	1.06858E-4	6.83889E-5
31	76	0	2.58486E-4	1.65431E-4	31	77	0	4.28741E-4	2.74394E-4
31	78	0	5.30919E-4	3.39788E-4	31	79	0	4.84349E-4	3.09983E-4
31	80	0	3.04236E-4	1.94711E-4	31	81	0	1.34012E-4	8.57677E-5
31	82	0	3.95517E-5	2.53131E-5	31	83	0	7.1885E-6	4.60064E-6
31	84	0	8.45823E-7	5.41327E-7	31	85	0	8.43387E-8	5.39768E-8
31	86	0	4.22912E-9	2.70663E-9	31	87	0	1.94609E-10	1.2455E-10
32	69	0	1.17975E-13	7.55042E-14	32	70	0	5.54884E-12	3.55126E-12
32	71	0	9.99791E-11	6.39866E-11	32	71	1	9.99791E-11	6.39866E-11
32	72	0	5.11893E-9	3.27612E-9	32	73	0	7.55842E-8	4.83739E-8
32	73	1	9.34805E-9	5.98275E-9	32	74	0	9.917929E-7	6.34747E-7
32	75	0	6.92855E-7	4.43427E-7	32	75	1	7.96834E-6	5.09974E-6
32	76	0	4.60504E-5	2.94722E-5	32	77	0	1.53208E-4	9.80531E-5
32	77	1	1.15276E-5	7.37766E-6	32	78	0	4.34359E-4	2.7799E-4
32	79	1	4.2909E-4	2.74618E-4	32	79	0	4.2909E-4	2.74618E-4
32	80	0	0.00119714	7.6617E-4	32	81	0	0.00119904	7.67385E-4
32	82	0	8.42344E-4	5.391E-4	32	83	0	3.8101E-4	2.43847E-4
32	84	0	1.14016E-4	7.29704E-5	32	85	0	2.8814E-5	1.8441E-5
32	86	0	3.79921E-6	2.43149E-6	32	87	0	3.75727E-7	2.40465E-7
32	88	0	2.31952E-8	1.48449E-8	32	89	0	8.79882E-10	5.63124E-10
32	90	0	1.29773E-10	8.30549E-11	33	71	0	5.7488E-14	3.67923E-14
33	72	0	3.56925E-12	2.28432E-12	33	73	0	1.4297E-10	9.15009E-11
33	74	0	7.14851E-10	4.57504E-10	33	74	1	3.25932E-9	2.08596E-9
33	75	0	7.98833E-8	5.11253E-8	33	76	0	9.85794E-7	6.30908E-7
33	77	0	8.02832E-6	5.13813E-6	33	78	0	4.71702E-5	3.01889E-5
33	79	0	2.07507E-4	1.32804E-4	33	80	0	6.48025E-4	4.14736E-4
33	81	0	0.00143162	9.16238E-4	33	82	0	0.00113422	7.25903E-4
33	82	1	0.00113451	7.26088E-4	33	83	0	0.00240294	0.00153788
33	84	1	8.629E-4	5.52256E-4	33	84	0	8.629E-4	5.52256E-4
33	85	0	0.0010523	6.73472E-4	33	86	0	3.49737E-4	2.23832E-4
33	87	0	8.71318E-5	5.57644E-5	33	88	0	1.40771E-5	9.00932E-6
33	89	0	1.69877E-6	1.08721E-6	33	90	0	2.5055E-7	1.60352E-7
33	91	0	3.34355E-9	2.13987E-9	33	92	0	3.00195E-10	1.92125E-10
34	73	0	2.06957E-14	1.32452E-14	34	74	0	1.57967E-12	1.01099E-12
34	75	0	7.51843E-11	4.8118E-11	34	76	0	2.22953E-9	1.4269E-9
34	77	0	3.44928E-9	2.20754E-9	34	77	1	3.96917E-8	2.54027E-8
34	78	0	5.93876E-7	3.80081E-7	34	79	0	5.7288E-6	3.66643E-6
34	79	1	4.3091E-7	2.75782E-7	34	80	0	4.53105E-5	2.89987E-5
34	81	0	1.84262E-5	1.17927E-5	34	81	1	2.11866E-4	1.35594E-4
34	82	0	8.37635E-4	5.36086E-4	34	83	0	0.00182147	0.00116574
34	83	1	2.25143E-4	1.44092E-4	34	84	0	0.00328939	0.00210521
34	85	0	0.00234695	0.00150205	34	85	1	0.00233213	0.00149257
34	86	0	0.00369451	0.00236449	34	87	0	0.00220293	0.00140988
34	88	0	8.89874E-4	5.6952E-4	34	89	0	2.61665E-4	1.67466E-4
34	90	0	4.85091E-5	3.10459E-5	34	91	0	6.45531E-6	4.1314E-6
34	92	0	5.79579E-7	3.7093E-7	34	93	0	1.06362E-8	6.80718E-9
34	94	0	1.31972E-9	8.44624E-10	34	95	0	1.89378E-10	1.21202E-10
34	96	0	7.21849E-13	4.61984E-13	35	77	0	3.24932E-12	2.07957E-12
35	77	1	1.99958E-11	1.27973E-11	35	78	0	7.73838E-10	4.95257E-10
35	79	0	2.74943E-9	1.75963E-9	35	79	1	1.68965E-8	1.08137E-8
35	80	0	5.35888E-8	3.42968E-8	35	80	1	3.03937E-7	1.94519E-7
35	81	0	4.41908E-6	2.82821E-6	35	82	0	3.20633E-5	2.05205E-5
35	82	1	7.03853E-6	4.50466E-6	35	83	0	2.31692E-4	1.48283E-4
35	84	0	1.98968E-4	1.2734E-4	35	84	1	7.05423E-4	4.51471E-4
35	85	0	0.00285095	0.00182461	35	86	0	0.00258172	0.0016523
35	86	1	0.00258481	0.00165428	35	87	0	0.00691246	0.00442397
35	88	0	0.00661637	0.00423448	35	89	0	0.00450032	0.00288021
35	90	0	0.00202969	0.001299	35	91	0	6.80148E-4	4.35295E-4
35	92	0	1.54168E-4	9.86674E-5	35	93	0	2.05351E-5	1.31424E-5
35	94	0	2.32951E-6	1.49089E-6	35	95	0	3.65627E-7	2.34001E-7
35	96	0	8.28827E-9	5.30449E-9	35	97	0	4.19238E-10	2.68312E-10
36	78	0	9.74797E-14	6.2387E-14	36	79	1	3.08936E-12	1.97719E-12
36	79	0	3.08936E-12	1.97719E-12	36	80	0	2.8594E-10	1.83002E-10
36	81	0	8.27827E-9	5.29809E-9	36	81	1	6.2287E-10	3.98637E-10
36	82	0	2.00958E-7	1.28613E-7	36	83	0	2.71943E-6	1.74044E-6
36	83	1	3.3593E-7	2.14995E-7	36	84	0	2.99138E-5	1.91448E-5
36	85	0	2.01428E-4	1.28914E-4	36	85	1	2.48948E-5	1.59327E-5
36	86	0	9.80065E-4	6.27242E-4	36	87	0	0.00288515	0.00184649
36	88	0	0.00627936	0.00282571	36	89	0	0.0098292	0.00314534
36	90	0	0.0101941	0.00326211	36	91	0	0.00814964	0.00521577
36	92	0	0.00443471	0.00283822	36	93	0	0.00145073	9.28465E-4
36	94	0	4.11564E-4	2.63401E-4	36	95	0	7.07893E-5	4.53052E-5
36	96	0	9.16809E-6	5.86758E-6	36	97	0	8.09412E-7	5.18023E-7
36	98	0	5.39887E-8	3.45528E-8	36	99	0	1.69863E-9	1.08712E-9
36	100	0	7.41845E-11	4.74781E-11	37	81	0	1.74963E-12	1.11977E-12
37	83	0	4.15913E-9	2.66184E-9	37	84	0	1.06978E-7	6.84657E-8
37	85	0	2.03957E-6	1.30533E-6	37	86	1	1.11977E-5	7.1665E-6
37	86	0	1.11977E-5	7.1665E-6	37	87	0	1.67145E-4	1.06973E-4
37	88	0	8.85075E-4	5.66448E-4	37	89	0	0.00293372	0.00187758
37	90	0	7.70289E-4	4.92985E-4	37	90	1	0.00623084	0.00398774
37	91	0	0.0129186	0.00413395	37	92	0	0.0158282	0.00506502
37	93	0	0.0119654	0.00382894	37	94	0	0.00804432	0.00514837
37	95	0	0.00330509	0.00211526	37	96	0	0.00103311	6.61193E-4
37	97	0	2.20234E-4	1.4095E-4	37	98	0	3.59125E-5	2.2984E-5
37	99	0	3.2795E-6	2.09888E-6	37	100	0	3.02937E-7	1.9388E-7
37	101	0	8.25019E-9	5.28012E-9	37	102	0	6.9873E-10	4.47187E-10
38	83	0	5.49885E-13	3.51927E-13	38	84	0	3.77921E-11	2.4187E-11
38	85	1	9.39804E-10	6.01474E-10	38	85	0	9.39804E-10	6.01474E-10
38	86	0	5.42887E-8	3.47447E-8	38	87	0	9.15809E-7	5.86118E-7
38	87	1	1.12976E-7	7.23049E-8	38	88	0	1.39171E-5	8.90694E-6
38	89	0	1.12906E-4	7.22601E-5	38	90	0	6.30188E-4	4.03321E-4
38	91	0	0.0027242	0.00174349	38	92	0	0.00764263	0.00343919
38	93	0	0.0129296	0.00413746	38	94	0	0.0199406	0.00638098
38	95	0	0.0184032	0.00588901	38	96	0	0.0131999	0.00422396
38	97	0	0.0064745	0.00414368	38	98	0	0.00248013	0.00158728
38	99	0	6.34946E-4	4.06365E-4	38	100	0	1.21355E-4	7.7667E-5
38	101	0	1.59284E-5	1.01942E-5	38	102	0	1.34902E-6	8.63372E-7
38	103	0	2.18884E-8	1.40085E-8	38	104	0	2.29952E-9	1.47169E-9
38	105	0	2.57764E-10	1.64969E-10	39	85	0	1.65965E-13	1.06218E-13
39	87	0	6.37867E-10	4.08235E-10	39	88	0	2.27952E-8	1.4589E-8
39	89	0	5.10893E-8	3.26972E-8	39	89	1	4.13914E-7	2.64905E-7
39	90	1	3.38429E-6	2.16595E-6	39	90	0	3.38429E-6	2.16595E-6
39	91	1	3.65724E-5	2.34063E-5	39	91	0	3.65724E-5	2.34063E-5
39	92	0	5.05694E-4	3.23644E-4	39	93	1	9.54776E-4	6.11056E-4
39	93	0	9.54776E-4	6.11056E-4	39	94	0	0.00681201	0.00435969
39	95	0	0.013932	0.00445824	39	96	0	0.00132398	8.4735E-4
39	96	1	0.0207426	0.00663764	39	97	1	0.0117938	0.00754802
39	97	0	0.0117938	0.00754802	39	98	0	0.0100239	0.00320766
39	98	1	0.0100235	0.00320753	39	99	0	0.0117041	0.00374532
39	100	0	0.00516421	0.0033051	39	101	0	0.00160565	0.00102762
39	102	0	3.3406E-4	2.13799E-4	39	103	0	4.22593E-5	2.70459E-5
39	104	0	3.86919E-6	2.47628E-6	39	105	0	4.97658E-7	3.18501E-7
39	106	0	4.60126E-9	2.94481E-9	39	107	0	4.31043E-10	2.75868E-10
40	87	0	3.77921E-14	2.4187E-14	40	88	0	3.63924E-12	2.32911E-12
40	89	0	1.88961E-10	1.20935E-10	40	90	1	3.57425E-9	2.28752E-9
40	90	0	3.57425E-9	2.28752E-9	40	91	0	2.02958E-7	1.29893E-7
40	92	0	3.47927E-6	2.22674E-6	40	93	0	3.42828E-5	2.1941E-5
40	94	0	2.92019E-4	1.86892E-4	40	95	0	0.00139134	8.90457E-4
40	96	0	0.00502073	0.00321327	40	97	0	0.011741	0.00375711
40	98	0	0.0216102	0.00691526	40	99	0	0.0273972	0.0087671
40	100	0	0.026559	0.00849887	40	101	0	0.0184968	0.00591897
40	102	0	0.00901025	0.00576656	40	103	0	0.00285583	0.00182773
40	104	0	6.53354E-4	4.18146E-4	40	105	0	9.63519E-5	6.16652E-5
40	106	0	8.88354E-6	5.68547E-6	40	107	0	8.32204E-7	5.3261E-7
40	108	0	3.24932E-8	2.07957E-8	40	109	0	2.33428E-9	1.49394E-9
40	110	0	5.59883E-10	3.58325E-10	40	111	0	8.10252E-11	5.18561E-11
41	90	0	7.29848E-13	4.67102E-13	41	91	0	5.54884E-11	3.55126E-11
41	92	0	2.47948E-9	1.58687E-9	41	93	0	5.60883E-8	3.58965E-8
41	93	1	6.93855E-9	4.44067E-9	41	94	0	1.00979E-6	6.46265E-7
41	94	1	3.55926E-7	2.27792E-7	41	95	0	1.4417E-5	9.22687E-6
41	95	1	1.77963E-6	1.13896E-6	41	96	0	8.42224E-5	5.05335E-6
41	97	0	6.88156E-4	4.4042E-4	41	97	1	8.50522E-5	5.44334E-5
41	98	0	0.00266855	0.00170787	41	98	1	4.70972E-4	3.01422E-4
41	99	0	7.03333E-4	4.50133E-4	41	99	1	0.00808754	0.00517603
41	100	0	0.00927189	0.00593401	41	100	1	0.00927189	0.00593401
41	101	0	0.0279599	0.00894715	41	102	1	0.0151371	0.00968777
41	102	0	0.0151371	0.00968777	41	103	0	0.0226115	0.00723567
41	104	1	0.00611957	0.00391653	41	104	0	0.00611957	0.00391653
41	105	0	0.00440115	0.00281674	41	106	0	0.00100159	6.41018E-4
41	107	0	1.61124E-4	1.03119E-4	41	108	0	2.10856E-5	1.34948E-5
41	109	0	4.50672E-6	2.8843E-6	41	110	0	1.05978E-6	6.78258E-7
41	111	0	1.56433E-7	1.00117E-7	41	112	0	2.1376E-9	1.36806E-9
41	113	0	2.81659E-10	1.80262E-10	41	114	0	1.25254E-11	8.01624E-12
42	92	0	1.68965E-13	1.08137E-13	42	93	1	5.64882E-12	3.61525E-12
42	93	0	5.64882E-12	3.61525E-12	42	94	0	6.41866E-10	4.10794E-10
42	95	0	1.9196E-8	1.22854E-8	42	96	0	3.32931E-7	2.13076E-7
42	97	0	5.56884E-6	3.56406E-6	42	98	0	5.39287E-5	3.45144E-5
42	99	0	3.53146E-4	2.26014E-4	42	100	0	0.0017041	0.00109063
42	101	0	0.00574655	0.00367779	42	102	0	0.013924	0.00445567
42	103	0	0.0239281	0.00765699	42	104	0	0.0292195	0.00935025
42	105	0	0.0240624	0.00769998	42	106	0	0.0128157	0.00410104
42	107	0	0.00476238	0.00304792	42	108	0	0.00142391	9.11304E-4
42	109	0	5.31579E-4	3.40211E-4	42	110	0	1.99758E-4	1.27845E-4
42	111	0	3.02871E-5	1.93838E-5	42	112	0	4.127E-6	2.64128E-6
42	113	0	5.43791E-7	3.48027E-7	42	114	0	2.41824E-8	1.54768E-8
42	115	0	6.0717E-10	3.88589E-10	42	116	0	5.59883E-11	3.58325E-11
43	95	0	1.95959E-12	1.25414E-12	43	95	1	2.42949E-13	1.55488E-13
43	97	1	2.02958E-9	1.29893E-9	43	97	0	2.02958E-9	1.29893E-9
43	98	0	9.68798E-8	6.20031E-8	43	99	0	1.37971E-6	8.83016E-7
43	99	1	1.69965E-7	1.08777E-7	43	100	0	1.79662E-5	1.14984E-5
43	101	0	1.433E-4	9.17121E-5	43	102	0	4.10904E-4	2.62979E-4
43	102	1	4.10904E-4	2.62979E-4	43	103	0	0.00340169	0.00217708
43	104	0	0.00956866	0.00612394	43	105	0	0.0167224	0.00535117
43	106	0	0.0213918	0.00684537	43	107	0	0.0173459	0.0055507
43	108	0	0.011274	0.00360767	43	109	0	0.00709441	0.00454042
43	110	0	0.0041637	0.00266477	43	111	0	0.00144552	9.25132E-4
43	112	0	4.35039E-4	2.78425E-4	43	113	0	1.05284E-4	6.73817E-5
43	114	0	1.36871E-5	8.75977E-6	43	115	0	1.17225E-6	7.50238E-7
43	116	0	1.64966E-7	1.05578E-7	43	117	0	3.96464E-9	2.53737E-9
43	118	0	6.57324E-10	4.20687E-10	43	119	0	7.50488E-11	4.80312E-11
44	97	0	2.83941E-13	1.81722E-13	44	98	0	1.69965E-11	1.08777E-11
44	99	0	6.75859E-10	4.3255E-10	44	100	0	1.9396E-8	1.24134E-8
44	101	0	3.79921E-7	2.43149E-7	44	102	0	5.40887E-6	3.46168E-6
44	103	0	5.71381E-5	3.65684E-5	44	104	0	3.92758E-4	2.51365E-4
44	105	0	0.00232602	0.00148866	44	106	0	0.00486866	0.00311594
44	107	0	0.00864	0.0055296	44	108	0	0.0119298	0.00381755
44	109	1	0.00615919	0.00394188	44	109	0	0.00615919	0.00394188
44	110	0	0.0109937	0.00351799	44	111	0	0.00823394	0.00526972
44	112	0	0.00522631	0.00334484	44	113	0	0.00285451	0.00182689
44	114	0	8.09591E-4	5.18138E-4	44	115	0	2.2696E-4	1.45254E-4
44	116	0	4.792E-5	3.06688E-5	44	117	0	7.65444E-6	4.89884E-6
44	118	0	1.26908E-6	8.1221E-7	44	119	0	1.44895E-7	9.27326E-8
44	120	0	1.20975E-8	7.74238E-9	44	121	0	5.74511E-10	3.67687E-10
44	122	0	3.12935E-11	2.00278E-11	44	124	0	1.98958E-14	1.27333E-14
45	99	0	2.80941E-14	1.79802E-14	45	101	0	1.08977E-11	6.97454E-12
45	101	1	8.83816E-11	5.65642E-11	45	102	0	1.79962E-9	1.15176E-9
45	102	1	1.79962E-9	1.15176E-9	45	103	0	8.04832E-9	5.15092E-9
45	103	1	9.25807E-8	5.92516E-8	45	104	0	2.63945E-7	1.68925E-7
45	104	1	1.49969E-6	9.598E-7	45	105	0	1.65965E-5	1.06218E-5
45	105	1	1.24974E-6	7.99833E-7	45	106	0	6.54563E-5	4.18921E-5
45	106	1	6.54563E-5	4.18921E-5	45	107	0	5.55094E-4	3.5526E-4
45	108	0	8.47903E-4	5.42658E-4	45	108	1	8.47903E-4	5.42658E-4
45	109	0	0.00145724	9.32631E-4	45	109	1	0.00145986	9.34307E-4
45	110	0	0.00198888	0.00127289	45	110	1	0.00198888	0.00127289
45	111	0	0.00634786	0.00406263	45	112	0	0.00821157	0.0036952
45	113	0	0.00958633	0.00613525	45	114	0	0.00566304	0.00362434
45	115	0	0.00338349	0.00216544	45	116	0	0.00150376	9.62404E-4
45	117	0	4.94617E-4	3.16555E-4	45	118	0	1.75553E-4	1.12354E-4
45	119	0	4.3131E-5	2.76038E-5	45	120	0	8.06832E-6	5.16372E-6
45	121	0	1.10919E-6	7.09884E-7	45	122	0	1.10977E-7	7.10252E-8
45	123	0	7.75838E-9	4.96536E-9	45	124	0	4.03916E-10	2.58506E-10
45	125	0	3.42636E-11	2.19287E-11	46	102	0	2.28952E-13	1.46529E-13
46	103	0	1.71964E-11	1.10057E-11	46	104	0	7.87836E-10	5.04215E-10
46	105	0	1.99958E-8	1.27973E-8	46	106	0	3.89919E-7	2.49548E-7
46	107	0	8.39825E-7	5.37488E-7	46	107	1	3.15934E-6	2.02198E-6
46	108	0	2.84941E-5	1.82362E-5	46	109	0	1.78063E-5	1.1396E-5
46	109	1	6.6996E-5	4.28774E-5	46	110	0	1.81742E-4	1.16315E-4
46	111	0	1.35992E-4	8.70346E-5	46	111	1	5.11573E-4	3.27407E-4
46	112	0	0.00176177	0.00112753	46	113	0	0.0043654	0.00279386
46	114	0	0.00532181	0.00340596	46	115	0	0.00655931	0.00419796
46	116	0	0.00581946	0.00372445	46	117	0	0.0037576	0.00240486
46	118	0	0.0027163	0.00173843	46	119	0	0.00138289	8.8505E-4
46	120	0	5.57204E-4	3.5661E-4	46	121	0	1.71364E-4	1.09673E-4
46	122	0	3.87319E-5	2.47884E-5	46	123	0	6.34867E-6	4.06315E-6
46	124	0	7.79837E-7	4.99096E-7	46	125	0	6.61519E-8	4.23372E-8
46	126	0	4.54905E-9	2.91139E-9	46	127	0	3.22451E-10	2.06369E-10
46	128	0	4.54905E-11	2.91139E-11	46	130	0	2.77942E-14	1.77883E-14
47	105	0	1.79962E-13	1.15176E-13	47	105	1	2.05957E-12	1.31812E-12
47	106	0	2.05957E-11	1.31812E-11	47	106	1	9.37804E-11	6.00195E-11
47	107	0	2.32951E-10	1.49089E-10	47	107	1	2.67944E-9	1.71484E-9
47	108	1	2.49948E-8	1.59967E-8	47	108	0	2.49948E-8	1.59967E-8
47	109	1	1.30473E-7	8.35026E-8	47	109	0	1.30473E-7	8.35026E-8
47	110	0	1.63966E-7	1.04938E-7	47	110	1	4.97896E-6	7.96634E-7
47	111	0	6.10872E-7	3.90958E-7	47	111	1	7.01853E-6	4.49186E-6
47	112	0	4.48906E-5	2.873E-5	47	113	0	2.08257E-5	1.33284E-5
47	113	1	2.3953E-4	1.53299E-4	47	114	0	6.68251E-4	4.2768E-4
47	115	0	8.50992E-4	5.44635E-4	47	115	1	8.50992E-4	5.44635E-4
47	116	0	0.00153852	9.84652E-4	47	116	1	0.00153852	9.84652E-4
47	117	0	0.00191242	0.00122395	47	117	1	0.00191333	0.00122453
47	118	0	0.0027115	0.00173536	47	118	1	0.0027115	0.00173536
47	119	0	0.0054611	0.0034951	47	120	1	0.00225206	0.00144132
47	120	0	0.00225206	0.00144132	47	121	0	0.00294828	0.0018869
47	122	1	7.22959E-4	4.62694E-4	47	122	0	7.22959E-4	4.62694E-4
47	123	0	5.35588E-4	3.42776E-4	47	124	0	1.50859E-4	9.65494E-5
47	125	0	2.97438E-5	1.9036E-5	47	126	0	4.91897E-6	3.14814E-6
47	127	0	6.22548E-7	3.9843E-7	47	128	0	1.76963E-7	1.13256E-7
47	129	0	6.04531E-9	3.869E-9	47	130	0	6.33868E-10	4.05675E-10
47	131	0	4.94287E-11	3.16343E-11	48	107	0	2.03957E-13	1.30533E-13
48	108	0	8.56821E-12	5.48366E-12	48	109	0	8.03832E-11	5.14453E-11
48	110	0	4.58904E-10	2.93699E-10	48	111	0	1.29973E-9	8.31826E-10
48	111	1	7.96834E-9	5.09974E-9	48	112	0	1.24974E-7	7.99833E-8
48	113	0	2.3995E-7	1.53568E-7	48	113	1	1.46969E-6	9.40604E-7
48	114	0	9.83795E-6	6.29629E-6	48	115	0	7.70839E-6	4.93337E-6
48	115	1	4.73801E-5	3.03233E-5	48	116	0	2.10646E-4	1.34813E-4
48	117	0	7.29848E-5	4.67102E-5	48	117	1	4.48326E-4	2.86929E-4
48	118	0	0.00148051	9.47527E-4	48	119	0	0.00147278	9.42581E-4
48	119	1	0.00147278	9.42581E-4	48	120	0	0.00486291	0.00311227
48	121	1	0.00325134	0.00208086	48	121	0	0.00325134	0.00208086
48	122	0	0.00658013	0.00421128	48	123	0	0.00521962	0.00334056
48	124	0	0.00321254	0.00205603	48	125	0	0.00141242	9.03946E-4
48	126	0	5.41717E-4	3.46699E-4	48	127	0	1.41131E-4	9.03235E-5
48	128	0	6.79058E-5	4.34597E-5	48	129	0	1.16715E-5	7.46977E-6
48	130	0	1.37971E-6	8.83016E-7	48	131	0	9.54306E-8	6.10756E-8
48	132	0	3.51927E-9	2.25233E-9	48	133	0	2.07031E-10	1.325E-10
48	134	0	1.76963E-12	1.13256E-12	49	111	0	1.08977E-12	6.97454E-13
49	112	0	3.75922E-12	2.4059E-12	49	112	1	3.03937E-11	1.94519E-11
49	113	0	1.00979E-9	6.46265E-10	49	113	1	1.24974E-10	7.99833E-11
49	114	0	2.25953E-9	1.4461E-9	49	114	1	1.27973E-8	8.19029E-9
49	115	0	1.73964E-7	1.11337E-7	49	115	1	2.14955E-8	1.37571E-8
49	116	2	5.4122E-7	3.46381E-7	49	116	0	5.4122E-7	3.46381E-7
49	116	1	5.4122E-7	3.46381E-7	49	117	0	7.57842E-6	4.85019E-6
49	117	1	9.36804E-7	5.99555E-7	49	118	2	3.75422E-6	2.4027E-6
49	118	0	4.25411E-5	2.72263E-5	49	118	1	3.75422E-6	2.4027E-6
49	119	0	1.83302E-4	1.17313E-4	49	119	1	2.26553E-5	1.44994E-5
49	120	2	2.35144E-4	1.50492E-4	49	120	0	2.35144E-4	1.50492E-4
49	120	1	2.35144E-4	1.50492E-4	49	121	0	0.00174766	0.0011185
49	121	1	2.16005E-4	1.38243E-4	49	122	2	0.00101982	6.52683E-4
49	122	0	0.00203971	0.00130542	49	122	1	0.00101982	6.52683E-4
49	123	0	0.0059924	0.00383514	49	123	1	7.40635E-4	4.74007E-4
49	124	1	0.00432709	0.00276934	49	124	0	0.00432709	0.00276934
49	125	0	0.00402268	0.00257452	49	125	1	0.00402268	0.00257452
49	126	1	0.00339363	0.00217192	49	126	0	0.00339363	0.00217192
49	127	0	0.00174617	0.00111755	49	127	1	0.00174617	0.00111755
49	128	1	0.00138306	8.85156E-4	49	128	0	0.00138306	8.85156E-4
49	129	0	5.14813E-4	3.2948E-4	49	129	1	5.14813E-4	3.2948E-4
49	130	2	9.93226E-5	6.35665E-5	49	130	1	9.93226E-5	6.35665E-5
49	130	0	9.93226E-5	6.35665E-5	49	131	1	2.63845E-5	1.68861E-5
49	131	0	2.63845E-5	1.68861E-5	49	132	0	5.02895E-6	3.21853E-6
49	133	0	3.99709E-7	2.55814E-7	49	134	0	1.75963E-8	1.12616E-8
49	135	0	6.62499E-10	4.24E-10	49	136	0	1.12976E-11	7.23049E-12
50	113	1	3.62424E-14	2.31952E-14	50	113	0	3.62424E-14	2.31952E-14
50	114	0	2.23953E-12	1.4333E-12	50	115	0	6.75859E-11	4.3255E-11
50	116	0	1.26973E-9	8.1263E-10	50	117	1	7.14851E-9	4.57504E-9
50	117	0	7.14851E-9	4.57504E-9	50	118	0	1.82962E-7	1.17096E-7
50	119	0	2.26953E-7	1.4525E-7	50	119	1	1.39971E-6	8.95813E-7
50	120	0	1.21175E-5	7.75518E-6	50	121	0	1.33072E-5	8.51662E-6
50	121	1	6.06373E-5	3.88079E-5	50	122	0	3.30551E-4	2.11553E-4
50	123	0	9.63719E-4	6.1678E-4	50	123	1	2.11546E-4	1.35389E-4
50	124	0	0.00319457	0.00204453	50	125	0	0.00489071	0.00313005
50	125	1	0.00111645	7.14526E-4	50	126	0	0.0110169	0.0035254
50	127	0	0.0111574	0.00178518	50	127	1	0.00194878	0.00124722
50	128	1	0.00566267	0.00362411	50	128	0	0.00566267	0.00362411
50	129	0	0.00857875	0.0054904	50	129	1	0.00188154	0.00120418
50	130	1	0.00353147	0.00226014	50	130	0	0.00353147	0.00226014
50	131	1	0.00152685	9.771819E-4	50	131	0	0.00152685	9.771819E-4
50	132	0	7.25069E-4	4.64044E-4	50	133	0	1.49539E-4	9.57048E-5
50	134	0	1.69365E-5	1.08393E-5	50	135	0	1.27907E-6	8.18605E-7
50	136	0	7.34847E-8	4.70302E-8	50	137	0	2.21954E-9	1.4205E-9
50	138	0	6.38867E-11	4.08875E-11	51	117	0	2.32951E-12	1.49089E-12
51	118	0	1.71964E-11	1.10057E-11	51	118	1	4.89898E-11	3.13535E-11
51	119	0	1.29973E-9	8.31826E-10	51	120	0	5.65882E-9	3.62164E-9
51	120	1	1.60966E-8	1.03018E-8	51	121	0	3.02937E-7	1.9388E-7
51	122	0	9.14809E-7	5.85478E-7	51	122	1	2.12956E-6	1.36292E-6
51	123	0	2.46049E-5	1.57471E-5	51	124	2	4.97096E-5	3.18142E-5
51	124	0	4.97096E-5	3.18142E-5	51	124	1	4.97096E-5	3.18142E-5
51	125	0	6.32728E-4	4.04946E-4	51	126	2	4.8067E-4	3.07629E-4
51	126	0	0.00127433	8.15574E-4	51	126	1	4.8067E-4	3.07629E-4
51	127	0	0.003003	0.00192192	51	128	0	0.0101688	6.1013E-4
51	128	1	0.00402658	0.00257701	51	129	0	0.0140405	0.00449297
51	130	0	0.0159889	9.59337E-4	51	130	1	0.00904462	0.00578856
51	131	0	0.0209254	0.00669613	51	132	0	0.00456483	0.00292149
51	132	1	0.00713985	0.0045695	51	133	0	0.0059595	0.00381408
51	134	1	8.34601E-4	5.34144E-4	51	134	0	8.34601E-4	5.34144E-4
51	135	0	3.17544E-4	2.03228E-4	51	136	0	4.66703E-5	2.9869E-5
51	137	0	3.63924E-6	2.32911E-6	51	138	0	2.66944E-7	1.70844E-7
51	139	0	1.26973E-8	8.1263E-9	51	140	0	4.93251E-10	3.15681E-10
52	119	0	9.98792E-14	6.39227E-14	52	120	0	3.8192E-12	2.44429E-12
52	121	1	6.14872E-11	3.93518E-11	52	121	0	6.14872E-11	3.93518E-11
52	122	0	2.8694E-9	1.83642E-9	52	123	0	7.60841E-9	4.86938E-9
52	123	1	4.67902E-8	2.99457E-8	52	124	0	7.6584E-7	4.90138E-7
52	125	0	1.06978E-6	6.84657E-7	52	125	1	6.55863E-6	4.19752E-6
52	126	0	6.08273E-5	3.89295E-5	52	127	0	5.08194E-5	3.25244E-5
52	127	1	2.31522E-4	1.48174E-4	52	128	0	8.07681E-4	5.16916E-4
52	129	0	5.2527E-4	3.36173E-4	52	129	1	0.00247257	0.00158245
52	130	0	0.00858194	0.00549244	52	131	0	0.00374447	0.00239646
52	131	1	0.0141809	0.00113448	52	132	0	0.0243178	0.00389085
52	133	0	0.00519021	0.00332173	52	133	1	0.0236444	0.00756621
52	134	0	0.0188121	0.00601988	52	135	0	0.00856049	0.00547872
52	136	0	0.00308309	0.00197318	52	137	0	6.00985E-4	3.8463E-4
52	138	0	1.09457E-4	7.00526E-5	52	139	0	1.28073E-5	8.19669E-6
52	140	0	9.52308E-7	6.09477E-7	52	141	0	1.65055E-8	1.05636E-8
52	142	0	2.22953E-9	1.4269E-9	52	143	0	2.02044E-10	1.29308E-10
53	123	0	1.17975E-11	7.55042E-12	53	125	0	9.26807E-9	5.93156E-9
53	126	0	1.76963E-7	1.13256E-7	53	127	0	1.69965E-6	1.08777E-6
53	128	0	8.1483E-6	5.21491E-6	53	129	0	6.40066E-5	4.09642E-5
53	130	0	0.00202735	8.10939E-5	53	130	1	8.02432E-5	5.13557E-5
53	131	0	0.00260308	0.00166597	53	132	1	0.0044152	0.00282573
53	132	0	0.0044152	0.00282573	53	133	1	0.00948488	0.00607032
53	133	0	0.00948488	0.00607032	53	134	0	0.0108822	0.00348229
53	134	1	0.0170218	0.00391502	53	135	0	0.0287564	0.00460102
53	136	0	0.0119564	0.00382606	53	136	1	0.0119484	0.00382349
53	137	0	0.0110188	0.00352601	53	138	0	0.00476061	0.00304679
53	139	0	0.00131993	8.44758E-4	53	140	0	2.36531E-4	1.5138E-4
53	141	0	3.18668E-5	2.03948E-5	53	142	0	3.48927E-6	2.23313E-6
53	143	0	3.90081E-7	2.49652E-7	53	144	0	3.63857E-9	2.32869E-9
53	145	0	2.63965E-10	1.68937E-10	54	125	1	5.44886E-13	3.48727E-13
54	125	0	5.44886E-13	3.48727E-13	54	126	0	5.07894E-11	3.25052E-11
54	127	1	5.14893E-10	3.29531E-10	54	127	0	5.14893E-10	3.29531E-10
54	128	0	8.40824E-9	5.38128E-9	54	129	1	7.39846E-8	4.73501E-8
54	129	0	7.39846E-8	4.73501E-8	54	130	0	2.55947E-6	1.63806E-6
54	131	0	6.16871E-6	3.94798E-6	54	131	1	2.80941E-5	1.79802E-5
54	132	0	2.96818E-4	1.89964E-4	54	133	0	2.8817E-4	1.84429E-4
54	133	1	0.0013069	8.36414E-4	54	134	0	0.00101152	6.47372E-4
54	134	1	0.00460803	0.00294914	54	135	0	0.00344903	0.00220738
54	135	1	0.0115365	0.00369168	54	136	0	0.0248097	0.0111644
54	137	0	0.025749	0.00823969	54	138	0	0.0249518	0.00798457
54	139	0	0.0155205	0.00496656	54	140	0	0.0063774	0.00408154
54	141	0	0.00205985	0.0013183	54	142	0	5.50675E-4	3.52432E-4
54	143	1	3.77619E-5	2.41676E-5	54	143	0	3.77619E-5	2.41676E-5
54	144	0	7.02489E-6	4.49593E-6	54	145	0	5.0963E-7	3.26163E-7
54	146	0	1.9296E-8	1.23494E-8	54	147	0	4.86417E-10	3.11307E-10
54	148	0	9.06811E-12	5.80359E-12	55	127	0	5.95876E-14	3.8136E-14
55	129	0	3.3593E-11	2.14995E-11	55	131	0	5.11893E-8	3.27612E-8
55	132	0	1.75963E-5	1.12616E-5	55	133	0	1.57867E-5	1.01035E-5
55	134	1	3.23922E-4	2.0731E-4	55	134	0	3.23922E-4	2.0731E-4
55	135	1	3.90858E-4	2.50149E-4	55	135	0	3.90858E-4	2.50149E-4
55	136	1	0.00252983	0.00161909	55	136	0	0.00252983	0.00161909
55	137	0	0.00824167	0.00527467	55	138	0	0.014168	0.00637559
55	138	1	0.00889879	0.00569523	55	139	0	0.0239364	0.00765964
55	140	0	0.0214349	0.00685916	55	141	0	0.015649	0.00500767
55	142	0	0.00967686	0.00619319	55	143	0	0.00316061	0.00202279
55	144	0	7.40795E-4	4.74109E-4	55	145	0	1.38631E-4	8.87239E-5
55	146	0	1.37371E-5	8.79176E-6	55	147	0	9.39113E-7	6.01032E-7
55	148	0	4.56905E-8	2.92419E-8	55	149	0	9.88573E-10	6.32687E-10
55	150	0	2.67944E-11	1.71484E-11	56	131	0	7.43845E-12	4.76061E-12
56	132	0	3.52926E-9	2.25873E-9	56	133	0	1.58967E-8	1.01739E-8
56	134	0	1.01979E-6	6.52664E-7	56	135	1	2.57446E-6	1.64766E-6
56	135	0	2.57446E-6	1.64766E-6	56	136	1	3.51427E-5	2.24913E-5
56	136	0	3.51427E-5	2.24913E-5	56	137	0	6.26869E-5	4.01196E-5
56	137	1	2.8558E-4	1.82771E-4	56	138	0	0.0016701	0.00106886
56	139	0	0.00502261	0.00321447	56	140	0	0.009856	0.0044352
56	141	0	0.0159208	0.00509467	56	142	0	0.0217622	0.00696392
56	143	0	0.0159205	0.00509457	56	144	0	0.00889341	0.00569178
56	145	0	0.0040759	0.00260858	56	146	0	0.00101343	6.48594E-4
56	147	0	1.81822E-4	1.16366E-4	56	148	0	2.25253E-5	1.44162E-5
56	149	0	1.90861E-6	1.22151E-6	56	150	0	9.49802E-8	6.07873E-8
56	151	0	1.46992E-9	9.40749E-10	56	152	0	7.73838E-11	4.95257E-11
56	154	0	1.55967E-14	9.98192E-15	57	133	0	1.54968E-12	9.91793E-13
57	135	0	3.41929E-9	2.18834E-9	57	137	0	1.52968E-6	9.78996E-7
57	138	0	1.80062E-5	1.1524E-5	57	139	0	1.25014E-4	8.00089E-5
57	140	0	6.19881E-4	3.96724E-4	57	141	0	0.00217583	0.00139253
57	142	0	0.00670547	0.0042915	57	143	0	0.0109026	0.00348882
57	144	0	0.0140024	0.00448077	57	145	0	0.0148477	0.00475126
57	146	1	0.00435885	0.00278966	57	146	0	0.00435885	0.00278966
57	147	0	0.00380952	0.0024381	57	148	0	0.00116757	7.47242E-4
57	149	0	2.57336E-4	1.64695E-4	57	150	0	3.31831E-5	2.12372E-5
57	151	0	2.83794E-6	1.81628E-6	57	152	0	1.84961E-7	1.18375E-7
57	153	0	8.98812E-9	5.7524E-9	57	154	0	2.48948E-10	1.59327E-10
57	155	0	9.6787E-12	6.19437E-12	58	135	0	2.17955E-13	1.39491E-13
58	137	0	6.66861E-10	4.26791E-10	58	138	0	1.98958E-8	1.27333E-8
58	139	0	6.10872E-8	3.90958E-8	58	139	1	2.77942E-7	1.77883E-7
58	140	0	4.07915E-6	2.61066E-6	58	141	0	3.49027E-5	2.23377E-5
58	142	0	2.43089E-4	1.55577E-4	58	143	0	9.81115E-4	6.27914E-4
58	144	0	0.00299159	0.00191461	58	145	0	0.00734381	0.00470004
58	146	0	0.00998557	0.00639076	58	147	0	0.0100586	0.00321874
58	148	0	0.00721812	0.0046196	58	149	0	0.00389826	0.00249488
58	150	0	0.00123883	7.92852E-4	58	151	0	2.67754E-4	1.71363E-4
58	152	0	4.37709E-5	2.80134E-5	58	153	0	5.44886E-6	3.48727E-6
58	154	0	3.8092E-7	2.43789E-7	58	155	0	1.86864E-8	1.19593E-8
58	156	0	8.6282E-10	5.52205E-10	58	157	0	2.71943E-11	1.74044E-11
58	158	0	5.43886E-13	3.48087E-13	59	139	0	9.0781E-11	5.80999E-11
59	140	0	2.70943E-9	1.73404E-9	59	141	0	5.99875E-8	3.8392E-8
59	142	1	5.09894E-7	3.26332E-7	59	142	0	5.09894E-7	3.26332E-7
59	143	0	1.01479E-5	6.49464E-6	59	144	0	4.81899E-6	3.08416E-6
59	144	1	7.54742E-5	4.83035E-5	59	145	0	4.75151E-4	3.04097E-4
59	146	0	0.00154117	9.86348E-4	59	147	0	0.00363767	0.00232811
59	148	1	0.00301198	0.00192767	59	148	0	0.00301198	0.00192767
59	149	0	0.00731681	0.00329257	59	150	0	0.00563845	0.00360861
59	151	0	0.00289664	0.00185385	59	152	0	0.00113083	7.23734E-4
59	153	0	3.44448E-4	2.20447E-4	59	154	0	5.88377E-5	3.76561E-5
59	155	0	7.1685E-6	4.58784E-6	59	156	0	7.91835E-7	5.06774E-7
59	157	0	5.88877E-8	3.76881E-8	59	158	0	2.8794E-9	1.84282E-9
59	159	0	9.30806E-11	5.95716E-11	59	160	0	2.54947E-12	1.63166E-12
60	140	0	1.72964E-13	1.10697E-13	60	141	0	9.79795E-12	6.27069E-12
60	142	0	4.24911E-10	2.71943E-10	60	143	0	1.06978E-8	6.84657E-9
60	144	0	2.22953E-7	1.4269E-7	60	145	0	3.25932E-6	2.08596E-6
60	146	0	2.82741E-5	1.80954E-5	60	147	0	1.66285E-4	1.06423E-4
60	148	0	6.67911E-4	4.27463E-4	60	149	0	0.00213893	0.00136892
60	150	0	0.00349506	0.00223684	60	151	0	0.00413001	0.00264321
60	152	0	0.00364959	0.00233574	60	153	0	0.0025632	0.00164045
60	154	0	0.0010123	6.47871E-4	60	155	0	2.91979E-4	1.86867E-4
60	156	0	7.46844E-5	4.7798E-5	60	157	0	1.27673E-5	8.17109E-6
60	158	0	1.47969E-6	9.47002E-7	60	159	0	1.15976E-7	7.42245E-8
60	160	0	7.6584E-9	4.90138E-9	60	161	0	3.14934E-10	2.01558E-10
60	162	0	9.51801E-12	6.09153E-12	60	163	0	2.10956E-13	1.35012E-13
61	143	0	1.08977E-12	6.97454E-13	61	144	0	6.10872E-11	3.90958E-11
61	145	0	2.3795E-9	1.52288E-9	61	146	0	5.44886E-8	3.48727E-8
61	147	0	8.29827E-7	5.31089E-7	61	148	0	1.54968E-6	9.917929E-7
61	148	1	7.05853E-6	4.51746E-6	61	149	0	6.33168E-5	4.05227E-5
61	150	0	2.83211E-4	1.81255E-4	61	151	0	7.97643E-4	5.10492E-4
61	152	2	5.37634E-4	3.44086E-4	61	152	0	5.37634E-4	3.44086E-4
61	152	1	5.37634E-4	3.44086E-4	61	153	0	0.00254332	0.00162772
61	154	0	0.00111641	7.145E-4	61	154	1	0.00111641	7.145E-4
61	155	0	0.00144162	9.22636E-4	61	156	0	8.07901E-4	5.17057E-4
61	157	0	3.02607E-4	1.93668E-4	61	158	0	8.03832E-5	5.14453E-5
61	159	0	1.4567E-5	9.32285E-6	61	160	0	2.27952E-6	1.4589E-6
61	161	0	2.23953E-7	1.4333E-7	61	162	0	1.63966E-8	1.04938E-8
61	163	0	8.82816E-10	5.65002E-10	61	164	0	3.05936E-11	1.95799E-11
61	165	0	8.22828E-13	5.2661E-13	61	166	0	4.50293E-14	2.88187E-14
62	145	0	1.65965E-13	1.06218E-13	62	146	0	1.01979E-11	6.52664E-12
62	147	0	4.16913E-10	2.66824E-10	62	148	0	1.14976E-8	7.35846E-9
62	149	0	2.24953E-7	1.4397E-7	62	150	0	2.60946E-6	1.67005E-6
62	151	0	1.87861E-5	1.20231E-5	62	152	0	9.1231E-5	5.83878E-5
62	153	0	3.41509E-4	2.18566E-4	62	154	0	6.74239E-4	4.31513E-4
62	155	0	9.67418E-4	6.19148E-4	62	156	0	0.00114949	7.35674E-4
62	157	0	9.01172E-4	5.7675E-4	62	158	0	5.17852E-4	3.31425E-4
62	159	0	2.07087E-4	1.32536E-4	62	160	0	7.31747E-5	4.68318E-5
62	161	0	1.65465E-5	1.05898E-5	62	162	0	2.82941E-6	1.81082E-6
62	163	0	3.61924E-7	2.31632E-7	62	164	0	3.01937E-8	1.9324E-8
62	165	0	1.95959E-9	1.25414E-9	62	166	0	8.69368E-11	5.56396E-11
62	167	0	2.70943E-12	1.73404E-12	62	168	0	6.07873E-14	3.89039E-14
63	147	0	1.99958E-14	1.27973E-14	63	149	0	7.97833E-11	5.10613E-11
63	151	0	4.65903E-8	2.98178E-8	63	152	2	1.91293E-7	1.22428E-7
63	152	0	1.91293E-7	1.22428E-7	63	152	1	1.91293E-7	1.22428E-7
63	153	0	4.99896E-6	3.19933E-6	63	154	1	1.26924E-5	8.1231E-6
63	154	0	1.26924E-5	8.1231E-6	63	155	0	8.52522E-5	5.45614E-5
63	156	0	2.22474E-4	1.42383E-4	63	157	0	3.67683E-4	2.35317E-4
63	158	0	4.49606E-4	2.87748E-4	63	159	0	3.8181E-4	2.44359E-4
63	160	0	2.8899E-4	1.84953E-4	63	161	0	1.4232E-4	9.1085E-5
63	162	0	5.40887E-5	3.46168E-5	63	163	0	1.57467E-5	1.00779E-5
63	164	0	3.03937E-6	1.94519E-6	63	165	0	4.64903E-7	2.97538E-7
63	166	0	4.91897E-8	3.14814E-8	63	167	0	3.68923E-9	2.36111E-9
63	168	0	2.00958E-10	1.28613E-10	63	169	0	8.27827E-12	5.29809E-12
63	170	0	2.31952E-13	1.48449E-13	63	171	0	1.1956E-14	7.65187E-15
64	151	0	1.12976E-11	7.23049E-12	64	152	0	3.63924E-10	2.32911E-10
64	153	0	8.18829E-9	5.24051E-9	64	154	0	1.03978E-7	6.65461E-8
64	155	0	8.82816E-7	5.65002E-7	64	156	0	5.09894E-6	3.26332E-6
64	157	0	1.88661E-5	1.20743E-5	64	158	0	5.19592E-5	3.32539E-5
64	159	0	9.61399E-5	6.15296E-5	64	160	0	1.55867E-4	9.97552E-5
64	161	0	1.63016E-4	1.0433E-4	64	162	0	1.31832E-4	8.43728E-5
64	163	0	8.26727E-5	5.29106E-5	64	164	0	3.50227E-5	2.24145E-5
64	165	0	1.20175E-5	7.69119E-6	64	166	0	2.90939E-6	1.86201E-6
64	167	0	5.08894E-7	3.25692E-7	64	168	0	6.55863E-8	4.19752E-8
64	169	0	6.31868E-9	4.04396E-9	64	170	0	4.26911E-10	2.73223E-10
64	171	0	2.30832E-11	1.47733E-11	64	172	0	8.6382E-13	5.52845E-13
65	153	0	1.30973E-12	8.38225E-13	65	155	0	9.1181E-10	5.83558E-10
65	156	0	1.18975E-8	7.61441E-9	65	156	1	7.57842E-10	4.85019E-10
65	157	0	1.08977E-7	6.97454E-8	65	158	0	6.57863E-7	4.21032E-7
65	158	1	4.19912E-8	2.68744E-8	65	159	0	3.12935E-6	2.00278E-6
65	160	0	1.52968E-6	2.44749E-7	65	161	0	2.51647E-5	1.61054E-5
65	162	0	2.20154E-5	1.40899E-5	65	162	1	2.20154E-5	1.40899E-5
65	163	0	5.88777E-5	3.76817E-5	65	164	0	5.29389E-5	3.38809E-5
65	165	0	3.87819E-5	2.48204E-5	65	166	0	2.03558E-5	1.30277E-5
65	167	0	7.87836E-6	5.04215E-6	65	168	0	2.28952E-6	1.46529E-6
65	169	0	4.98896E-7	3.19293E-7	65	170	0	7.89835E-8	5.05494E-8
65	171	0	1.01979E-8	6.52664E-9	65	172	0	9.1181E-10	5.83558E-10
66	155	0	9.0781E-14	5.80999E-14	66	156	0	3.07936E-12	1.97079E-12
66	157	0	6.26869E-11	4.01196E-11	66	158	0	9.75796E-10	6.2451E-10
66	159	0	1.03978E-8	6.65461E-9	66	160	0	4.89898E-8	3.13535E-8
66	161	0	4.63903E-7	2.96898E-7	66	162	0	1.84961E-6	1.18375E-6
66	163	0	5.52885E-6	3.53846E-6	66	164	0	1.08777E-5	6.96175E-6
66	165	0	1.59367E-5	1.01995E-5	66	165	1	1.19975E-6	7.6784E-7
66	166	0	1.9136E-5	1.2247E-5	66	167	0	1.57367E-5	1.00715E-5
66	168	0	9.82795E-6	6.28989E-6	66	169	0	4.55905E-6	2.91779E-6
66	170	0	1.60966E-6	1.03018E-6	66	171	0	4.71901E-7	3.02017E-7
66	172	0	9.82795E-8	6.28989E-8	67	159	0	3.19933E-12	2.04757E-12
67	159	1	2.4095E-13	1.54208E-13	67	161	0	8.30827E-10	5.31729E-10
67	161	1	6.2487E-11	3.99917E-11	67	162	0	1.51968E-9	9.72597E-10
67	162	1	6.93855E-9	4.44067E-9	67	163	0	5.53884E-8	3.54486E-8
67	163	1	4.16913E-9	2.66824E-9	67	164	0	4.87898E-8	3.12255E-8
67	164	1	2.22953E-7	1.4269E-7	67	165	0	9.69798E-7	6.2067E-7
67	166	0	4.3291E-7	2.77062E-7	67	166	1	1.96959E-6	1.26054E-6
67	167	0	4.2991E-6	2.75143E-6	67	168	0	5.7388E-6	3.67283E-6
67	169	0	5.54884E-6	3.55126E-6	67	170	0	2.08956E-6	1.33732E-6
67	170	1	2.08956E-6	1.33732E-6	67	171	0	2.62945E-6	1.68285E-6
67	172	0	1.20975E-6	7.74238E-7	68	161	0	1.67965E-13	1.07498E-13
68	162	0	3.87919E-12	2.48268E-12	68	163	0	6.59862E-11	4.22312E-11
68	164	0	7.1985E-10	4.60704E-10	68	165	0	6.09873E-9	3.90319E-9
68	166	0	3.53926E-8	2.26513E-8	68	167	0	1.34972E-7	8.6382E-8
68	167	1	1.01979E-8	6.52664E-9	68	168	0	4.36909E-7	2.79622E-7
68	169	0	9.1081E-7	5.82918E-7	68	170	0	1.47969E-6	9.47002E-7
68	171	0	1.98958E-6	1.27333E-6	68	172	0	1.9296E-6	1.23494E-6
69	165	0	3.86919E-12	2.47628E-12	69	166	0	5.40887E-11	3.46168E-11
69	167	0	5.30889E-10	3.39769E-10	69	168	0	3.75922E-9	2.4059E-9
69	169	0	1.73964E-8	1.11337E-8	69	170	0	6.61862E-8	4.23592E-8
69	171	0	1.98958E-7	1.27333E-7	69	172	0	4.22912E-7	2.70663E-7
70	167	0	1.9196E-13	1.22854E-13	70	168	0	3.30931E-12	2.11796E-12
70	169	0	3.3493E-11	2.14355E-11	70	169	1	2.51947E-12	1.61246E-12
70	170	0	3.24932E-10	2.07957E-10	70	171	0	2.28952E-9	1.46529E-9
70	172	0	1.12976E-8	7.23049E-9	71	171	0	1.35972E-12	8.70218E-13
71	171	1	1.35972E-12	8.70218E-13	71	172	0	1.59967E-11	1.02379E-11
71	172	1	1.59967E-11	1.02379E-11