Z	A	FPS	Yield	Uncertainty	Z	A	FPS	Yield	Uncertainty
24	69	0	5.81495E-19	3.72157E-19	25	66	0	3.26E-12	2.0864E-12
25	67	0	9.05999E-13	5.7984E-13	25	68	0	1.62E-13	1.0368E-13
25	69	0	1.64994E-14	1.05596E-14	25	72	0	1.16781E-18	7.47398E-19
26	66	0	2.86E-10	1.8304E-10	26	67	0	2.46E-10	1.5744E-10
26	68	0	1.36E-10	8.70399E-11	26	69	0	4.52E-11	2.8928E-11
26	70	0	1.5E-11	9.59999E-12	26	71	0	3.11E-12	1.9904E-12
26	72	0	4.94988E-14	3.16792E-14	26	75	0	5.46253E-18	3.49602E-18
27	66	0	9.90999E-10	6.3424E-10	27	67	0	2.33E-9	1.4912E-9
27	68	0	3.6E-9	2.304E-9	27	69	0	3.59E-9	2.2976E-9
27	70	0	3.71E-9	2.3744E-9	27	71	0	2.48E-9	1.5872E-9
27	72	0	1.29E-10	8.25599E-11	27	73	0	2.19E-11	1.4016E-11
27	74	0	1.67E-12	1.0688E-12	27	75	0	1.54994E-13	9.91964E-14
27	76	0	1.03E-14	6.59199E-15	27	77	0	3.79833E-16	2.43093E-16
27	78	0	5.94521E-17	3.80493E-17	28	66	0	3.85E-10	2.464E-10
28	67	0	2.36E-9	1.5104E-9	28	68	0	9.18999E-9	5.8816E-9
28	69	0	2.43E-8	1.5552E-8	28	70	0	6.94999E-8	4.448E-8
28	71	0	1.35E-7	8.63999E-8	28	72	0	2.15E-8	1.376E-8
28	73	0	1.15E-8	7.35999E-9	28	74	0	2.83E-9	1.8112E-9
28	75	0	8.63999E-10	5.5296E-10	28	76	0	1.92E-10	1.2288E-10
28	77	0	1.60996E-11	1.03037E-11	28	78	0	2.51994E-12	1.61276E-12
28	79	0	3.38677E-14	2.16753E-14	29	66	0	6.15E-12	3.936E-12
29	67	0	1.1E-10	7.03999E-11	29	68	0	3.5E-10	2.24E-10
29	68	1	8.15999E-10	5.2224E-10	29	69	0	8.21999E-9	5.2608E-9
29	70	0	1.52E-8	9.72799E-9	29	70	1	4.57E-8	2.9248E-8
29	71	0	3.07E-7	1.9648E-7	29	72	0	1.31E-7	8.38399E-8
29	73	0	1.97E-7	1.2608E-7	29	74	0	1.43E-7	9.15199E-8
29	75	0	1.35E-7	8.63999E-8	29	76	0	9.51999E-8	6.0928E-8
29	77	0	2.59E-8	1.6576E-8	29	78	0	1.34E-8	8.57599E-9
29	79	0	9.60965E-10	6.15018E-10	29	80	0	6.82999E-11	4.3712E-11
29	81	0	3.5E-12	2.24E-12	29	82	0	1.03E-13	6.59199E-14
29	83	0	3.96347E-15	2.53662E-15	30	67	0	3.84E-13	2.4576E-13
30	68	0	1.23E-11	7.87199E-12	30	69	0	5.0E-11	3.2E-11
30	69	1	2.13E-10	1.3632E-10	30	70	0	5.64E-9	3.6096E-9
30	71	0	1.49E-8	9.53599E-9	30	71	1	6.34E-8	4.0576E-8
30	72	0	8.78999E-8	5.6256E-8	30	73	0	3.41E-7	2.1824E-7
30	74	0	6.5E-7	4.16E-7	30	75	0	1.66E-6	1.0624E-6
30	76	0	3.35E-6	2.144E-6	30	77	0	2.72E-6	1.7408E-6
30	78	0	4.4E-6	2.816E-6	30	79	0	1.01E-6	6.464E-7
30	80	0	2.35E-7	1.504E-7	30	81	0	3.99E-8	2.5536E-8
30	82	0	4.08E-9	2.6112E-9	30	83	0	1.67996E-10	1.07517E-10
30	84	0	4.39E-12	2.8096E-12	30	85	0	7.50657E-14	4.8042E-14
31	69	0	2.62E-13	1.6768E-13	31	70	0	1.8E-11	1.152E-11
31	71	0	7.73999E-10	4.9536E-10	31	72	1	1.3E-9	8.31999E-10
31	72	0	1.3E-9	8.31999E-10	31	73	0	2.87E-8	1.8368E-8
31	74	1	7.39999E-8	4.736E-8	31	74	0	7.39999E-8	4.736E-8
31	75	0	9.88999E-7	6.3296E-7	31	76	0	5.16E-6	3.3024E-6
31	77	0	1.107E-5	7.08479E-6	31	78	0	4.929E-5	3.15456E-5
31	79	0	3.271E-5	2.09344E-5	31	80	0	2.306E-5	1.47584E-5
31	81	0	1.232E-5	7.88479E-6	31	82	0	4.2E-6	2.688E-6
31	83	0	5.87E-7	3.7568E-7	31	84	0	5.47E-8	3.5008E-8
31	85	0	2.12992E-9	1.36315E-9	31	86	0	6.18E-11	3.9552E-11
31	87	0	7.4551E-13	4.77127E-13	31	88	0	2.57154E-14	1.64578E-14
32	71	0	2.5E-13	1.6E-13	32	71	1	2.5E-13	1.6E-13
32	72	0	5.47E-12	3.5008E-12	32	73	0	1.55E-10	9.91999E-11
32	73	1	3.65E-11	2.336E-11	32	74	0	3.05E-9	1.952E-9
32	75	0	7.78999E-9	4.9856E-9	32	75	1	5.21E-8	3.3344E-8
32	76	0	8.76999E-7	5.6128E-7	32	77	0	4.38E-6	2.8032E-6
32	77	1	6.54999E-7	4.192E-7	32	78	0	5.821E-5	3.72544E-5
32	79	1	5.0085E-5	3.20544E-5	32	79	0	5.0085E-5	3.20544E-5
32	80	0	1.8842E-4	1.20589E-4	32	81	0	2.813E-4	1.80032E-4
32	82	0	2.9009E-4	1.85657E-4	32	83	0	1.2853E-4	8.22591E-5
32	84	0	4.047E-5	2.59008E-5	32	85	0	5.64E-6	3.6096E-6
32	86	0	5.79E-7	3.7056E-7	32	87	0	3.15992E-8	2.02235E-8
32	88	0	1.08997E-9	6.97583E-10	32	89	0	1.03259E-11	6.6086E-12
32	90	0	2.03484E-12	1.3023E-12	32	91	0	5.46724E-14	3.49904E-14
33	73	0	3.59E-14	2.2976E-14	33	74	0	5.64E-13	3.6096E-13
33	74	1	1.32E-12	8.44799E-13	33	75	0	1.19E-10	7.61599E-11
33	76	0	5.5E-9	3.52E-9	33	77	0	9.60999E-8	6.1504E-8
33	78	0	3.23E-6	2.0672E-6	33	79	0	1.534E-5	9.81759E-6
33	80	0	7.63499E-5	4.8864E-5	33	81	0	2.9482E-4	1.88685E-4
33	82	0	4.0703E-4	2.60499E-4	33	82	1	4.0703E-4	2.60499E-4
33	83	0	0.00100243	6.41555E-4	33	84	1	4.76095E-4	3.04701E-4
33	84	0	4.76095E-4	3.04701E-4	33	85	0	4.3513E-4	2.78483E-4
33	86	0	1.4834E-4	9.49375E-5	33	87	0	2.866E-5	1.83424E-5
33	88	0	3.47E-6	2.2208E-6	33	89	0	2.92989E-7	1.87513E-7
33	90	0	5.77368E-8	3.69516E-8	33	91	0	1.55128E-9	9.92821E-10
33	92	0	4.05784E-12	2.59702E-12	33	93	0	1.15397E-12	7.3854E-13
34	75	0	1.43E-14	9.15199E-15	34	76	0	2.2E-12	1.408E-12
34	77	0	1.63E-11	1.0432E-11	34	77	1	1.09E-10	6.97599E-11
34	78	0	3.01E-8	1.9264E-8	34	79	0	1.75E-7	1.12E-7
34	79	1	2.61E-8	1.6704E-8	34	80	0	3.0E-6	1.92E-6
34	81	0	4.32E-6	2.7648E-6	34	81	1	2.888E-5	1.84832E-5
34	82	0	2.564E-4	1.64096E-4	34	83	0	6.87439E-4	4.39961E-4
34	83	1	1.6125E-4	1.032E-4	34	84	0	0.00205073	9.22828E-4
34	85	0	0.00143266	9.16902E-4	34	85	1	0.00142674	9.13113E-4
34	86	0	0.00285404	0.00182658	34	87	0	0.00185954	0.0011901
34	88	0	6.92469E-4	4.4318E-4	34	89	0	1.9102E-4	1.22253E-4
34	90	0	9.52222E-5	6.09422E-5	34	91	0	2.55845E-6	1.63741E-6
34	92	0	1.71996E-7	1.10077E-7	34	93	0	4.89122E-8	3.13038E-8
34	94	0	1.09E-10	6.97599E-11	34	95	0	2.02523E-12	1.29615E-12
34	96	0	1.25E-14	7.99999E-15	35	78	0	3.47E-12	2.2208E-12
35	79	0	1.76E-11	1.1264E-11	35	79	1	5.89E-11	3.7696E-11
35	80	0	9.30999E-10	5.9584E-10	35	80	1	2.79E-9	1.7856E-9
35	81	0	1.31E-7	8.38399E-8	35	82	0	2.26E-6	1.4464E-6
35	82	1	9.67999E-7	6.1952E-7	35	83	0	3.251E-5	2.08064E-5
35	84	0	8.98299E-5	5.74912E-5	35	84	1	1.597E-4	1.02208E-4
35	85	0	9.43459E-4	6.03814E-4	35	86	0	0.0012527	8.01727E-4
35	86	1	0.00128228	8.20659E-4	35	87	0	0.00436826	6.98921E-4
35	88	0	0.00488706	5.37576E-4	35	89	0	0.00398528	4.3838E-4
35	90	0	0.00249861	3.99777E-4	35	91	0	5.6202E-4	3.59693E-4
35	92	0	1.2492E-4	7.99487E-5	35	93	0	5.4001E-5	3.45607E-5
35	94	0	1.05E-6	6.71999E-7	35	95	0	5.74641E-8	3.6777E-8
35	96	0	1.45E-9	9.27999E-10	35	97	0	1.30936E-11	8.37991E-12
35	98	0	4.71842E-13	3.01979E-13	36	80	0	2.74E-13	1.7536E-13
36	81	0	2.81E-11	1.7984E-11	36	81	1	4.19E-12	2.6816E-12
36	82	0	2.7E-9	1.728E-9	36	83	0	7.23999E-8	4.6336E-8
36	83	1	1.7E-8	1.088E-8	36	84	0	2.34E-6	1.4976E-6
36	85	0	2.378E-5	1.52192E-5	36	85	1	5.58E-6	3.5712E-6
36	86	0	2.4461E-4	1.5655E-4	36	87	0	0.00107532	1.18285E-4
36	88	0	0.00393616	4.32977E-4	36	89	0	0.00725839	5.80672E-4
36	90	0	0.0100486	6.02914E-4	36	91	0	0.00924664	3.69866E-4
36	92	0	0.00613303	4.90642E-4	36	93	0	0.0019871	2.18581E-4
36	94	0	6.0347E-4	3.86221E-4	36	95	0	9.47725E-5	6.06544E-5
36	96	0	9.52999E-6	6.0992E-6	36	97	0	5.54986E-7	3.55191E-7
36	98	0	1.99995E-8	1.27997E-8	36	99	0	3.33478E-11	2.13426E-11
36	100	0	6.91999E-12	4.4288E-12	36	101	0	5.28144E-13	3.38012E-13
37	83	0	6.72999E-12	4.3072E-12	37	84	0	6.25E-10	4.0E-10
37	85	0	2.7E-8	1.728E-8	37	86	1	4.015E-7	2.5696E-7
37	86	0	4.015E-7	2.5696E-7	37	87	0	1.468E-5	9.39519E-6
37	88	0	1.4198E-4	9.08671E-5	37	89	0	8.42509E-4	5.39206E-4
37	90	0	6.0144E-4	3.84921E-4	37	90	1	0.00257129	0.00164562
37	91	0	0.00820349	0.00525024	37	92	0	0.013336	0.00426753
37	93	0	0.0150389	0.00481245	37	94	0	0.0112685	0.00360593
37	95	0	0.00540899	0.00346175	37	96	0	0.00173368	0.00110955
37	97	0	3.4307E-4	2.19565E-4	37	98	0	4.175E-5	2.672E-5
37	99	0	9.46216E-7	6.05578E-7	37	100	0	1.71E-7	1.0944E-7
37	101	0	1.49856E-8	9.59081E-9	37	102	0	4.36454E-11	2.7933E-11
37	103	0	2.22531E-12	1.4242E-12	37	104	0	3.70396E-14	2.37053E-14
38	85	1	7.64999E-13	4.896E-13	38	85	0	7.64999E-13	4.896E-13
38	86	0	1.62E-10	1.0368E-10	38	87	0	8.74999E-9	5.6E-9
38	87	1	2.05E-9	1.312E-9	38	88	0	3.61E-7	2.3104E-7
38	89	0	6.98999E-6	4.4736E-6	38	90	0	8.50399E-5	5.44256E-5
38	91	0	6.70039E-4	4.28825E-4	38	92	0	0.00323562	0.0020708
38	93	0	0.0114551	0.00263468	38	94	0	0.0208438	0.00479406
38	95	0	0.0271871	0.00869987	38	96	0	0.0244872	0.00563204
38	97	0	0.0147839	0.00473085	38	98	0	0.00559697	0.00358206
38	99	0	0.00156054	9.98747E-4	38	100	0	2.473E-4	1.58272E-4
38	101	0	2.4715E-5	1.58176E-5	38	102	0	1.84995E-6	1.18397E-6
38	103	0	9.43222E-8	6.03662E-8	38	104	0	1.56996E-9	1.00478E-9
38	105	0	8.26835E-12	5.29175E-12	38	106	0	8.6942E-13	5.56429E-13
39	87	0	2.05E-13	1.312E-13	39	88	0	2.47E-11	1.5808E-11
39	89	0	3.12E-10	1.9968E-10	39	89	1	1.33E-9	8.51199E-10
39	90	1	3.485E-8	2.2304E-8	39	90	0	3.485E-8	2.2304E-8
39	91	1	9.09999E-7	5.824E-7	39	91	0	9.09999E-7	5.824E-7
39	92	0	2.788E-5	1.78432E-5	39	93	1	1.5403E-4	9.85791E-5
39	93	0	1.5403E-4	9.85791E-5	39	94	0	0.00192102	0.00122945
39	95	0	0.00664172	0.0042507	39	96	0	0.00165663	0.00106024
39	96	1	0.0149682	0.00478982	39	97	1	0.0136506	0.00873636
39	97	0	0.0136506	0.00873636	39	98	0	0.0141133	0.00451625
39	98	1	0.0141123	0.00451593	39	99	0	0.022553	0.00721695
39	100	0	0.0107817	0.00345014	39	101	0	0.00340599	0.00217983
39	102	0	8.06549E-4	5.16192E-4	39	103	0	1.04136E-4	6.66468E-5
39	104	0	8.36999E-6	5.3568E-6	39	105	0	2.34607E-7	1.50149E-7
39	106	0	2.4669E-8	1.57882E-8	39	107	0	1.73019E-11	1.10732E-11
39	108	0	1.55944E-12	9.9804E-13	39	109	0	9.24456E-14	5.91652E-14
40	89	0	2.18E-14	1.3952E-14	40	90	1	1.675E-12	1.072E-12
40	90	0	1.675E-12	1.072E-12	40	91	0	3.24E-10	2.0736E-10
40	92	0	1.78E-8	1.1392E-8	40	93	0	6.97999E-7	4.4672E-7
40	94	0	1.416E-5	9.06239E-6	40	95	0	1.6016E-4	1.02502E-4
40	96	0	0.00116203	7.43699E-4	40	97	0	0.00561015	0.00359049
40	98	0	0.0156726	0.00501523	40	99	0	0.0334954	0.0107185
40	100	0	0.0428817	0.0137221	40	101	0	0.0375769	0.0120246
40	102	0	0.0252494	0.00807981	40	103	0	0.0103224	0.00330315
40	104	0	0.00273888	0.00175288	40	105	0	3.86925E-4	2.47632E-4
40	106	0	4.06853E-5	2.60386E-5	40	107	0	7.33357E-7	4.69349E-7
40	108	0	6.60984E-8	4.2303E-8	40	109	0	3.9184E-9	2.50778E-9
41	92	0	2.69E-13	1.7216E-13	41	93	0	3.17E-11	2.0288E-11
41	93	1	7.43999E-12	4.7616E-12	41	94	0	1.72E-9	1.1008E-9
41	94	1	1.2E-9	7.67999E-10	41	95	0	8.93999E-8	5.7216E-8
41	95	1	2.1E-8	1.344E-8	41	96	0	1.2326E-4	7.88863E-5
41	97	0	3.526E-5	2.25664E-5	41	97	1	8.26999E-6	5.2928E-6
41	98	0	2.8592E-4	1.82989E-4	41	98	1	9.53099E-5	6.09984E-5
41	99	0	1.9132E-4	1.22445E-4	41	99	1	0.00220013	0.00140808
41	100	0	0.00428751	0.002744	41	100	1	0.00428751	0.002744
41	101	0	0.0202173	0.00646953	41	102	1	0.0175536	0.0112343
41	102	0	0.0175536	0.0112343	41	103	0	0.0398045	0.0127374
41	104	1	0.0153413	0.00981845	41	104	0	0.0153413	0.00981845
41	105	0	0.0129351	0.00413922	41	106	0	0.00438774	0.00280815
41	107	0	8.09656E-4	5.1818E-4	41	108	0	8.24099E-5	5.27424E-5
41	109	0	4.32608E-6	2.76869E-6	41	110	0	6.24E-13	3.9936E-13
41	111	0	2.58185E-15	1.65238E-15	41	112	0	5.0248E-17	3.21587E-17
41	113	0	3.2191E-17	2.06022E-17	41	115	0	2.6192E-14	1.67629E-14
41	116	0	1.4344E-16	9.18016E-17	42	94	0	3.41E-14	2.1824E-14
42	95	0	4.5E-12	2.88E-12	42	96	0	3.83E-10	2.4512E-10
42	97	0	2.18E-8	1.3952E-8	42	98	0	6.43E-7	4.1152E-7
42	99	0	1.328E-5	8.49919E-6	42	100	0	1.5178E-4	9.71391E-5
42	101	0	0.0010925	6.99199E-4	42	102	0	0.00535093	0.00342459
42	103	0	0.0172167	0.00550933	42	104	0	0.0360673	0.00829549
42	105	0	0.0413196	0.0132223	42	106	0	0.0388935	0.0124459
42	107	0	0.020746	0.00663872	42	108	0	0.00681437	0.0043612
42	109	0	0.0012146	7.77343E-4	42	110	0	2.27E-6	1.4528E-6
42	111	0	6.31999E-8	4.0448E-8	42	112	0	1.23E-9	7.87199E-10
42	113	0	7.8799E-10	5.04314E-10	42	114	0	3.37E-13	2.1568E-13
42	115	0	1.11018E-9	7.10513E-10	42	116	0	6.07985E-12	3.89111E-12
42	117	0	1.42447E-14	9.11663E-15	43	97	1	1.395E-13	8.92799E-14
43	97	0	1.395E-13	8.92799E-14	43	98	0	2.87E-11	1.8368E-11
43	99	0	1.61E-9	1.0304E-9	43	99	1	3.77E-10	2.4128E-10
43	100	0	7.96999E-8	5.1008E-8	43	101	0	1.92E-6	1.2288E-6
43	102	0	1.485E-5	9.50399E-6	43	102	1	1.485E-5	9.50399E-6
43	103	0	3.0894E-4	1.97721E-4	43	104	0	0.00200673	0.00128431
43	105	0	0.00627231	0.00401428	43	106	0	0.017028	0.00544895
43	107	0	0.0243013	0.00777642	43	108	0	0.0224043	0.00716937
43	109	0	0.0118316	0.00378612	43	110	0	0.00263049	0.00168351
43	111	0	3.9857E-4	2.55085E-4	43	112	0	4.124E-5	2.63936E-5
43	113	0	5.41921E-6	3.46829E-6	43	114	0	3.44E-7	2.2016E-7
43	115	0	1.22568E-6	7.84435E-7	43	116	0	3.24E-8	2.0736E-8
43	117	0	4.04182E-10	2.58676E-10	43	118	0	6.74734E-13	4.3183E-13
43	119	0	1.77649E-14	1.13695E-14	43	120	0	2.47717E-16	1.58539E-16
44	99	0	1.72E-14	1.1008E-14	44	100	0	2.42E-12	1.5488E-12
44	101	0	2.02E-10	1.2928E-10	44	102	0	1.04E-8	6.65599E-9
44	103	0	3.79E-7	2.4256E-7	44	104	0	8.42999E-6	5.3952E-6
44	105	0	8.90799E-5	5.70112E-5	44	106	0	7.30519E-4	4.67532E-4
44	107	0	0.00299148	0.00191455	44	108	0	0.00826148	0.00528735
44	109	1	0.00614266	0.0039313	44	109	0	0.00614266	0.0039313
44	110	0	0.0104442	0.00334214	44	111	0	0.00511132	0.00327124
44	112	0	0.00176142	7.92638E-4	44	113	0	9.52499E-4	6.096E-4
44	114	0	2.7199E-4	1.74073E-4	44	115	0	9.06131E-5	5.79924E-5
44	116	0	1.062E-5	6.79679E-6	44	117	0	6.66595E-7	4.26621E-7
44	118	0	2.85993E-8	1.83036E-8	44	119	0	7.52982E-10	4.81908E-10
44	120	0	1.04997E-11	6.71984E-12	44	121	0	5.39204E-14	3.45091E-14
45	102	0	4.64E-14	2.9696E-14	45	102	1	4.64E-14	2.9696E-14
45	103	0	1.6E-12	1.024E-12	45	103	1	1.07E-11	6.84799E-12
45	104	0	2.42E-10	1.5488E-10	45	104	1	7.26999E-10	4.6528E-10
45	105	0	3.09E-8	1.9776E-8	45	105	1	4.62E-9	2.9568E-9
45	106	0	4.96E-7	3.1744E-7	45	106	1	4.96E-7	3.1744E-7
45	107	0	1.401E-5	8.96639E-6	45	108	0	6.005E-5	3.8432E-5
45	108	1	6.005E-5	3.8432E-5	45	109	0	2.6748E-4	1.71187E-4
45	109	1	2.6748E-4	1.71187E-4	45	110	0	9.52599E-5	6.09664E-5
45	110	1	9.52599E-5	6.09664E-5	45	111	0	3.4512E-4	2.20877E-4
45	112	0	3.8195E-4	2.44448E-4	45	113	0	5.5956E-4	3.58118E-4
45	114	0	4.3261E-4	2.7687E-4	45	115	0	2.2601E-4	1.44646E-4
45	116	0	1.1894E-4	7.61215E-5	45	117	0	3.478E-5	2.22592E-5
45	118	0	6.66999E-6	4.2688E-6	45	119	0	7.50999E-7	4.8064E-7
45	120	0	4.6E-8	2.944E-8	45	121	0	1.52994E-9	9.79165E-10
45	122	0	3.1E-11	1.984E-11	45	123	0	3.64E-13	2.3296E-13
46	105	0	8.52999E-13	5.4592E-13	46	106	0	8.05999E-11	5.1584E-11
46	107	0	1.37E-9	8.76799E-10	46	107	1	2.55E-9	1.632E-9
46	108	0	1.22E-7	7.80799E-8	46	109	0	6.71999E-7	4.3008E-7
46	109	1	1.25E-6	7.99999E-7	46	110	0	4.3E-9	2.752E-9
46	111	0	1.57E-8	1.0048E-8	46	111	1	2.91E-8	1.8624E-8
46	112	0	2.52E-7	1.6128E-7	46	113	0	1.76E-6	1.1264E-6
46	114	0	5.92E-6	3.7888E-6	46	115	0	6.235E-5	3.9904E-5
46	116	0	1.4047E-4	8.99007E-5	46	117	0	1.6204E-4	1.03706E-4
46	118	0	1.1803E-4	7.55391E-5	46	119	0	5.037E-5	3.22368E-5
46	120	0	1.249E-5	7.99359E-6	46	121	0	1.66E-6	1.0624E-6
46	122	0	1.33E-7	8.51199E-8	46	123	0	6.34E-9	4.0576E-9
46	124	0	1.18E-10	7.55199E-11	47	107	1	2.41E-14	1.5424E-14
47	108	1	1.605E-12	1.0272E-12	47	108	0	1.605E-12	1.0272E-12
47	109	1	9.24999E-11	5.92E-11	47	109	0	9.24999E-11	5.92E-11
47	112	0	4.82E-14	3.0848E-14	47	113	0	2.67E-13	1.7088E-13
47	113	1	1.78E-12	1.1392E-12	47	114	0	3.83E-11	2.4512E-11
47	115	0	3.38E-7	2.1632E-7	47	115	1	3.38E-7	2.1632E-7
47	116	0	3.89E-6	2.4896E-6	47	116	1	3.89E-6	2.4896E-6
47	117	0	1.898E-5	1.21472E-5	47	117	1	1.898E-5	1.21472E-5
47	118	0	4.911E-5	3.14304E-5	47	118	1	4.911E-5	3.14304E-5
47	119	0	1.3769E-4	8.81215E-5	47	120	1	5.9145E-5	3.78528E-5
47	120	0	5.9145E-5	3.78528E-5	47	121	0	5.536E-5	3.54304E-5
47	122	1	8.12499E-6	5.2E-6	47	122	0	8.12499E-6	5.2E-6
47	123	0	2.95E-6	1.888E-6	47	124	0	2.53E-7	1.6192E-7
47	125	0	1.74E-11	1.1136E-11	47	126	0	1.77E-12	1.1328E-12
47	127	0	1.33E-13	8.51199E-14	47	129	0	4.33031E-16	2.7714E-16
47	131	0	1.32116E-11	8.45541E-12	47	132	0	4.69483E-13	3.00469E-13
48	115	0	1.11E-10	7.10399E-11	48	115	1	3.7E-10	2.368E-10
48	116	0	3.27E-8	2.0928E-8	48	117	0	1.85E-7	1.184E-7
48	117	1	6.19E-7	3.9616E-7	48	118	0	8.59999E-6	5.504E-6
48	119	0	2.112E-5	1.35168E-5	48	119	1	2.112E-5	1.35168E-5
48	120	0	1.1979E-4	7.66655E-5	48	121	1	8.70099E-5	5.56864E-5
48	121	0	8.70099E-5	5.56864E-5	48	122	0	1.6069E-4	1.02842E-4
48	123	0	9.77699E-5	6.25728E-5	48	124	0	3.501E-5	2.24064E-5
48	125	0	3.23E-6	2.0672E-6	48	126	0	1.24E-6	7.93599E-7
48	127	0	4.45E-7	2.848E-7	48	128	0	6.07E-8	3.8848E-8
48	129	0	1.06E-8	6.78399E-9	48	130	0	9.15999E-10	5.8624E-10
48	131	0	5.59986E-7	3.58391E-7	48	132	0	1.98995E-8	1.27357E-8
48	133	0	1.18061E-10	7.55591E-11	48	134	0	2.62E-12	1.6768E-12
49	116	2	1.25333E-12	8.02133E-13	49	116	0	1.25333E-12	8.02133E-13
49	116	1	1.25333E-12	8.02133E-13	49	117	0	4.14E-10	2.6496E-10
49	117	1	9.71999E-11	6.2208E-11	49	118	2	3.215E-9	2.0576E-9
49	118	0	1.93E-8	1.2352E-8	49	118	1	3.215E-9	2.0576E-9
49	119	0	4.18E-7	2.6752E-7	49	119	1	9.79999E-8	6.272E-8
49	120	2	1.86667E-6	1.19467E-6	49	120	0	1.86667E-6	1.19467E-6
49	120	1	1.86667E-6	1.19467E-6	49	121	0	2.218E-5	1.41952E-5
49	121	1	5.2E-6	3.328E-6	49	122	2	2.6E-5	1.664E-5
49	122	0	2.6E-5	1.664E-5	49	122	1	2.6E-5	1.664E-5
49	123	0	1.1595E-4	7.42079E-5	49	123	1	2.72E-5	1.7408E-5
49	124	1	9.06999E-5	5.8048E-5	49	124	0	9.06999E-5	5.8048E-5
49	125	0	1.3698E-4	8.76671E-5	49	125	1	1.3698E-4	8.76671E-5
49	126	1	1.6292E-4	1.04269E-4	49	126	0	1.6292E-4	1.04269E-4
49	127	0	2.4026E-4	1.53766E-4	49	127	1	2.4026E-4	1.53766E-4
49	128	1	1.5292E-4	9.78687E-5	49	128	0	1.5292E-4	9.78687E-5
49	129	0	1.1197E-4	7.16607E-5	49	129	1	1.1197E-4	7.16607E-5
49	130	2	3.503E-5	2.24192E-5	49	130	1	3.503E-5	2.24192E-5
49	130	0	3.503E-5	2.24192E-5	49	131	1	1.4778E-4	9.45791E-5
49	131	0	1.4778E-4	9.45791E-5	49	132	0	4.029E-5	2.57856E-5
49	133	0	3.34988E-6	2.14392E-6	49	134	0	9.01999E-8	5.7728E-8
49	135	0	2.2672E-10	1.45101E-10	49	136	0	1.05E-11	6.71999E-12
49	137	0	2.1634E-13	1.38457E-13	50	117	1	9.44999E-15	6.048E-15
50	117	0	9.44999E-15	6.048E-15	50	118	0	4.72E-12	3.0208E-12
50	119	0	9.60999E-11	6.1504E-11	50	119	1	3.22E-10	2.0608E-10
50	120	0	1.95E-8	1.248E-8	50	121	0	1.07E-7	6.84799E-8
50	121	1	2.62E-7	1.6768E-7	50	122	0	3.76E-6	2.4064E-6
50	123	0	1.636E-5	1.04704E-5	50	123	1	6.67999E-6	4.2752E-6
50	124	0	1.0426E-4	6.67263E-5	50	125	0	1.3599E-4	8.70335E-5
50	125	1	5.555E-5	3.5552E-5	50	126	0	4.9137E-4	3.14477E-4
50	127	0	0.00128546	8.22694E-4	50	127	1	5.2764E-4	3.37689E-4
50	128	1	0.00164573	0.00105327	50	128	0	0.00164573	0.00105327
50	129	0	0.00489434	0.00313238	50	129	1	0.00199855	0.00127907
50	130	1	0.00624221	0.00399501	50	130	0	0.00624221	0.00399501
50	131	1	0.0055044	0.00352282	50	131	0	0.0055044	0.00352282
50	132	0	0.00523935	0.00335318	50	133	0	0.00159381	0.00102004
50	134	0	1.7917E-4	1.14669E-4	50	135	0	9.60977E-6	6.15025E-6
50	136	0	3.42E-7	2.1888E-7	50	137	0	9.16978E-9	5.86866E-9
50	138	0	1.57E-10	1.0048E-10	50	139	0	3.2317E-12	2.06829E-12
50	140	0	2.30436E-13	1.47479E-13	51	120	0	7.56999E-13	4.8448E-13
51	120	1	1.09E-12	6.97599E-13	51	121	0	1.45E-10	9.27999E-11
51	122	0	2.73E-9	1.7472E-9	51	122	1	3.08E-9	1.9712E-9
51	123	0	1.36E-7	8.70399E-8	51	124	2	8.59999E-7	5.504E-7
51	124	0	8.59999E-7	5.504E-7	51	124	1	8.59999E-7	5.504E-7
51	125	0	2.85E-7	1.824E-7	51	126	2	7.39999E-7	4.736E-7
51	126	0	8.65999E-7	5.5424E-7	51	126	1	7.39999E-7	4.736E-7
51	127	0	3.122E-5	1.99808E-5	51	128	0	7.09799E-5	4.54272E-5
51	128	1	1.2086E-4	7.73503E-5	51	129	0	0.0010844	6.94015E-4
51	130	0	0.00206564	0.00132201	51	130	1	0.00351717	0.00225099
51	131	0	0.0173784	0.0055611	51	132	0	0.0149173	0.00477355
51	132	1	0.0108022	0.0034567	51	133	0	0.0250672	0.00802149
51	134	1	0.0052655	0.00336992	51	134	0	0.0052655	0.00336992
51	135	0	0.00217249	0.00139039	51	136	0	2.9096E-4	1.86214E-4
51	137	0	2.729E-5	1.74656E-5	51	138	0	1.66E-6	1.0624E-6
51	139	0	9.16967E-8	5.86859E-8	51	140	0	6.53841E-9	4.18459E-9
51	141	0	7.27545E-12	4.65629E-12	51	142	0	9.88509E-13	6.32646E-13
52	122	0	5.38E-13	3.4432E-13	52	123	0	1.17E-11	7.48799E-12
52	123	1	3.92E-11	2.5088E-11	52	124	0	4.51E-9	2.8864E-9
52	125	0	7.69999E-14	4.928E-14	52	125	1	2.58E-13	1.6512E-13
52	126	0	1.04E-11	6.65599E-12	52	127	0	1.64E-10	1.0496E-10
52	127	1	4.01E-10	2.5664E-10	52	128	0	1.98E-8	1.2672E-8
52	129	0	1.34E-7	8.57599E-8	52	129	1	3.28E-7	2.0992E-7
52	130	0	1.158E-5	7.41119E-6	52	131	0	9.30269E-4	5.95372E-4
52	131	1	0.00137887	8.82476E-4	52	132	0	0.0140357	0.00322821
52	133	0	0.0116786	0.00373715	52	133	1	0.0285925	0.00914959
52	134	0	0.0543111	0.00597422	52	135	0	0.0372736	0.00857292
52	136	0	0.0168287	0.0053852	52	137	0	0.00512159	0.00327782
52	138	0	0.00105156	6.72998E-4	52	139	0	1.8812E-4	1.20397E-4
52	140	0	1.07835E-5	6.90141E-6	52	141	0	3.08378E-7	1.97362E-7
52	142	0	4.1899E-8	2.68153E-8	52	143	0	2.24494E-11	1.43676E-11
52	144	0	2.84489E-12	1.82073E-12	52	145	0	1.82597E-13	1.16862E-13
53	129	0	5.91E-14	3.7824E-14	53	130	0	5.89E-12	3.7696E-12
53	130	1	2.52E-12	1.6128E-12	53	131	0	1.913E-5	3.0608E-6
53	132	1	3.0506E-4	1.95238E-4	53	132	0	3.0506E-4	1.95238E-4
53	133	1	1.5753E-4	1.00819E-4	53	133	0	1.5753E-4	1.00819E-4
53	134	0	0.00781458	0.00500133	53	134	1	0.00565884	0.00254648
53	135	0	0.030087	0.00692	53	136	0	0.0201747	0.00645592
53	136	1	0.0201089	0.00643484	53	137	0	0.0351479	0.00281183
53	138	0	0.0212885	0.00170308	53	139	0	0.0088877	9.77647E-4
53	140	0	0.00208893	0.00133691	53	141	0	3.40461E-4	2.17895E-4
53	142	0	8.73299E-5	5.58912E-5	53	143	0	6.36983E-7	4.07669E-7
53	144	0	8.07212E-8	5.16616E-8	53	145	0	5.18104E-9	3.31587E-9
53	146	0	9.60198E-12	6.14527E-12	53	147	0	8.13892E-13	5.20891E-13
54	131	0	2.32E-9	1.4848E-9	54	131	1	5.68E-9	3.6352E-9
54	132	0	5.37E-7	3.4368E-7	54	133	0	2.51E-6	1.6064E-6
54	133	1	6.14E-6	3.9296E-6	54	134	0	9.64199E-5	6.17088E-5
54	134	1	2.2497E-4	1.43981E-4	54	135	0	6.55009E-4	5.24008E-5
54	135	1	0.00161402	0.00103297	54	136	0	0.0108381	0.00346819
54	137	0	0.026963	0.00215704	54	138	0	0.0406057	0.00243634
54	139	0	0.0408452	0.00245071	54	140	0	0.0310012	0.00124005
54	141	0	0.0146286	5.85142E-4	54	142	0	0.00546027	6.00629E-4
54	143	1	5.25271E-4	3.36174E-4	54	143	0	5.25271E-4	3.36174E-4
54	144	0	1.33129E-4	8.52027E-5	54	145	0	8.54481E-6	5.46868E-6
54	146	0	4.0699E-7	2.60474E-7	54	147	0	3.44977E-8	2.20785E-8
54	148	0	1.62E-10	1.0368E-10	54	149	0	1.12997E-12	7.2318E-13
55	131	0	8.69999E-14	5.568E-14	55	132	0	2.32E-11	1.4848E-11
55	133	0	1.45E-9	9.27999E-10	55	134	1	1.16E-7	7.42399E-8
55	134	0	1.16E-7	7.42399E-8	55	135	1	3.655E-6	2.3392E-6
55	135	0	3.655E-6	2.3392E-6	55	136	1	7.05649E-5	4.51616E-5
55	136	0	7.05649E-5	4.51616E-5	55	137	0	9.23659E-4	5.91142E-4
55	138	0	0.00117854	2.71064E-4	55	138	1	0.00225887	0.00144568
55	139	0	0.0126568	0.00405017	55	140	0	0.0229067	0.00733014
55	141	0	0.027552	0.00881665	55	142	0	0.0268741	0.00859971
55	143	0	0.0160688	0.00514201	55	144	0	0.00654258	0.00418725
55	145	0	0.00141727	9.07052E-4	55	146	0	2.2914E-4	1.46649E-4
55	147	0	3.80868E-5	2.43756E-5	55	148	0	1.16E-6	7.42399E-7
55	149	0	3.20619E-8	2.05196E-8	55	150	0	6.58999E-10	4.2176E-10
55	151	0	1.72914E-12	1.10665E-12	55	152	0	1.08524E-13	6.94551E-14
56	133	0	1.39E-14	8.89599E-15	56	134	0	9.78999E-12	6.2656E-12
56	135	1	6.5E-10	4.16E-10	56	135	0	6.5E-10	4.16E-10
56	136	1	4.87E-8	3.1168E-8	56	136	0	4.87E-8	3.1168E-8
56	137	0	6.35E-7	4.064E-7	56	137	1	1.56E-6	9.98399E-7
56	138	0	3.306E-5	2.11584E-5	56	139	0	3.0499E-4	1.95193E-4
56	140	0	0.00175181	0.00112116	56	141	0	0.00652486	0.00417591
56	142	0	0.0144429	0.00462174	56	143	0	0.0267222	0.00614612
56	144	0	0.0289148	0.00925275	56	145	0	0.0184433	0.00590186
56	146	0	0.0090474	0.00579034	56	147	0	0.00281572	0.00180206
56	148	0	5.0184E-4	3.21177E-4	56	149	0	5.28779E-5	3.38419E-5
56	150	0	3.68E-6	2.3552E-6	56	151	0	7.32914E-8	4.69065E-8
56	152	0	4.59989E-9	2.94393E-9	56	153	0	1.6599E-11	1.06234E-11
56	154	0	7.58999E-13	4.8576E-13	56	155	0	3.03261E-14	1.94087E-14
57	137	0	1.4E-10	8.95999E-11	57	138	0	7.51999E-9	4.8128E-9
57	139	0	2.28E-7	1.4592E-7	57	140	0	4.19E-6	2.6816E-6
57	141	0	4.394E-5	2.81216E-5	57	142	0	3.64E-4	2.3296E-4
57	143	0	0.00201735	0.0012911	57	144	0	0.00657603	0.00420866
57	145	0	0.0121785	0.00389712	57	146	1	0.00773333	0.00494933
57	146	0	0.00773333	0.00494933	57	147	0	0.0132746	0.00424787
57	148	0	0.00724806	0.00463876	57	149	0	0.00244795	0.00156669
57	150	0	5.7286E-4	3.6663E-4	57	151	0	8.09166E-5	5.17867E-5
57	152	0	8.16999E-6	5.2288E-6	57	153	0	4.70983E-7	3.01429E-7
57	154	0	1.6E-8	1.024E-8	57	155	0	8.60477E-10	5.50705E-10
57	156	0	1.78828E-12	1.1445E-12	57	157	0	6.11035E-14	3.91063E-14
57	158	0	1.21027E-15	7.74576E-16	58	138	0	9.67999E-14	6.1952E-14
58	139	0	2.88E-12	1.8432E-12	58	139	1	7.03999E-12	4.5056E-12
58	140	0	6.32E-10	4.0448E-10	58	141	0	2.29E-8	1.4656E-8
58	142	0	6.14E-7	3.9296E-7	58	143	0	1.12E-5	7.16799E-6
58	144	0	1.2821E-4	8.20543E-5	58	145	0	7.43089E-4	4.75577E-4
58	146	0	0.00293069	0.00187564	58	147	0	0.00656891	0.00295601
58	148	0	0.0107703	0.00247717	58	149	0	0.0102002	0.00326407
58	150	0	0.00705711	0.00451655	58	151	0	0.00301698	0.00193087
58	152	0	9.40499E-4	6.0192E-4	58	153	0	1.7472E-4	1.11821E-4
58	154	0	1.964E-5	1.25696E-5	58	155	0	1.41914E-6	9.08249E-7
58	156	0	7.57982E-8	4.85108E-8	58	157	0	2.58994E-9	1.65756E-9
58	158	0	5.12988E-11	3.28312E-11	58	159	0	2.29074E-13	1.46607E-13
59	141	0	3.0E-13	1.92E-13	59	142	1	1.37E-11	8.76799E-12
59	142	0	1.37E-11	8.76799E-12	59	143	0	1.91E-9	1.2224E-9
59	144	0	7.75999E-9	4.9664E-9	59	144	1	6.97999E-8	4.4672E-8
59	145	0	1.58E-6	1.0112E-6	59	146	0	2.077E-5	1.32928E-5
59	147	0	1.5192E-4	9.72287E-5	59	148	1	3.8429E-4	2.45945E-4
59	148	0	3.8429E-4	2.45945E-4	59	149	0	0.0020231	0.00129478
59	150	0	0.00420793	0.00269307	59	151	0	0.00514733	0.0023163
59	152	0	0.00414587	0.00265335	59	153	0	0.00219056	0.00140196
59	154	0	7.38189E-4	4.72441E-4	59	155	0	1.6223E-4	1.03827E-4
59	156	0	2.74E-5	1.7536E-5	59	157	0	3.13E-6	2.0032E-6
59	158	0	2.04E-7	1.3056E-7	59	159	0	6.49977E-9	4.15985E-9
59	160	0	1.12E-10	7.16799E-11	59	161	0	2.47717E-13	1.58539E-13
59	162	0	2.10677E-17	1.34834E-17	59	163	0	3.79833E-19	2.43093E-19
60	143	0	1.81E-14	1.1584E-14	60	144	0	2.68E-12	1.7152E-12
60	145	0	2.11E-10	1.3504E-10	60	146	0	9.42999E-9	6.0352E-9
60	147	0	2.33E-7	1.4912E-7	60	148	0	4.27E-6	2.7328E-6
60	149	0	4.066E-5	2.60224E-5	60	150	0	2.5499E-4	1.63193E-4
60	151	0	8.79059E-4	5.62598E-4	60	152	0	0.00203923	0.00130511
60	153	0	0.00286152	0.00183137	60	154	0	0.00257551	0.00115898
60	155	0	0.00151854	9.71865E-4	60	156	0	7.21859E-4	4.6199E-4
60	157	0	2.5153E-4	1.60979E-4	60	158	0	5.056E-5	3.23584E-5
60	159	0	5.12E-6	3.2768E-6	60	160	0	2.87E-7	1.8368E-7
60	161	0	1.04997E-8	6.71984E-9	60	162	0	8.92978E-13	5.71506E-13
60	163	0	1.60996E-14	1.03037E-14	60	165	0	4.96914E-19	3.18025E-19
60	166	0	3.28889E-20	2.10489E-20	61	146	0	1.09E-13	6.97599E-14
61	147	0	9.39999E-12	6.016E-12	61	148	0	1.97E-10	1.2608E-10
61	148	1	4.6E-10	2.944E-10	61	149	0	2.29E-8	1.4656E-8
61	150	0	5.08E-7	3.2512E-7	61	151	0	5.86E-6	3.7504E-6
61	152	2	1.416E-5	9.06239E-6	61	152	0	1.416E-5	9.06239E-6
61	152	1	1.416E-5	9.06239E-6	61	153	0	1.7772E-4	1.13741E-4
61	154	0	2.2546E-4	1.44294E-4	61	154	1	2.2546E-4	1.44294E-4
61	155	0	7.00089E-4	4.48057E-4	61	156	0	8.60179E-4	5.50515E-4
61	157	0	8.05369E-4	5.15436E-4	61	158	0	4.4068E-4	2.82035E-4
61	159	0	1.2776E-4	8.17663E-5	61	160	0	2.148E-5	1.37472E-5
61	161	0	2.44E-6	1.5616E-6	61	162	0	6.68999E-10	4.2816E-10
61	163	0	3.82E-11	2.4448E-11	61	164	0	9.38999E-13	6.0096E-13
61	165	0	1.40995E-14	9.02368E-15	61	166	0	9.33194E-16	5.97244E-16
61	167	0	6.2755E-19	4.01632E-19	61	168	0	2.50076E-18	1.60049E-18
61	169	0	1.24257E-19	7.95246E-20	62	149	0	7.17999E-13	4.5952E-13
62	150	0	6.1E-11	3.904E-11	62	151	0	2.58E-9	1.6512E-9
62	152	0	6.11E-8	3.9104E-8	62	153	0	8.44999E-7	5.408E-7
62	154	0	6.86999E-6	4.3968E-6	62	155	0	3.182E-5	2.03648E-5
62	156	0	1.112E-4	7.11679E-5	62	157	0	2.8942E-4	1.85229E-4
62	158	0	4.132E-4	2.64448E-4	62	159	0	3.0981E-4	1.98278E-4
62	160	0	1.3771E-4	8.81343E-5	62	161	0	4.316E-5	2.76224E-5
62	162	0	3.44E-8	2.2016E-8	62	163	0	5.78E-9	3.6992E-9
62	164	0	4.47E-10	2.8608E-10	62	165	0	2.17E-11	1.3888E-11
62	166	0	1.53907E-12	9.85002E-13	62	167	0	2.65994E-14	1.70236E-14
62	168	0	1.05997E-13	6.78383E-14	62	169	0	5.26677E-15	3.37073E-15
62	171	0	4.54892E-20	2.91131E-20	63	151	0	2.81E-14	1.7984E-14
63	152	2	7.73333E-13	4.94933E-13	63	152	0	7.73333E-13	4.94933E-13
63	152	1	7.73333E-13	4.94933E-13	63	153	0	1.11E-10	7.10399E-11
63	154	1	1.535E-9	9.82399E-10	63	154	0	1.535E-9	9.82399E-10
63	155	0	4.63E-8	2.9632E-8	63	156	0	5.3E-7	3.392E-7
63	157	0	4.23E-6	2.7072E-6	63	158	0	1.775E-5	1.136E-5
63	159	0	3.723E-5	2.38272E-5	63	160	0	4.418E-5	2.82752E-5
63	161	0	3.592E-5	2.29888E-5	63	162	0	7.41999E-8	4.7488E-8
63	163	0	3.25E-8	2.08E-8	63	164	0	7.03999E-9	4.5056E-9
63	165	0	1.01E-9	6.464E-10	63	166	0	2.18E-10	1.3952E-10
63	167	0	1.2E-11	7.67999E-12	63	168	0	1.55E-10	9.91999E-11
63	169	0	5.81473E-12	3.72143E-12	63	170	0	1.36E-13	8.70399E-14
63	171	0	1.29072E-15	8.26058E-16	63	172	0	1.38014E-18	8.83288E-19
64	154	0	7.90999E-14	5.0624E-14	64	155	0	4.01E-12	2.5664E-12
64	156	0	1.53E-10	9.79199E-11	64	157	0	4.15E-9	2.656E-9
64	158	0	5.62E-8	3.5968E-8	64	159	0	3.71E-7	2.3744E-7
64	160	0	1.33E-6	8.51199E-7	64	161	0	3.15E-6	2.016E-6
64	162	0	1.79E-8	1.1456E-8	64	163	0	2.02E-8	1.2928E-8
64	164	0	1.13E-8	7.23199E-9	64	165	0	4.22E-9	2.7008E-9
64	166	0	2.48E-9	1.5872E-9	64	167	0	3.86E-10	2.4704E-10
64	168	0	1.49E-8	9.53599E-9	64	169	0	1.74E-9	1.1136E-9
64	170	0	1.29E-10	8.25599E-11	64	171	0	2.12871E-12	1.36237E-12
64	172	0	5.84986E-14	3.74391E-14	65	157	0	1.06E-13	6.78399E-14
65	158	0	4.34E-12	2.7776E-12	65	158	1	4.82E-13	3.0848E-13
65	159	0	1.06E-10	6.78399E-11	65	160	0	1.25E-9	7.99999E-10
65	161	0	9.40999E-9	6.0224E-9	65	162	0	8.33999E-11	5.3376E-11
65	162	1	8.33999E-11	5.3376E-11	65	163	0	5.47E-10	3.5008E-10
65	164	0	8.75999E-10	5.6064E-10	65	165	0	8.88999E-10	5.6896E-10
65	166	0	1.37E-9	8.76799E-10	65	167	0	5.51E-10	3.5264E-10
65	168	0	5.6E-8	3.584E-8	65	169	0	1.79E-8	1.1456E-8
65	170	0	3.84E-9	2.4576E-9	65	171	0	1.91E-10	1.2224E-10
65	172	0	1.64E-11	1.0496E-11	66	160	0	6.81999E-14	4.3648E-14
66	161	0	1.73E-12	1.1072E-12	66	162	0	1.01E-13	6.464E-14
66	163	0	1.05E-12	6.71999E-13	66	164	0	5.34E-12	3.4176E-12
66	165	0	1.45E-11	9.27999E-12	66	165	1	2.17E-12	1.3888E-12
66	166	0	7.60999E-11	4.8704E-11	66	167	0	8.62999E-11	5.5232E-11
66	168	0	2.36E-8	1.5104E-8	66	169	0	1.96E-8	1.2544E-8
66	170	0	1.09E-8	6.97599E-9	66	171	0	1.44E-9	9.21599E-10
66	172	0	3.45E-10	2.208E-10	67	166	0	4.14E-14	2.6496E-14
67	166	1	9.64999E-14	6.176E-14	67	167	0	4.94E-13	3.1616E-13
67	168	0	4.11E-10	2.6304E-10	67	169	0	9.94999E-10	6.368E-10
67	170	0	7.67999E-10	4.9152E-10	67	170	1	7.67999E-10	4.9152E-10
67	171	0	5.4E-10	3.456E-10	67	172	0	3.35E-10	2.144E-10
68	168	0	4.89E-13	3.1296E-13	68	169	0	3.81E-12	2.4384E-12
68	170	0	1.84E-11	1.1776E-11	68	171	0	1.95E-11	1.248E-11
68	172	0	3.47E-11	2.2208E-11	69	171	0	2.2E-14	1.408E-14
69	172	0	1.25E-13	7.99999E-14