Z	A	FPS	Yield	Uncertainty	Z	A	FPS	Yield	Uncertainty
23	66	0	1.40767E-18	9.00907E-19	23	67	0	4.98952E-19	3.19329E-19
24	66	0	5.54986E-14	3.55191E-14	24	67	0	1.62995E-14	1.04317E-14
24	69	0	3.34744E-17	2.14236E-17	25	66	0	1.89E-11	1.2096E-11
25	67	0	2.06E-11	1.3184E-11	25	68	0	3.4E-12	2.176E-12
25	69	0	7.37967E-13	4.72299E-13	25	70	0	7.47E-14	4.7808E-14
25	72	0	1.36201E-16	8.71689E-17	25	73	0	1.40808E-17	9.01174E-18
26	66	0	7.47E-10	4.7808E-10	26	67	0	2.01E-9	1.2864E-9
26	68	0	1.21E-9	7.744E-10	26	69	0	7.18E-10	4.5952E-10
26	70	0	2.8E-10	1.792E-10	26	71	0	5.65E-11	3.616E-11
26	72	0	5.36986E-12	3.43671E-12	26	73	0	4.59986E-13	2.94391E-13
26	74	0	2.34E-14	1.4976E-14	26	75	0	9.75202E-16	6.24129E-16
27	66	0	9.14E-10	5.8496E-10	27	67	0	7.48E-9	4.7872E-9
27	68	0	1.06E-8	6.784E-9	27	69	0	2.15E-8	1.376E-8
27	70	0	2.17E-8	1.3888E-8	27	71	0	1.57E-8	1.0048E-8
27	72	0	4.1E-9	2.624E-9	27	73	0	1.36E-9	8.704E-10
27	74	0	1.9E-10	1.216E-10	27	75	0	2.1499E-11	1.37594E-11
27	76	0	1.04E-12	6.656E-13	27	77	0	2.43966E-14	1.56138E-14
27	78	0	1.56746E-15	1.00317E-15	28	66	0	1.95E-10	1.248E-10
28	67	0	3.56E-9	2.2784E-9	28	68	0	1.56E-8	9.984E-9
28	69	0	6.98E-8	4.4672E-8	28	70	0	2.23E-7	1.4272E-7
28	71	0	3.76E-7	2.4064E-7	28	72	0	3.41E-7	2.1824E-7
28	73	0	2.96E-7	1.8944E-7	28	74	0	1.5E-7	9.6E-8
28	75	0	4.69E-8	3.0016E-8	28	76	0	8.86E-9	5.6704E-9
28	77	0	7.96976E-10	5.10064E-10	28	78	0	6.17984E-11	3.9551E-11
28	79	0	7.1666E-13	4.58662E-13	28	80	0	6.0E-14	3.84E-14
28	81	0	2.5446E-15	1.62854E-15	29	66	0	1.1E-12	7.04E-13
29	67	0	6.96E-11	4.4544E-11	29	68	0	2.03E-10	1.2992E-10
29	68	1	5.49E-10	3.5136E-10	29	69	0	1.1E-8	7.04E-9
29	70	0	1.74E-8	1.1136E-8	29	70	1	6.18E-8	3.9552E-8
29	71	0	4.0E-7	2.56E-7	29	72	0	8.1E-7	5.184E-7
29	73	0	2.26E-6	1.4464E-6	29	74	0	2.71E-6	1.7344E-6
29	75	0	2.99E-6	1.9136E-6	29	76	0	1.49E-6	9.536E-7
29	77	0	5.09E-7	3.2576E-7	29	78	0	1.06E-7	6.784E-8
29	79	0	1.57993E-8	1.01115E-8	29	80	0	1.15E-9	7.36E-10
29	81	0	5.60975E-11	3.59024E-11	29	82	0	1.72E-12	1.1008E-12
29	83	0	5.35684E-14	3.42838E-14	30	67	0	1.09E-13	6.976E-14
30	68	0	4.48E-12	2.8672E-12	30	69	0	2.95E-11	1.888E-11
30	69	1	1.44E-10	9.216E-11	30	70	0	4.41E-9	2.8224E-9
30	71	0	8.94E-9	5.7216E-9	30	71	1	4.37E-8	2.7968E-8
30	72	0	3.42E-7	2.1888E-7	30	73	0	2.13E-6	1.3632E-6
30	74	0	7.65E-6	4.896E-6	30	75	0	1.904E-5	1.21856E-5
30	76	0	3.108E-5	1.98912E-5	30	77	0	2.616E-5	1.67424E-5
30	78	0	1.904E-5	1.21856E-5	30	79	0	7.56E-6	4.8384E-6
30	80	0	2.11E-6	1.3504E-6	30	81	0	2.87E-7	1.8368E-7
30	82	0	3.36E-8	2.1504E-8	30	83	0	1.74995E-9	1.11997E-9
30	84	0	6.79E-11	4.3456E-11	30	85	0	8.84486E-13	5.66071E-13
31	69	0	7.98E-14	5.1072E-14	31	70	0	5.6E-12	3.584E-12
31	71	0	2.43E-10	1.5552E-10	31	72	1	2.065E-9	1.3216E-9
31	72	0	2.065E-9	1.3216E-9	31	73	0	8.96E-8	5.7344E-8
31	74	1	3.73E-7	2.3872E-7	31	74	0	3.73E-7	2.3872E-7
31	75	0	5.88E-6	3.7632E-6	31	76	0	2.129E-5	1.36256E-5
31	77	0	5.523E-5	3.53472E-5	31	78	0	8.948E-5	5.72672E-5
31	79	0	1.1802E-4	7.55328E-5	31	80	0	8.27E-5	5.2928E-5
31	81	0	4.089E-5	2.61696E-5	31	82	0	1.255E-5	8.032E-6
31	83	0	2.51E-6	1.6064E-6	31	84	0	2.83E-7	1.8112E-7
31	85	0	1.94991E-8	1.24794E-8	31	86	0	5.2E-10	3.328E-10
31	87	0	5.54051E-12	3.54592E-12	31	88	0	1.96566E-13	1.25802E-13
32	71	0	4.12E-14	2.6368E-14	32	71	1	4.12E-14	2.6368E-14
32	72	0	5.44E-12	3.4816E-12	32	73	0	2.69E-10	1.7216E-10
32	73	1	5.5E-11	3.52E-11	32	74	0	9.7E-9	6.208E-9
32	75	0	2.37E-8	1.5168E-8	32	75	1	1.74E-7	1.1136E-7
32	76	0	2.44E-6	1.5616E-6	32	77	0	1.309E-5	8.3776E-6
32	77	1	1.79E-6	1.1456E-6	32	78	0	7.346E-5	4.70144E-5
32	79	1	1.0703E-4	6.84992E-5	32	79	0	1.0703E-4	6.84992E-5
32	80	0	4.657E-4	2.98048E-4	32	81	0	5.3421E-4	3.41894E-4
32	82	0	5.3949E-4	3.45274E-4	32	83	0	2.7531E-4	1.76198E-4
32	84	0	1.1775E-4	7.536E-5	32	85	0	2.361E-5	1.51104E-5
32	86	0	2.67E-6	1.7088E-6	32	87	0	1.80994E-7	1.15836E-7
32	88	0	7.7498E-9	4.95987E-9	32	89	0	4.11853E-11	2.63586E-11
32	90	0	2.13175E-12	1.36432E-12	32	91	0	2.24815E-13	1.43882E-13
33	73	0	3.17E-14	2.0288E-14	33	74	0	7.01E-13	4.4864E-13
33	74	1	1.9E-12	1.216E-12	33	75	0	2.04E-10	1.3056E-10
33	76	0	6.87E-9	4.3968E-9	33	77	0	1.53E-7	9.792E-8
33	78	0	1.87E-6	1.1968E-6	33	79	0	1.833E-5	1.17312E-5
33	80	0	9.208E-5	5.89312E-5	33	81	0	3.2703E-4	2.09299E-4
33	82	0	3.5594E-4	2.27802E-4	33	82	1	3.5594E-4	2.27802E-4
33	83	0	0.00113819	7.28442E-4	33	84	1	5.90235E-4	3.7775E-4
33	84	0	5.90235E-4	3.7775E-4	33	85	0	8.6487E-4	5.53517E-4
33	86	0	2.7853E-4	1.78259E-4	33	87	0	7.732E-5	4.94848E-5
33	88	0	1.006E-5	6.4384E-6	33	89	0	9.07959E-7	5.81094E-7
33	90	0	3.89398E-8	2.49215E-8	33	91	0	4.95621E-9	3.17198E-9
33	92	0	1.31129E-11	8.39223E-12	33	93	0	9.78884E-13	6.26486E-13
34	75	0	1.46E-14	9.344E-15	34	76	0	1.94E-12	1.2416E-12
34	77	0	1.46E-11	9.344E-12	34	77	1	1.07E-10	6.848E-11
34	78	0	5.51E-9	3.5264E-9	34	79	0	1.28E-7	8.192E-8
34	79	1	1.75E-8	1.12E-8	34	80	0	2.65E-6	1.696E-6
34	81	0	2.82E-6	1.8048E-6	34	81	1	2.07E-5	1.3248E-5
34	82	0	1.6477E-4	1.05453E-4	34	83	0	4.9831E-4	3.18918E-4
34	83	1	1.0206E-4	6.53184E-5	34	84	0	0.00172145	7.74653E-4
34	85	0	0.00168087	0.00107576	34	85	1	0.00166912	0.00106824
34	86	0	0.00367779	0.00235379	34	87	0	0.00274055	0.00175395
34	88	0	0.00137812	8.81997E-4	34	89	0	3.6216E-4	2.31782E-4
34	90	0	6.50011E-5	4.16007E-5	34	91	0	6.85504E-6	4.38723E-6
34	92	0	5.16987E-7	3.30872E-7	34	93	0	3.19777E-8	2.04657E-8
34	94	0	4.5E-10	2.88E-10	34	95	0	5.15961E-12	3.30215E-12
34	96	0	6.05E-14	3.872E-14	35	78	0	3.13E-13	2.0032E-13
35	79	0	6.82E-12	4.3648E-12	35	79	1	2.57E-11	1.6448E-11
35	80	0	3.63E-10	2.3232E-10	35	80	1	1.29E-9	8.256E-10
35	81	0	5.58E-8	3.5712E-8	35	82	0	7.38E-7	4.7232E-7
35	82	1	2.73E-7	1.7472E-7	35	83	0	1.317E-5	8.4288E-6
35	84	0	3.481E-5	2.22784E-5	35	84	1	7.398E-5	4.73472E-5
35	85	0	6.3683E-4	4.07571E-4	35	86	0	8.5796E-4	5.49094E-4
35	86	1	8.5796E-4	5.49094E-4	35	87	0	0.00414789	0.00186655
35	88	0	0.00509567	0.00326123	35	89	0	0.00478215	0.00306058
35	90	0	0.00226942	0.00145243	35	91	0	9.2073E-4	5.89267E-4
35	92	0	1.9937E-4	1.27597E-4	35	93	0	2.9848E-5	1.91027E-5
35	94	0	2.13E-6	1.3632E-6	35	95	0	1.13747E-7	7.27982E-8
35	96	0	3.47E-9	2.2208E-9	35	97	0	3.67326E-11	2.35089E-11
35	98	0	1.49644E-12	9.57721E-13	36	80	0	9.8E-14	6.272E-14
36	81	0	8.3E-12	5.312E-12	36	81	1	1.13E-12	7.232E-13
36	82	0	6.49E-10	4.1536E-10	36	83	0	1.95E-8	1.248E-8
36	83	1	3.99E-9	2.5536E-9	36	84	0	7.54E-7	4.8256E-7
36	85	0	1.022E-5	6.5408E-6	36	85	1	2.09E-6	1.3376E-6
36	86	0	1.2653E-4	8.09792E-5	36	87	0	8.4373E-4	5.39987E-4
36	88	0	0.00301471	0.00192941	36	89	0	0.00729576	0.00466929
36	90	0	0.0114778	0.0036729	36	91	0	0.0113681	0.00363779
36	92	0	0.00881183	0.00563957	36	93	0	0.0035782	0.00229005
36	94	0	0.00100077	6.40493E-4	36	95	0	1.57326E-4	1.00689E-4
36	96	0	1.843E-5	1.17952E-5	36	97	0	1.19996E-6	7.67977E-7
36	98	0	5.89985E-8	3.7759E-8	36	99	0	7.0668E-11	4.52275E-11
36	100	0	2.54E-11	1.6256E-11	36	101	0	1.42754E-12	9.13628E-13
37	83	0	1.1E-12	7.04E-13	37	84	0	1.04E-10	6.656E-11
37	85	0	7.05E-9	4.512E-9	37	86	1	1.09E-7	6.976E-8
37	86	0	1.09E-7	6.976E-8	37	87	0	5.93E-6	3.7952E-6
37	88	0	6.568E-5	4.20352E-5	37	89	0	5.4318E-4	3.47635E-4
37	90	0	3.494E-4	2.23616E-4	37	90	1	0.00170479	0.00109107
37	91	0	0.00661912	0.0029786	37	92	0	0.0118863	0.00380361
37	93	0	0.0160167	0.00512535	37	94	0	0.0112135	0.00358831
37	95	0	0.00629109	0.0040263	37	96	0	0.00197713	0.00126536
37	97	0	4.8367E-4	3.09549E-4	37	98	0	6.55E-5	4.192E-5
37	99	0	1.55793E-6	9.97073E-7	37	100	0	3.22E-7	2.0608E-7
37	101	0	3.14712E-8	2.01416E-8	37	102	0	8.09092E-11	5.17819E-11
37	103	0	3.74092E-12	2.39419E-12	38	85	1	1.375E-13	8.8E-14
38	85	0	1.375E-13	8.8E-14	38	86	0	3.71E-11	2.3744E-11
38	87	0	2.38E-9	1.5232E-9	38	87	1	4.87E-10	3.1168E-10
38	88	0	1.47E-7	9.408E-8	38	89	0	3.6E-6	2.304E-6
38	90	0	5.266E-5	3.37024E-5	38	91	0	4.5126E-4	2.88806E-4
38	92	0	0.00277418	0.00177548	38	93	0	0.00903338	0.00578136
38	94	0	0.0202744	0.00466311	38	95	0	0.0263412	0.00842918
38	96	0	0.0272617	0.00627019	38	97	0	0.0161959	0.00518269
38	98	0	0.00774532	0.00495701	38	99	0	0.0021548	0.00137907
38	100	0	3.9285E-4	2.51424E-4	38	101	0	4.35285E-5	2.78583E-5
38	102	0	3.18992E-6	2.04155E-6	38	103	0	1.22207E-7	7.82122E-8
38	104	0	2.23E-9	1.4272E-9	38	105	0	1.22354E-11	7.83065E-12
38	106	0	1.06063E-12	6.78803E-13	39	87	0	3.87E-14	2.4768E-14
39	88	0	6.25E-12	4.0E-12	39	89	0	1.13E-10	7.232E-11
39	89	1	5.52E-10	3.5328E-10	39	90	1	1.45E-8	9.28E-9
39	90	0	1.45E-8	9.28E-9	39	91	1	5.05E-7	3.232E-7
39	91	0	5.05E-7	3.232E-7	39	92	0	1.792E-5	1.14688E-5
39	93	1	1.08895E-4	6.96928E-5	39	93	0	1.08895E-4	6.96928E-5
39	94	0	0.00126887	8.12077E-4	39	95	0	0.00530309	0.00339398
39	96	0	0.00115322	7.38061E-4	39	96	1	0.0116769	0.0037366
39	97	1	0.0119826	0.00766888	39	97	0	0.0119826	0.00766888
39	98	0	0.0125741	0.00402371	39	98	1	0.0125727	0.00402327
39	99	0	0.0228442	0.00731014	39	100	0	0.0105712	0.0033828
39	101	0	0.00433571	0.00277485	39	102	0	9.0597E-4	5.79821E-4
39	103	0	1.14068E-4	7.30034E-5	39	104	0	8.19E-6	5.2416E-6
39	105	0	2.69738E-7	1.72632E-7	39	106	0	1.93741E-8	1.23994E-8
39	107	0	1.67554E-11	1.07234E-11	39	108	0	6.41693E-13	4.10684E-13
40	90	1	7.55E-13	4.832E-13	40	90	0	7.55E-13	4.832E-13
40	91	0	1.6E-10	1.024E-10	40	92	0	1.19E-8	7.616E-9
40	93	0	4.26E-7	2.7264E-7	40	94	0	9.95E-6	6.368E-6
40	95	0	1.1421E-4	7.30944E-5	40	96	0	9.7304E-4	6.22746E-4
40	97	0	0.00400767	0.00256491	40	98	0	0.0143334	0.00458668
40	99	0	0.0289906	0.009277	40	100	0	0.0426026	0.0136328
40	101	0	0.0410204	0.0131265	40	102	0	0.0301998	0.00966393
40	103	0	0.0104901	0.00671366	40	104	0	0.00301879	0.00193203
40	105	0	3.7308E-4	2.38771E-4	40	106	0	3.23406E-5	2.0698E-5
40	107	0	5.47356E-7	3.50308E-7	40	108	0	2.52994E-8	1.61916E-8
40	109	0	5.08012E-11	3.25128E-11	41	92	0	1.45E-13	9.28E-14
41	93	0	1.76E-11	1.1264E-11	41	93	1	3.61E-12	2.3104E-12
41	94	0	9.82E-10	6.2848E-10	41	94	1	5.77E-10	3.6928E-10
41	95	0	5.85E-8	3.744E-8	41	95	1	1.2E-8	7.68E-9
41	96	0	1.73E-6	1.1072E-6	41	97	0	2.443E-5	1.56352E-5
41	97	1	5.0E-6	3.2E-6	41	98	0	1.926E-4	1.23264E-4
41	98	1	5.432E-5	3.47648E-5	41	99	0	1.3639E-4	8.72896E-5
41	99	1	0.00156889	0.00100409	41	100	0	0.00300532	0.0019234
41	100	1	0.00300532	0.0019234	41	101	0	0.0185542	0.00593733
41	102	1	0.0158678	0.0101554	41	102	0	0.0158678	0.0101554
41	103	0	0.0371139	0.0118764	41	104	1	0.013567	0.00868286
41	104	0	0.013567	0.00868286	41	105	0	0.0125421	0.00401347
41	106	0	0.00317327	0.00203089	41	107	0	5.10903E-4	3.26978E-4
41	108	0	3.387E-5	2.16768E-5	41	109	0	1.11995E-6	7.16768E-7
41	110	0	7.32E-14	4.6848E-14	41	111	0	8.44958E-16	5.40773E-16
41	112	0	1.81486E-17	1.16151E-17	41	113	0	2.79148E-17	1.78654E-17
41	114	0	1.49137E-12	9.54475E-13	41	115	0	6.68522E-14	4.27854E-14
42	94	0	2.25E-14	1.44E-14	42	95	0	3.03E-12	1.9392E-12
42	96	0	3.04E-10	1.9456E-10	42	97	0	1.46E-8	9.344E-9
42	98	0	4.72E-7	3.0208E-7	42	99	0	8.88E-6	5.6832E-6
42	100	0	1.1833E-4	7.57312E-5	42	101	0	9.537E-4	6.10368E-4
42	102	0	0.0057777	0.00369773	42	103	0	0.0170409	0.00545308
42	104	0	0.0405925	0.0064948	42	105	0	0.0451325	0.0144424
42	106	0	0.0404518	0.0129446	42	107	0	0.0176211	0.00563876
42	108	0	0.00478074	0.00305967	42	109	0	5.1957E-4	3.32525E-4
42	110	0	7.44E-7	4.7616E-7	42	111	0	2.06E-8	1.3184E-8
42	112	0	5.34E-10	3.4176E-10	42	113	0	6.80559E-10	4.35558E-10
42	114	0	5.87985E-8	3.7631E-8	42	115	0	2.18389E-9	1.39769E-9
42	116	0	6.72E-12	4.3008E-12	42	117	0	5.73508E-14	3.67045E-14
43	97	1	9.25E-14	5.92E-14	43	97	0	9.25E-14	5.92E-14
43	98	0	1.71E-11	1.0944E-11	43	99	0	1.03E-9	6.592E-10
43	99	1	2.1E-10	1.344E-10	43	100	0	4.91E-8	3.1424E-8
43	101	0	1.57E-6	1.0048E-6	43	102	0	1.355E-5	8.672E-6
43	102	1	1.355E-5	8.672E-6	43	103	0	3.0959E-4	1.98138E-4
43	104	0	0.00202419	0.00129548	43	105	0	0.00790819	0.00506124
43	106	0	0.0175835	0.00562673	43	107	0	0.0260499	0.00833597
43	108	0	0.0181724	0.00581516	43	109	0	0.00788751	0.00504801
43	110	0	0.00150301	9.61926E-4	43	111	0	2.5391E-4	1.62502E-4
43	112	0	2.78E-5	1.7792E-5	43	113	0	4.69932E-6	3.00756E-6
43	114	0	1.618E-5	1.03552E-5	43	115	0	2.03845E-6	1.30461E-6
43	116	0	3.85E-8	2.464E-8	43	117	0	1.26434E-9	8.09178E-10
43	118	0	2.68852E-12	1.72065E-12	43	119	0	8.96889E-14	5.74009E-14
43	120	0	1.24281E-15	7.95396E-16	44	99	0	1.17E-14	7.488E-15
44	100	0	1.92E-12	1.2288E-12	44	101	0	1.81E-10	1.1584E-10
44	102	0	1.31E-8	8.384E-9	44	103	0	4.58E-7	2.9312E-7
44	104	0	1.243E-5	7.9552E-6	44	105	0	1.4009E-4	8.96576E-5
44	106	0	0.00123032	7.87405E-4	44	107	0	0.00485115	0.00310474
44	108	0	0.012177	0.00389663	44	109	1	0.00697422	0.0044635
44	109	0	0.00697422	0.0044635	44	110	0	0.0121651	0.00279796
44	111	0	0.00558669	0.00251401	44	112	0	0.00250604	0.00160387
44	113	0	0.0012342	7.89888E-4	44	114	0	5.2451E-4	3.35686E-4
44	115	0	1.37039E-4	8.77052E-5	44	116	0	2.171E-5	1.38944E-5
44	117	0	1.74874E-6	1.11919E-6	44	118	0	1.05997E-7	6.78383E-8
44	119	0	2.92991E-9	1.87514E-9	44	120	0	4.89988E-11	3.13592E-11
44	121	0	2.51738E-13	1.61112E-13	45	102	0	5.8E-14	3.712E-14
45	102	1	5.8E-14	3.712E-14	45	103	0	2.29E-12	1.4656E-12
45	103	1	1.68E-11	1.0752E-11	45	104	0	3.32E-10	2.1248E-10
45	104	1	1.18E-9	7.552E-10	45	105	0	6.42E-8	4.1088E-8
45	105	1	8.76E-9	5.6064E-9	45	106	0	9.16E-7	5.8624E-7
45	106	1	9.16E-7	5.8624E-7	45	107	0	3.306E-5	2.11584E-5
45	108	0	1.2345E-4	7.9008E-5	45	108	1	1.2345E-4	7.9008E-5
45	109	0	5.8146E-4	3.72134E-4	45	109	1	5.8146E-4	3.72134E-4
45	110	0	1.6806E-4	1.07558E-4	45	110	1	1.6806E-4	1.07558E-4
45	111	0	6.0506E-4	3.87238E-4	45	112	0	6.4306E-4	4.11558E-4
45	113	0	8.8927E-4	5.69133E-4	45	114	0	5.3748E-4	3.43987E-4
45	115	0	6.0689E-4	3.8841E-4	45	116	0	2.8761E-4	1.8407E-4
45	117	0	1.0196E-4	6.52544E-5	45	118	0	1.969E-5	1.26016E-5
45	119	0	2.55E-6	1.632E-6	45	120	0	1.49E-7	9.536E-8
45	121	0	5.54975E-9	3.55184E-9	45	122	0	8.39E-11	5.3696E-11
45	123	0	8.51E-13	5.4464E-13	46	104	0	1.69E-14	1.0816E-14
46	105	0	2.58E-12	1.6512E-12	46	106	0	2.92E-10	1.8688E-10
46	107	0	5.24E-9	3.3536E-9	46	107	1	1.17E-8	7.488E-9
46	108	0	5.69E-7	3.6416E-7	46	109	0	2.78E-6	1.7792E-6
46	109	1	6.19E-6	3.9616E-6	46	110	0	2.06E-8	1.3184E-8
46	111	0	5.12E-8	3.2768E-8	46	111	1	1.14E-7	7.296E-8
46	112	0	9.56E-7	6.1184E-7	46	113	0	4.23E-6	2.7072E-6
46	114	0	9.526E-5	6.09664E-5	46	115	0	3.3639E-4	2.1529E-4
46	116	0	6.1481E-4	3.93478E-4	46	117	0	5.998E-4	3.83872E-4
46	118	0	4.4445E-4	2.84448E-4	46	119	0	1.749E-4	1.11936E-4
46	120	0	4.575E-5	2.928E-5	46	121	0	5.74E-6	3.6736E-6
46	122	0	4.31E-7	2.7584E-7	46	123	0	1.6E-8	1.024E-8
46	124	0	3.8E-10	2.432E-10	47	107	0	2.65E-14	1.696E-14
47	107	1	1.94E-13	1.2416E-13	47	108	1	1.25E-11	8.0E-12
47	108	0	1.25E-11	8.0E-12	47	109	1	9.7E-10	6.208E-10
47	109	0	9.7E-10	6.208E-10	47	111	1	1.06E-14	6.784E-15
47	112	0	3.12E-13	1.9968E-13	47	113	0	8.67E-13	5.5488E-13
47	113	1	6.36E-12	4.0704E-12	47	114	0	4.34E-7	2.7776E-7
47	115	0	3.91E-6	2.5024E-6	47	115	1	3.91E-6	2.5024E-6
47	116	0	2.234E-5	1.42976E-5	47	116	1	2.234E-5	1.42976E-5
47	117	0	8.583E-5	5.49312E-5	47	117	1	8.583E-5	5.49312E-5
47	118	0	1.6415E-4	1.05056E-4	47	118	1	1.6415E-4	1.05056E-4
47	119	0	4.7737E-4	3.05517E-4	47	120	1	1.745E-4	1.1168E-4
47	120	0	1.745E-4	1.1168E-4	47	121	0	1.8211E-4	1.1655E-4
47	122	1	2.2455E-5	1.43712E-5	47	122	0	2.2455E-5	1.43712E-5
47	123	0	7.97E-6	5.1008E-6	47	124	0	6.54E-7	4.1856E-7
47	125	0	1.38E-11	8.832E-12	47	126	0	1.1E-12	7.04E-13
47	127	0	7.86E-14	5.0304E-14	47	129	0	5.78345E-16	3.70141E-16
47	131	0	3.02126E-11	1.93361E-11	47	132	0	1.02214E-12	6.54172E-13
48	109	0	2.79E-14	1.7856E-14	48	114	0	2.03E-10	1.2992E-10
48	115	0	3.11E-9	1.9904E-9	48	115	1	1.17E-8	7.488E-9
48	116	0	4.18E-7	2.6752E-7	48	117	0	1.11E-6	7.104E-7
48	117	1	4.17E-6	2.6688E-6	48	118	0	4.092E-5	2.61888E-5
48	119	0	8.338E-5	5.33632E-5	48	119	1	8.338E-5	5.33632E-5
48	120	0	4.5107E-4	2.88685E-4	48	121	1	3.1136E-4	1.9927E-4
48	121	0	3.1136E-4	1.9927E-4	48	122	0	6.0411E-4	3.8663E-4
48	123	0	3.257E-4	2.08448E-4	48	124	0	1.1709E-4	7.49376E-5
48	125	0	5.14E-6	3.2896E-6	48	126	0	1.69E-6	1.0816E-6
48	127	0	3.9E-7	2.496E-7	48	128	0	1.02E-7	6.528E-8
48	129	0	1.41E-8	9.024E-9	48	130	0	1.48E-9	9.472E-10
48	131	0	9.8697E-7	6.31661E-7	48	132	0	4.0299E-8	2.57913E-8
48	133	0	1.74176E-10	1.11472E-10	48	134	0	4.9E-12	3.136E-12
48	135	0	4.16531E-13	2.6658E-13	49	115	0	6.17E-13	3.9488E-13
49	115	1	1.26E-13	8.064E-14	49	116	2	2.64E-11	1.6896E-11
49	116	0	2.64E-11	1.6896E-11	49	116	1	2.64E-11	1.6896E-11
49	117	0	4.13E-9	2.6432E-9	49	117	1	8.46E-10	5.4144E-10
49	118	2	1.385E-8	8.864E-9	49	118	0	9.83E-8	6.2912E-8
49	118	1	1.385E-8	8.864E-9	49	119	0	1.91E-6	1.2224E-6
49	119	1	3.92E-7	2.5088E-7	49	120	2	6.32667E-6	4.04907E-6
49	120	0	6.32667E-6	4.04907E-6	49	120	1	6.32667E-6	4.04907E-6
49	121	0	8.594E-5	5.50016E-5	49	121	1	1.76E-5	1.1264E-5
49	122	2	9.222E-5	5.90208E-5	49	122	0	9.222E-5	5.90208E-5
49	122	1	9.222E-5	5.90208E-5	49	123	0	4.6536E-4	2.9783E-4
49	123	1	9.531E-5	6.09984E-5	49	124	1	2.75065E-4	1.76042E-4
49	124	0	2.75065E-4	1.76042E-4	49	125	0	3.6391E-4	2.32902E-4
49	125	1	3.6391E-4	2.32902E-4	49	126	1	3.0305E-4	1.93952E-4
49	126	0	3.0305E-4	1.93952E-4	49	127	0	2.7799E-4	1.77914E-4
49	127	1	2.7799E-4	1.77914E-4	49	128	1	2.1716E-4	1.38982E-4
49	128	0	2.1716E-4	1.38982E-4	49	129	0	1.4766E-4	9.45024E-5
49	129	1	1.4766E-4	9.45024E-5	49	130	2	3.77133E-5	2.41365E-5
49	130	1	3.77133E-5	2.41365E-5	49	130	0	3.77133E-5	2.41365E-5
49	131	1	1.9228E-4	1.23059E-4	49	131	0	1.9228E-4	1.23059E-4
49	132	0	5.072E-5	3.24608E-5	49	133	0	3.83983E-6	2.45749E-6
49	134	0	1.04E-7	6.656E-8	49	135	0	9.18272E-9	5.87694E-9
49	136	0	2.03E-11	1.2992E-11	49	137	0	4.25486E-13	2.72311E-13
50	117	1	1.615E-13	1.0336E-13	50	117	0	1.615E-13	1.0336E-13
50	118	0	3.91E-11	2.5024E-11	50	119	0	5.24E-10	3.3536E-10
50	119	1	1.97E-9	1.2608E-9	50	120	0	9.71E-8	6.2144E-8
50	121	0	4.5E-7	2.88E-7	50	121	1	1.28E-6	8.192E-7
50	122	0	2.04E-5	1.3056E-5	50	123	0	9.057E-5	5.79648E-5
50	123	1	3.182E-5	2.03648E-5	50	124	0	4.5161E-4	2.8903E-4
50	125	0	5.7439E-4	3.6761E-4	50	125	1	2.0181E-4	1.29158E-4
50	126	0	0.00161675	5.1736E-4	50	127	0	0.00200402	0.00128257
50	127	1	7.0411E-4	4.5063E-4	50	128	1	0.0029322	0.00187661
50	128	0	0.0029322	0.00187661	50	129	0	0.00717753	0.00459362
50	129	1	0.00252119	0.00161356	50	130	1	0.00698891	0.0044729
50	130	0	0.00698891	0.0044729	50	131	1	0.00626	0.0040064
50	131	0	0.00626	0.0040064	50	132	0	0.00674809	0.00431878
50	133	0	0.00162723	0.00104143	50	134	0	2.0811E-4	1.3319E-4
50	135	0	1.27008E-5	8.12852E-6	50	136	0	5.8E-7	3.712E-7
50	137	0	1.38996E-8	8.89573E-9	50	138	0	2.78E-10	1.7792E-10
50	139	0	4.10492E-12	2.62715E-12	50	140	0	4.40509E-13	2.81926E-13
51	119	0	7.05E-14	4.512E-14	51	120	0	3.61E-12	2.3104E-12
51	120	1	6.15E-12	3.936E-12	51	121	0	8.47E-10	5.4208E-10
51	122	0	1.51E-8	9.664E-9	51	122	1	2.01E-8	1.2864E-8
51	123	0	9.97E-7	6.3808E-7	51	124	2	3.83333E-6	2.45333E-6
51	124	0	3.83333E-6	2.45333E-6	51	124	1	3.83333E-6	2.45333E-6
51	125	0	1.99E-6	1.2736E-6	51	126	2	3.81E-6	2.4384E-6
51	126	0	5.52E-6	3.5328E-6	51	126	1	3.81E-6	2.4384E-6
51	127	0	5.835E-5	3.7344E-5	51	128	0	1.1968E-4	7.65952E-5
51	128	1	1.6527E-4	1.05773E-4	51	129	0	0.00167989	0.00107513
51	130	0	0.00190003	0.00121602	51	130	1	0.00262377	0.00167921
51	131	0	0.0175962	0.00563077	51	132	0	0.0128975	0.00412721
51	132	1	0.0114374	0.00365998	51	133	0	0.0227138	0.00726842
51	134	1	0.00445328	0.0028501	51	134	0	0.00445328	0.0028501
51	135	0	0.0023079	0.00147706	51	136	0	3.1423E-4	2.01107E-4
51	137	0	3.189E-5	2.04096E-5	51	138	0	1.81E-6	1.1584E-6
51	139	0	9.04959E-8	5.79174E-8	51	140	0	8.04661E-9	5.14983E-9
51	141	0	1.18239E-11	7.56731E-12	51	142	0	5.25022E-13	3.36014E-13
52	121	1	1.405E-14	8.992E-15	52	121	0	1.405E-14	8.992E-15
52	122	0	5.99E-12	3.8336E-12	52	123	0	1.29E-10	8.256E-11
52	123	1	4.86E-10	3.1104E-10	52	124	0	3.39E-8	2.1696E-8
52	125	0	9.88E-13	6.3232E-13	52	125	1	3.72E-12	2.3808E-12
52	126	0	1.27E-10	8.128E-11	52	127	0	4.63E-10	2.9632E-10
52	127	1	1.32E-9	8.448E-10	52	128	0	3.73E-8	2.3872E-8
52	129	0	1.78E-7	1.1392E-7	52	129	1	5.06E-7	3.2384E-7
52	130	0	9.6E-6	6.144E-6	52	131	0	8.0782E-4	5.17005E-4
52	131	1	0.00229918	0.00147148	52	132	0	0.0156597	0.00360173
52	133	0	0.00968809	0.00620038	52	133	1	0.027574	0.00882368
52	134	0	0.0540198	0.0124245	52	135	0	0.037461	0.0119875
52	136	0	0.0190234	0.00608749	52	137	0	0.00545834	0.00349334
52	138	0	0.00115439	7.3881E-4	52	139	0	1.5897E-4	1.01741E-4
52	140	0	1.3432E-5	8.59645E-6	52	141	0	3.86258E-7	2.47205E-7
52	142	0	2.06995E-8	1.32477E-8	52	143	0	3.24543E-11	2.07708E-11
52	144	0	3.53358E-12	2.26149E-12	52	145	0	2.11706E-13	1.35492E-13
53	129	0	8.69E-14	5.5616E-14	53	130	0	3.38E-12	2.1632E-12
53	130	1	1.25E-12	8.0E-13	53	131	0	1.995E-5	1.2768E-5
53	132	1	1.53605E-4	9.83072E-5	53	132	0	1.53605E-4	9.83072E-5
53	133	1	0.00146601	9.38243E-4	53	133	0	0.00146601	9.38243E-4
53	134	0	0.0061288	0.00392243	53	134	1	0.00544234	0.0034831
53	135	0	0.028496	0.0091187	53	136	0	0.0170381	0.00545221
53	136	1	0.0169681	0.00542979	53	137	0	0.0335899	0.00537438
53	138	0	0.0170986	0.00547154	53	139	0	0.00825673	0.00528431
53	140	0	0.00183527	0.00117457	53	141	0	3.60534E-4	2.30742E-4
53	142	0	3.237E-5	2.07168E-5	53	143	0	7.15479E-7	4.57907E-7
53	144	0	6.45465E-8	4.13097E-8	53	145	0	4.66722E-9	2.98702E-9
53	146	0	7.55829E-12	4.8373E-12	53	147	0	9.49793E-13	6.07868E-13
54	131	0	2.49E-9	1.5936E-9	54	131	1	7.08E-9	4.5312E-9
54	132	0	6.65E-7	4.256E-7	54	133	0	5.25E-6	3.36E-6
54	133	1	1.493E-5	9.5552E-6	54	134	0	9.816E-5	6.28224E-5
54	134	1	2.654E-4	1.69856E-4	54	135	0	6.5482E-4	4.19085E-4
54	135	1	0.0018606	0.00119078	54	136	0	0.0108174	0.00346158
54	137	0	0.0257304	0.00823374	54	138	0	0.0401351	0.0128432
54	139	0	0.0437141	0.0139885	54	140	0	0.0314767	0.0100725
54	141	0	0.0156098	0.00499513	54	142	0	0.00529957	0.00339173
54	143	1	4.94797E-4	3.1667E-4	54	143	0	4.94797E-4	3.1667E-4
54	144	0	1.07745E-4	6.89571E-5	54	145	0	6.45533E-6	4.13141E-6
54	146	0	2.97992E-7	1.90715E-7	54	147	0	3.10274E-8	1.98575E-8
54	148	0	8.77E-11	5.6128E-11	54	149	0	1.06443E-12	6.81236E-13
55	131	0	1.17E-13	7.488E-14	55	132	0	2.74E-11	1.7536E-11
55	133	0	4.01E-9	2.5664E-9	55	134	1	1.245E-7	7.968E-8
55	134	0	1.245E-7	7.968E-8	55	135	1	3.75E-6	2.4E-6
55	135	0	3.75E-6	2.4E-6	55	136	1	7.5885E-5	4.85664E-5
55	136	0	7.5885E-5	4.85664E-5	55	137	0	8.702E-4	5.56928E-4
55	138	0	0.00163198	0.00104447	55	138	1	0.00163612	0.00104712
55	139	0	0.0112995	0.00361583	55	140	0	0.018086	0.00578753
55	141	0	0.0282713	0.0090468	55	142	0	0.0229845	0.00735503
55	143	0	0.0154577	0.00494647	55	144	0	0.00475126	0.00304081
55	145	0	0.0011379	7.28256E-4	55	146	0	1.5177E-4	9.71328E-5
55	147	0	2.8961E-5	1.8535E-5	55	148	0	5.71E-7	3.6544E-7
55	149	0	2.34662E-8	1.50183E-8	55	150	0	3.38E-10	2.1632E-10
55	151	0	1.73663E-12	1.11145E-12	55	152	0	6.23939E-14	3.99321E-14
56	133	0	5.24E-14	3.3536E-14	56	134	0	1.62E-11	1.0368E-11
56	135	1	8.5E-10	5.44E-10	56	135	0	8.5E-10	5.44E-10
56	136	1	4.42E-8	2.8288E-8	56	136	0	4.42E-8	2.8288E-8
56	137	0	6.44E-7	4.1216E-7	56	137	1	1.83E-6	1.1712E-6
56	138	0	3.454E-5	2.21056E-5	56	139	0	3.0997E-4	1.98381E-4
56	140	0	0.00171333	0.00109653	56	141	0	0.00650527	0.00416337
56	142	0	0.0173759	0.00556029	56	143	0	0.0279831	0.00643611
56	144	0	0.029729	0.00951329	56	145	0	0.0179796	0.00575346
56	146	0	0.0086759	0.00555258	56	147	0	0.00194697	0.00124606
56	148	0	3.6401E-4	2.32966E-4	56	149	0	3.24565E-5	2.07722E-5
56	150	0	2.54E-6	1.6256E-6	56	151	0	5.67315E-8	3.63081E-8
56	152	0	2.45994E-9	1.57436E-9	56	153	0	9.43451E-12	6.03809E-12
56	154	0	2.48E-13	1.5872E-13	56	155	0	2.60864E-14	1.66953E-14
57	137	0	1.88E-10	1.2032E-10	57	138	0	7.42E-9	4.7488E-9
57	139	0	2.58E-7	1.6512E-7	57	140	0	3.89E-6	2.4896E-6
57	141	0	5.622E-5	3.59808E-5	57	142	0	4.0888E-4	2.61683E-4
57	143	0	0.00239825	0.00153488	57	144	0	0.00691385	0.00442486
57	145	0	0.0131287	0.00420119	57	146	1	0.00738266	0.0047249
57	146	0	0.00738266	0.0047249	57	147	0	0.0115411	0.00369315
57	148	0	0.00539281	0.0034514	57	149	0	0.00178872	0.00114478
57	150	0	3.8021E-4	2.43334E-4	57	151	0	5.29533E-5	3.38901E-5
57	152	0	4.23E-6	2.7072E-6	57	153	0	2.07991E-7	1.33114E-7
57	154	0	5.26E-9	3.3664E-9	57	155	0	5.75094E-10	3.6806E-10
57	156	0	9.08009E-13	5.81126E-13	57	157	0	2.46415E-14	1.57705E-14
58	138	0	1.48E-13	9.472E-14	58	139	0	3.84E-12	2.4576E-12
58	139	1	1.09E-11	6.976E-12	58	140	0	8.81E-10	5.6384E-10
58	141	0	3.69E-8	2.3616E-8	58	142	0	1.1E-6	7.04E-7
58	143	0	1.908E-5	1.22112E-5	58	144	0	2.1022E-4	1.34541E-4
58	145	0	0.0011462	7.33568E-4	58	146	0	0.0044481	0.00284678
58	147	0	0.00845588	0.00541176	58	148	0	0.0127423	0.00293074
58	149	0	0.00998751	0.00449438	58	150	0	0.00708289	0.00453305
58	151	0	0.00257123	0.00164559	58	152	0	7.577E-4	4.84928E-4
58	153	0	1.0615E-4	6.7936E-5	58	154	0	1.054E-5	6.7456E-6
58	155	0	7.95425E-7	5.09072E-7	58	156	0	3.57991E-8	2.29114E-8
58	157	0	8.04975E-10	5.15184E-10	58	158	0	1.48E-11	9.472E-12
58	159	0	9.93345E-14	6.35741E-14	59	141	0	6.24E-13	3.9936E-13
59	142	1	2.835E-11	1.8144E-11	59	142	0	2.835E-11	1.8144E-11
59	143	0	4.26E-9	2.7264E-9	59	144	0	1.37E-8	8.768E-9
59	144	1	1.38E-7	8.832E-8	59	145	0	3.36E-6	2.1504E-6
59	146	0	3.669E-5	2.34816E-5	59	147	0	2.6832E-4	1.71725E-4
59	148	1	5.1584E-4	3.30138E-4	59	148	0	5.1584E-4	3.30138E-4
59	149	0	0.00271571	0.00173805	59	150	0	0.00438745	0.00280797
59	151	0	0.00515733	0.00330069	59	152	0	0.00356007	0.00227844
59	153	0	0.00175233	0.00112149	59	154	0	4.5123E-4	2.88787E-4
59	155	0	1.2807E-4	8.19648E-5	59	156	0	1.61E-5	1.0304E-5
59	157	0	1.4E-6	8.96E-7	59	158	0	6.99E-8	4.4736E-8
59	159	0	2.1899E-9	1.40154E-9	59	160	0	3.87E-11	2.4768E-11
59	161	0	2.2713E-13	1.45363E-13	59	162	0	4.84441E-15	3.10042E-15
59	163	0	6.21394E-17	3.97692E-17	60	143	0	6.33E-14	4.0512E-14
60	144	0	1.03E-11	6.592E-12	60	145	0	7.1E-10	4.544E-10
60	146	0	3.22E-8	2.0608E-8	60	147	0	7.14E-7	4.5696E-7
60	148	0	1.089E-5	6.9696E-6	60	149	0	7.89E-5	5.0496E-5
60	150	0	4.5139E-4	2.8889E-4	60	151	0	0.00131826	8.43686E-4
60	152	0	0.00292249	0.00187039	60	153	0	0.00334263	0.00213928
60	154	0	0.00274647	8.7887E-4	60	155	0	0.00186514	0.00119369
60	156	0	8.2063E-4	5.25203E-4	60	157	0	1.8275E-4	1.1696E-4
60	158	0	3.284E-5	2.10176E-5	60	159	0	2.82E-6	1.8048E-6
60	160	0	1.93E-7	1.2352E-7	60	161	0	7.41977E-9	4.74866E-9
60	162	0	1.90995E-10	1.22237E-10	60	163	0	2.02994E-12	1.29916E-12
60	164	0	2.23E-14	1.4272E-14	60	165	0	2.13184E-16	1.36438E-16
61	146	0	5.25E-13	3.36E-13	61	147	0	5.09E-11	3.2576E-11
61	148	0	6.32E-10	4.0448E-10	61	148	1	1.71E-9	1.0944E-9
61	149	0	6.98E-8	4.4672E-8	61	150	0	1.12E-6	7.168E-7
61	151	0	1.282E-5	8.2048E-6	61	152	2	2.47867E-5	1.58635E-5
61	152	0	2.47867E-5	1.58635E-5	61	152	1	2.47867E-5	1.58635E-5
61	153	0	3.0211E-4	1.9335E-4	61	154	0	2.9332E-4	1.87725E-4
61	154	1	2.9332E-4	1.87725E-4	61	155	0	0.00126271	8.08134E-4
61	156	0	0.00126119	8.07162E-4	61	157	0	8.8621E-4	5.67174E-4
61	158	0	3.6804E-4	2.35546E-4	61	159	0	1.0944E-4	7.00416E-5
61	160	0	1.948E-5	1.24672E-5	61	161	0	2.8E-6	1.792E-6
61	162	0	1.93E-7	1.2352E-7	61	163	0	7.99E-9	5.1136E-9
61	164	0	2.49E-10	1.5936E-10	61	165	0	4.69979E-12	3.00786E-12
61	166	0	1.31636E-14	8.4247E-15	61	167	0	3.67326E-16	2.35089E-16
61	168	0	3.98205E-18	2.54851E-18	62	148	0	4.66E-14	2.9824E-14
62	149	0	4.26E-12	2.7264E-12	62	150	0	2.8E-10	1.792E-10
62	151	0	9.55E-9	6.112E-9	62	152	0	2.19E-7	1.4016E-7
62	153	0	2.55E-6	1.632E-6	62	154	0	1.842E-5	1.17888E-5
62	155	0	1.0147E-4	6.49408E-5	62	156	0	3.4205E-4	2.18912E-4
62	157	0	5.438E-4	3.48032E-4	62	158	0	6.7642E-4	4.32909E-4
62	159	0	4.4787E-4	2.86637E-4	62	160	0	2.5513E-4	1.63283E-4
62	161	0	8.87E-5	5.6768E-5	62	162	0	2.092E-5	1.33888E-5
62	163	0	2.28E-6	1.4592E-6	62	164	0	2.68E-7	1.7152E-7
62	165	0	1.41E-8	9.024E-9	62	166	0	5.18987E-10	3.32152E-10
62	167	0	1.19996E-11	7.67977E-12	62	168	0	1.56996E-13	1.00477E-13
62	169	0	5.44299E-16	3.48351E-16	62	171	0	3.20181E-19	2.04916E-19
63	151	0	1.83E-13	1.1712E-13	63	152	2	4.14667E-12	2.65387E-12
63	152	0	4.14667E-12	2.65387E-12	63	152	1	4.14667E-12	2.65387E-12
63	153	0	6.06E-10	3.8784E-10	63	154	1	6.3E-9	4.032E-9
63	154	0	6.3E-9	4.032E-9	63	155	0	2.72E-7	1.7408E-7
63	156	0	2.51E-6	1.6064E-6	63	157	0	1.415E-5	9.056E-6
63	158	0	4.179E-5	2.67456E-5	63	159	0	8.936E-5	5.71904E-5
63	160	0	1.1393E-4	7.29152E-5	63	161	0	1.2154E-4	7.77856E-5
63	162	0	6.28E-5	4.0192E-5	63	163	0	2.225E-5	1.424E-5
63	164	0	6.43E-6	4.1152E-6	63	165	0	1.21E-6	7.744E-7
63	166	0	1.15E-7	7.36E-8	63	167	0	1.02E-8	6.528E-9
63	168	0	3.71E-10	2.3744E-10	63	169	0	1.19995E-11	7.67965E-12
63	170	0	1.35E-13	8.64E-14	63	171	0	7.05863E-15	4.51752E-15
63	172	0	4.46395E-18	2.85693E-18	64	154	0	8.23E-13	5.2672E-13
64	155	0	5.22E-11	3.3408E-11	64	156	0	1.94E-9	1.2416E-9
64	157	0	3.03E-8	1.9392E-8	64	158	0	3.27E-7	2.0928E-7
64	159	0	1.83E-6	1.1712E-6	64	160	0	8.17E-6	5.2288E-6
64	161	0	2.09E-5	1.3376E-5	64	162	0	3.344E-5	2.14016E-5
64	163	0	2.631E-5	1.68384E-5	64	164	0	2.341E-5	1.49824E-5
64	165	0	9.99E-6	6.3936E-6	64	166	0	3.07E-6	1.9648E-6
64	167	0	6.76E-7	4.3264E-7	64	168	0	8.97E-8	5.7408E-8
64	169	0	7.83E-9	5.0112E-9	64	170	0	3.25E-10	2.08E-10
64	171	0	9.76294E-12	6.24828E-12	64	172	0	1.75996E-13	1.12637E-13
65	156	0	2.53E-14	1.6192E-14	65	157	0	1.73E-12	1.1072E-12
65	158	0	4.66E-11	2.9824E-11	65	158	1	4.6E-12	2.944E-12
65	159	0	1.12E-9	7.168E-10	65	160	0	1.37E-8	8.768E-9
65	161	0	1.3E-7	8.32E-8	65	162	0	2.62E-7	1.6768E-7
65	162	1	2.62E-7	1.6768E-7	65	163	0	1.42E-6	9.088E-7
65	164	0	2.97E-6	1.9008E-6	65	165	0	3.98E-6	2.5472E-6
65	166	0	2.64E-6	1.6896E-6	65	167	0	1.8E-6	1.152E-6
65	168	0	5.51E-7	3.5264E-7	65	169	0	1.62E-7	1.0368E-7
65	170	0	1.66E-8	1.0624E-8	65	171	0	1.83E-9	1.1712E-9
65	172	0	8.95E-11	5.728E-11	66	159	0	4.64E-14	2.9696E-14
66	160	0	2.25E-12	1.44E-12	66	161	0	6.06E-11	3.8784E-11
66	162	0	9.13E-10	5.8432E-10	66	163	0	6.74E-9	4.3136E-9
66	164	0	5.2E-8	3.328E-8	66	165	0	1.56E-7	9.984E-8
66	165	1	2.13E-8	1.3632E-8	66	166	0	3.87E-7	2.4768E-7
66	167	0	6.12E-7	3.9168E-7	66	168	0	5.82E-7	3.7248E-7
66	169	0	3.78E-7	2.4192E-7	66	170	0	1.18E-7	7.552E-8
66	171	0	3.05E-8	1.952E-8	66	172	0	5.12E-9	3.2768E-9
67	162	1	2.2E-14	1.408E-14	67	163	0	7.73E-13	4.9472E-13
67	163	1	1.05E-13	6.72E-14	67	164	0	5.15E-12	3.296E-12
67	164	1	1.39E-11	8.896E-12	67	165	0	2.5E-10	1.6E-10
67	166	0	3.86E-10	2.4704E-10	67	166	1	1.04E-9	6.656E-10
67	167	0	8.22E-9	5.2608E-9	67	168	0	1.96E-8	1.2544E-8
67	169	0	4.23E-8	2.7072E-8	67	170	0	1.47E-8	9.408E-9
67	170	1	1.47E-8	9.408E-9	67	171	0	2.34E-8	1.4976E-8
67	172	0	8.71E-9	5.5744E-9	68	165	0	2.46E-14	1.5744E-14
68	166	0	5.36E-13	3.4304E-13	68	167	0	7.6E-12	4.864E-12
68	167	1	1.04E-12	6.656E-13	68	168	0	7.86E-11	5.0304E-11
68	169	0	4.53E-10	2.8992E-10	68	170	0	1.1E-9	7.04E-10
68	171	0	2.16E-9	1.3824E-9	68	172	0	2.62E-9	1.6768E-9
69	169	0	1.39E-13	8.896E-14	69	170	0	9.06E-13	5.7984E-13
69	171	0	6.74E-12	4.3136E-12	69	172	0	2.16E-11	1.3824E-11
70	172	0	1.9E-14	1.216E-14