Z	A	FPS	Yield	Uncertainty	Z	A	FPS	Yield	Uncertainty
23	66	0	6.93654E-19	4.43939E-19	24	66	0	1.71993E-14	1.10076E-14
24	69	0	3.54917E-18	2.27147E-18	25	66	0	1.99E-11	1.2736E-11
25	67	0	3.87E-12	2.4768E-12	25	68	0	7.50001E-13	4.80001E-13
25	69	0	4.60965E-14	2.95018E-14	25	72	0	7.38016E-18	4.7233E-18
26	66	0	1.27E-9	8.12801E-10	26	67	0	7.28001E-10	4.65921E-10
26	68	0	4.27E-10	2.7328E-10	26	69	0	8.34001E-11	5.33761E-11
26	70	0	1.52E-11	9.72801E-12	26	71	0	1.3E-12	8.32001E-13
26	72	0	1.82993E-13	1.17115E-13	26	73	0	1.06E-14	6.78401E-15
27	66	0	5.74001E-9	3.6736E-9	27	67	0	8.69001E-9	5.56161E-9
27	68	0	1.41E-8	9.02401E-9	27	69	0	8.14001E-9	5.20961E-9
27	70	0	4.43E-9	2.8352E-9	27	71	0	1.15E-9	7.36001E-10
27	72	0	5.04001E-10	3.2256E-10	27	73	0	9.16001E-11	5.86241E-11
27	74	0	8.19001E-12	5.24161E-12	27	75	0	4.31E-13	2.7584E-13
27	76	0	2.18E-14	1.3952E-14	27	77	0	1.30232E-15	8.33485E-16
28	66	0	2.24E-9	1.4336E-9	28	67	0	8.57001E-9	5.48481E-9
28	68	0	3.5E-8	2.24E-8	28	69	0	5.36001E-8	3.4304E-8
28	70	0	7.85001E-8	5.02401E-8	28	71	0	5.75001E-8	3.68E-8
28	72	0	7.33001E-8	4.69121E-8	28	73	0	4.0E-8	2.56E-8
28	74	0	1.1E-8	7.04001E-9	28	75	0	1.86E-9	1.1904E-9
28	76	0	2.98E-10	1.9072E-10	28	77	0	2.73987E-11	1.75352E-11
28	78	0	1.44E-12	9.21601E-13	28	79	0	6.84427E-14	4.38033E-14
29	66	0	6.60001E-11	4.224E-11	29	67	0	6.97001E-10	4.4608E-10
29	68	0	2.03E-9	1.2992E-9	29	68	1	5.50001E-9	3.52E-9
29	69	0	3.03E-8	1.9392E-8	29	70	0	2.45E-8	1.568E-8
29	70	1	8.68001E-8	5.55521E-8	29	71	0	2.07E-7	1.3248E-7
29	72	0	6.92001E-7	4.4288E-7	29	73	0	1.03E-6	6.59201E-7
29	74	0	8.10001E-7	5.18401E-7	29	75	0	4.16E-7	2.6624E-7
29	76	0	2.02E-7	1.2928E-7	29	77	0	5.75001E-8	3.68E-8
29	78	0	9.45001E-9	6.04801E-9	29	79	0	8.88933E-10	5.68917E-10
29	80	0	5.20001E-11	3.328E-11	29	81	0	1.53E-12	9.79201E-13
29	82	0	3.38E-14	2.1632E-14	30	66	0	1.12E-13	7.16801E-14
30	67	0	3.58E-12	2.2912E-12	30	68	0	1.14E-10	7.29601E-11
30	69	0	2.27E-10	1.4528E-10	30	69	1	1.11E-9	7.10401E-10
30	70	0	1.34E-8	8.57601E-9	30	71	0	1.1E-8	7.04001E-9
30	71	1	5.39001E-8	3.4496E-8	30	72	0	5.49001E-7	3.5136E-7
30	73	0	2.06E-6	1.3184E-6	30	74	0	4.14E-6	2.6496E-6
30	75	0	5.81001E-6	3.7184E-6	30	76	0	7.85001E-6	5.02401E-6
30	77	0	6.46001E-6	4.1344E-6	30	78	0	3.18E-6	2.0352E-6
30	79	0	9.13001E-7	5.84321E-7	30	80	0	1.66E-7	1.0624E-7
30	81	0	1.58E-8	1.0112E-8	30	82	0	1.11E-9	7.10401E-10
30	83	0	4.58001E-11	2.9312E-11	30	84	0	1.06E-12	6.78401E-13
30	85	0	5.9974E-14	3.83833E-14	31	68	0	9.53001E-14	6.09921E-14
31	69	0	3.53E-12	2.2592E-12	31	70	0	1.06E-10	6.78401E-11
31	71	0	1.49E-9	9.53601E-10	31	72	1	1.76E-8	1.1264E-8
31	72	0	1.76E-8	1.1264E-8	31	73	0	3.54E-7	2.2656E-7
31	74	1	9.15001E-7	5.85601E-7	31	74	0	9.15001E-7	5.85601E-7
31	75	0	6.63001E-6	4.2432E-6	31	76	0	2.262E-5	1.44768E-5
31	77	0	4.83701E-5	3.09568E-5	31	78	0	6.43401E-5	4.11776E-5
31	79	0	5.22601E-5	3.34464E-5	31	80	0	2.787E-5	1.78368E-5
31	81	0	8.26001E-6	5.28641E-6	31	82	0	1.79E-6	1.1456E-6
31	83	0	2.3E-7	1.472E-7	31	84	0	1.72E-8	1.1008E-8
31	85	0	7.78941E-10	4.98522E-10	31	86	0	1.74E-11	1.1136E-11
31	87	0	3.52197E-13	2.25406E-13	32	70	0	4.45E-14	2.848E-14
32	71	0	9.71001E-13	6.21441E-13	32	71	1	9.71001E-13	6.21441E-13
32	72	0	1.4E-10	8.96001E-11	32	73	0	3.45E-9	2.208E-9
32	73	1	7.07001E-10	4.5248E-10	32	74	0	6.17001E-8	3.9488E-8
32	75	0	7.57001E-8	4.84481E-8	32	75	1	5.55001E-7	3.552E-7
32	76	0	5.67001E-6	3.6288E-6	32	77	0	2.714E-5	1.73696E-5
32	77	1	3.7E-6	2.368E-6	32	78	0	1.0306E-4	6.59585E-5
32	79	1	1.06575E-4	6.82081E-5	32	79	0	1.06575E-4	6.82081E-5
32	80	0	2.9958E-4	1.91731E-4	32	81	0	2.5079E-4	1.60506E-4
32	82	0	1.5562E-4	9.95969E-5	32	83	0	5.94601E-5	3.80544E-5
32	84	0	1.398E-5	8.94721E-6	32	85	0	2.08E-6	1.3312E-6
32	86	0	1.55E-7	9.92001E-8	32	87	0	7.40966E-9	4.74218E-9
32	88	0	2.25E-10	1.44E-10	32	89	0	3.82632E-12	2.44885E-12
32	90	0	3.68185E-13	2.35638E-13	33	72	0	2.86E-14	1.8304E-14
33	73	0	2.66E-12	1.7024E-12	33	74	0	3.28E-11	2.0992E-11
33	74	1	8.86001E-11	5.67041E-11	33	75	0	3.85E-9	2.464E-9
33	76	0	1.01E-7	6.46401E-8	33	77	0	1.56E-6	9.98401E-7
33	78	0	1.408E-5	9.01121E-6	33	79	0	7.55501E-5	4.83521E-5
33	80	0	2.6819E-4	1.71642E-4	33	81	0	5.79231E-4	3.70708E-4
33	82	0	4.62961E-4	2.96295E-4	33	82	1	4.62961E-4	2.96295E-4
33	83	0	9.47801E-4	6.06593E-4	33	84	1	3.2043E-4	2.05075E-4
33	84	0	3.2043E-4	2.05075E-4	33	85	0	2.9343E-4	1.87795E-4
33	86	0	6.99301E-5	4.47552E-5	33	87	0	1.12E-5	7.16801E-6
33	88	0	1.16E-6	7.42401E-7	33	89	0	4.96962E-8	3.18056E-8
33	90	0	4.05743E-9	2.59676E-9	33	91	0	1.44016E-11	9.21701E-12
33	92	0	5.36372E-13	3.43278E-13	34	74	0	1.2E-14	7.68001E-15
34	75	0	1.24E-12	7.93601E-13	34	76	0	1.01E-10	6.46401E-11
34	77	0	5.71001E-10	3.6544E-10	34	77	1	4.18E-9	2.6752E-9
34	78	0	1.28E-7	8.19201E-8	34	79	0	1.75E-6	1.12E-6
34	79	1	2.39E-7	1.5296E-7	34	80	0	1.964E-5	1.25696E-5
34	81	0	1.389E-5	8.88961E-6	34	81	1	1.0189E-4	6.52097E-5
34	82	0	4.74111E-4	3.03431E-4	34	83	0	0.00101276	6.48167E-4
34	83	1	2.0744E-4	1.32762E-4	34	84	0	0.00210483	0.00134709
34	85	0	0.00134938	8.63604E-4	34	85	1	0.00134626	8.61607E-4
34	86	0	0.00185319	0.00118604	34	87	0	9.22881E-4	5.90644E-4
34	88	0	3.0952E-4	1.98093E-4	34	89	0	4.537E-5	2.90368E-5
34	90	0	4.99595E-6	3.19741E-6	34	91	0	3.02986E-7	1.93911E-7
34	92	0	1.32995E-8	8.51167E-9	34	93	0	1.10093E-10	7.04598E-11
34	94	0	3.28E-12	2.0992E-12	35	77	0	1.56E-13	9.98401E-14
35	77	1	5.86001E-13	3.7504E-13	35	78	0	6.27001E-11	4.0128E-11
35	79	0	6.32001E-10	4.0448E-10	35	79	1	2.38E-9	1.5232E-9
35	80	0	1.98E-8	1.2672E-8	35	80	1	7.02001E-8	4.4928E-8
35	81	0	1.61E-6	1.0304E-6	35	82	0	1.372E-5	8.78081E-6
35	82	1	5.08001E-6	3.2512E-6	35	83	0	1.3219E-4	8.46017E-5
35	84	0	1.9936E-4	1.27591E-4	35	84	1	4.2363E-4	2.71123E-4
35	85	0	0.00211784	0.00135542	35	86	0	0.00189499	0.00121279
35	86	1	0.00189433	0.00121237	35	87	0	0.00521822	0.00120019
35	88	0	0.00506561	0.00324199	35	89	0	0.00232321	0.00148686
35	90	0	8.14561E-4	5.21319E-4	35	91	0	1.6728E-4	1.07059E-4
35	92	0	2.469E-5	1.58016E-5	35	93	0	1.42989E-6	9.15131E-7
35	94	0	7.49001E-8	4.79361E-8	35	95	0	3.23204E-10	2.0685E-10
35	96	0	3.54E-11	2.2656E-11	35	97	0	6.27395E-13	4.01533E-13
36	79	1	1.135E-13	7.26401E-14	36	79	0	1.135E-13	7.26401E-14
36	80	0	2.14E-11	1.3696E-11	36	81	0	1.08E-9	6.91201E-10
36	81	1	1.48E-10	9.47201E-11	36	82	0	4.41E-8	2.8224E-8
36	83	0	7.74001E-7	4.95361E-7	36	83	1	1.58E-7	1.0112E-7
36	84	0	1.317E-5	8.42881E-6	36	85	0	1.0837E-4	6.93569E-5
36	85	1	2.22E-5	1.4208E-5	36	86	0	6.67791E-4	4.27386E-4
36	87	0	0.00213161	0.00136423	36	88	0	0.00662495	0.00423997
36	89	0	0.00852329	0.00545491	36	90	0	0.0085195	0.00545248
36	91	0	0.00536308	0.00343237	36	92	0	0.00247887	0.00158648
36	93	0	4.79791E-4	3.07066E-4	36	94	0	8.40501E-5	5.37921E-5
36	95	0	6.79968E-6	4.3518E-6	36	96	0	4.54E-7	2.9056E-7
36	97	0	1.31994E-8	8.44761E-9	36	98	0	3.43E-10	2.1952E-10
36	99	0	9.48159E-12	6.06822E-12	36	100	0	5.83001E-14	3.7312E-14
37	81	0	4.61001E-14	2.9504E-14	37	83	0	3.48E-10	2.2272E-10
37	84	0	1.57E-8	1.0048E-8	37	85	0	5.03001E-7	3.2192E-7
37	86	1	4.035E-6	2.5824E-6	37	86	0	4.035E-6	2.5824E-6
37	87	0	8.00701E-5	5.12449E-5	37	88	0	6.55851E-4	4.19744E-4
37	89	0	0.00275195	0.00176125	37	90	0	0.00126691	8.10823E-4
37	90	1	0.00618569	0.00395884	37	91	0	0.0129907	0.00415701
37	92	0	0.0167483	0.00535947	37	93	0	0.00971932	0.00622037
37	94	0	0.00523073	0.00334766	37	95	0	0.00135502	8.67214E-4
37	96	0	2.9085E-4	1.86144E-4	37	97	0	2.865E-5	1.8336E-5
37	98	0	2.4E-6	1.536E-6	37	99	0	1.23147E-7	7.88139E-8
37	100	0	4.12E-9	2.6368E-9	37	101	0	4.45356E-11	2.85028E-11
37	102	0	1.58089E-12	1.01177E-12	38	84	0	9.28001E-13	5.93921E-13
38	85	1	4.99001E-11	3.1936E-11	38	85	0	4.99001E-11	3.1936E-11
38	86	0	5.32001E-9	3.4048E-9	38	87	0	1.47E-7	9.40801E-8
38	87	1	3.01E-8	1.9264E-8	38	88	0	4.76001E-6	3.0464E-6
38	89	0	6.50201E-5	4.16128E-5	38	90	0	5.31651E-4	3.40256E-4
38	91	0	0.00272241	0.00174234	38	92	0	0.00960724	0.00432326
38	93	0	0.0154616	0.00494771	38	94	0	0.022966	0.00734913
38	95	0	0.0170228	0.00544731	38	96	0	0.0106955	0.00342256
38	97	0	0.003315	0.0021216	38	98	0	8.55191E-4	5.47322E-4
38	99	0	1.28657E-4	8.23405E-5	38	100	0	1.398E-5	8.94721E-6
38	101	0	9.36956E-7	5.99652E-7	38	102	0	3.91985E-8	2.5087E-8
38	103	0	4.20357E-10	2.69028E-10	38	104	0	1.65E-11	1.056E-11
38	105	0	1.56677E-12	1.00273E-12	39	87	0	1.98E-11	1.2672E-11
39	88	0	1.83E-9	1.1712E-9	39	89	0	1.48E-8	9.47201E-9
39	89	1	7.25001E-8	4.64001E-8	39	90	1	1.185E-6	7.58401E-7
39	90	0	1.185E-6	7.58401E-7	39	91	1	1.999E-5	1.27936E-5
39	91	0	1.999E-5	1.27936E-5	39	92	0	4.0335E-4	2.58144E-4
39	93	1	0.00105888	6.77681E-4	39	93	0	0.00105888	6.77681E-4
39	94	0	0.00877549	0.00561631	39	95	0	0.0176931	0.00566178
39	96	0	0.00264106	0.00169028	39	96	1	0.0267042	0.00614196
39	97	1	0.0127292	0.00814672	39	97	0	0.0127292	0.00814672
39	98	0	0.00914062	0.00585	39	98	1	0.00914053	0.00584994
39	99	0	0.00779358	0.00498789	39	100	0	0.00248458	0.00159013
39	101	0	5.02511E-4	3.21607E-4	39	102	0	6.47301E-5	4.14272E-5
39	103	0	5.45959E-6	3.49413E-6	39	104	0	2.79E-7	1.7856E-7
39	105	0	2.03491E-8	1.30235E-8	39	106	0	5.08142E-11	3.25211E-11
39	107	0	5.71664E-12	3.65865E-12	40	88	0	3.39E-14	2.1696E-14
40	89	0	5.83001E-12	3.7312E-12	40	90	1	2.73E-10	1.7472E-10
40	90	0	2.73E-10	1.7472E-10	40	91	0	3.17E-8	2.0288E-8
40	92	0	1.1E-6	7.04001E-7	40	93	0	1.938E-5	1.24032E-5
40	94	0	2.5111E-4	1.60711E-4	40	95	0	0.00150461	9.62951E-4
40	96	0	0.00699237	0.00447512	40	97	0	0.01662	0.00531842
40	98	0	0.0307182	0.00982982	40	99	0	0.0334133	0.0106923
40	100	0	0.0281326	0.00900245	40	101	0	0.0156871	0.00501988
40	102	0	0.00580379	0.00371442	40	103	0	0.00149591	9.57383E-4
40	104	0	2.3258E-4	1.48851E-4	40	105	0	2.12597E-5	1.36062E-5
40	106	0	1.25995E-6	8.06368E-7	40	107	0	1.20269E-7	7.6972E-8
40	108	0	1.08E-9	6.91201E-10	40	109	0	1.06244E-11	6.79962E-12
40	110	0	6.28001E-14	4.0192E-14	41	91	0	1.26E-12	8.06401E-13
41	92	0	1.51E-10	9.66401E-11	41	93	0	7.86001E-9	5.03041E-9
41	93	1	1.61E-9	1.0304E-9	41	94	0	2.61E-7	1.6704E-7
41	94	1	1.53E-7	9.79201E-8	41	95	0	7.38001E-6	4.72321E-6
41	95	1	1.51E-6	9.66401E-7	41	96	0	9.94601E-5	6.36545E-5
41	97	0	7.83551E-4	5.01473E-4	41	97	1	1.6049E-4	1.02714E-4
41	98	0	0.00344657	0.00220581	41	98	1	9.72171E-4	6.22189E-4
41	99	0	9.95521E-4	6.37133E-4	41	99	1	0.0114482	0.00366341
41	100	0	0.0132176	0.00422963	41	100	1	0.0132176	0.00422963
41	101	0	0.0371311	0.0118819	41	102	1	0.0177104	0.0113346
41	102	0	0.0177104	0.0113346	41	103	0	0.0251454	0.00804652
41	104	1	0.00548067	0.00350763	41	104	0	0.00548067	0.00350763
41	105	0	0.00300554	0.00192355	41	106	0	5.51581E-4	3.53012E-4
41	107	0	7.75698E-5	4.96447E-5	41	108	0	4.94001E-6	3.1616E-6
41	109	0	1.3799E-7	8.83133E-8	41	110	0	3.37E-9	2.1568E-9
42	93	1	1.12E-13	7.16801E-14	42	93	0	1.12E-13	7.16801E-14
42	94	0	3.42E-11	2.1888E-11	42	95	0	2.53E-9	1.6192E-9
42	96	0	1.11E-7	7.10401E-8	42	97	0	2.97E-6	1.9008E-6
42	98	0	4.262E-5	2.72768E-5	42	99	0	3.4639E-4	2.2169E-4
42	100	0	0.00204061	0.00130599	42	101	0	0.00761138	0.00487128
42	102	0	0.0185845	0.00594702	42	103	0	0.0339701	0.0108704
42	104	0	0.0375428	0.0120137	42	105	0	0.0276412	0.0088452
42	106	0	0.0142386	0.00455636	42	107	0	0.00588215	0.00376457
42	108	0	0.00117177	7.49934E-4	42	109	0	1.0531E-4	6.73985E-5
42	110	0	8.73001E-6	5.58721E-6	42	111	0	5.83001E-13	3.7312E-13
42	113	0	1.32815E-16	8.50014E-17	42	116	0	6.16001E-13	3.9424E-13
42	117	0	1.83329E-14	1.17331E-14	43	95	0	2.87E-14	1.8368E-14
43	97	1	2.385E-10	1.5264E-10	43	97	0	2.385E-10	1.5264E-10
43	98	0	2.21E-8	1.4144E-8	43	99	0	4.61001E-7	2.9504E-7
43	99	1	9.44001E-8	6.04161E-8	43	100	0	9.90001E-6	6.33601E-6
43	101	0	1.0893E-4	6.97153E-5	43	102	0	3.7853E-4	2.42259E-4
43	102	1	3.7853E-4	2.42259E-4	43	103	0	0.00386654	0.00247459
43	104	0	0.0111972	0.0035831	43	105	0	0.0214093	0.00685097
43	106	0	0.0284206	0.00909459	43	107	0	0.0308396	0.00986866
43	108	0	0.0172529	0.00552094	43	109	0	0.00456839	0.00292377
43	110	0	0.00119815	7.66817E-4	43	111	0	1.7E-6	1.088E-6
43	112	0	1.06E-7	6.78401E-8	43	113	0	2.09E-9	1.3376E-9
43	114	0	4.80001E-11	3.072E-11	43	115	0	7.33619E-14	4.69516E-14
43	116	0	8.39001E-9	5.36961E-9	43	117	0	2.38108E-10	1.52389E-10
43	118	0	2.39149E-13	1.53056E-13	43	119	0	2.89457E-15	1.85253E-15
44	98	0	5.57001E-13	3.5648E-13	44	99	0	4.44E-11	2.8416E-11
44	100	0	2.5E-9	1.6E-9	44	101	0	8.58001E-8	5.49121E-8
44	102	0	1.83E-6	1.1712E-6	44	103	0	2.894E-5	1.85216E-5
44	104	0	2.4331E-4	1.55719E-4	44	105	0	0.00133839	8.56571E-4
44	106	0	0.0048669	0.00311481	44	107	0	0.0139747	0.00447191
44	108	0	0.0206541	0.0066093	44	109	1	0.0072652	0.00464973
44	109	0	0.0072652	0.00464973	44	110	0	0.0107385	0.0034363
44	111	0	0.00237525	0.00152016	44	112	0	6.89091E-4	4.41018E-4
44	113	0	7.19101E-5	4.60225E-5	44	114	0	7.72001E-6	4.94081E-6
44	115	0	1.87E-6	1.1968E-6	44	116	0	5.69001E-6	3.6416E-6
44	117	0	2.48762E-7	1.59208E-7	44	118	0	5.92977E-9	3.79505E-9
44	119	0	6.08972E-11	3.89742E-11	44	120	0	3.36E-13	2.1504E-13
44	121	0	4.56541E-15	2.92186E-15	45	101	0	5.63001E-13	3.6032E-13
45	101	1	2.75E-12	1.76E-12	45	102	0	1.12E-10	7.16801E-11
45	102	1	1.12E-10	7.16801E-11	45	103	0	1.33E-9	8.51201E-10
45	103	1	9.75001E-9	6.24001E-9	45	104	0	6.58001E-8	4.2112E-8
45	104	1	2.33E-7	1.4912E-7	45	105	0	4.53E-6	2.8992E-6
45	105	1	6.18001E-7	3.9552E-7	45	106	0	3.043E-5	1.94752E-5
45	106	1	3.043E-5	1.94752E-5	45	107	0	4.83881E-4	3.09684E-4
45	108	0	0.00103511	6.62471E-4	45	108	1	0.00103511	6.62471E-4
45	109	0	0.00205295	0.00131389	45	109	1	0.00201072	0.00128686
45	110	0	0.00405675	0.00259632	45	110	1	0.00405675	0.00259632
45	111	0	0.00747169	0.00478188	45	112	0	0.00627707	0.00144373
45	113	0	0.00225994	0.00144636	45	114	0	8.41991E-4	5.38874E-4
45	115	0	6.79721E-4	4.35021E-4	45	116	0	2.2123E-4	1.41587E-4
45	117	0	4.185E-5	2.6784E-5	45	118	0	4.4E-6	2.816E-6
45	119	0	2.06E-7	1.3184E-7	45	120	0	5.16001E-9	3.3024E-9
45	121	0	5.92955E-11	3.79491E-11	45	122	0	3.41E-13	2.1824E-13
46	103	0	2.12E-13	1.3568E-13	46	104	0	1.82E-11	1.1648E-11
46	105	0	1.06E-9	6.78401E-10	46	106	0	3.89E-8	2.4896E-8
46	107	0	3.04E-7	1.9456E-7	46	107	1	6.77001E-7	4.3328E-7
46	108	0	1.34E-5	8.57601E-6	46	109	0	2.493E-5	1.59552E-5
46	109	1	5.54901E-5	3.55136E-5	46	110	0	4.93831E-4	3.16052E-4
46	111	0	5.20201E-5	3.32928E-5	46	111	1	1.1578E-4	7.40993E-5
46	112	0	4.69521E-4	3.00493E-4	46	113	0	5.23201E-4	3.34848E-4
46	114	0	4.98891E-4	3.1929E-4	46	115	0	9.08461E-4	5.81415E-4
46	116	0	6.37491E-4	4.07994E-4	46	117	0	4.4983E-4	2.87892E-4
46	118	0	1.8556E-4	1.18759E-4	46	119	0	3.669E-5	2.34816E-5
46	120	0	3.94E-6	2.5216E-6	46	121	0	2.07E-7	1.3248E-7
46	122	0	5.41001E-9	3.4624E-9	47	106	0	3.27E-13	2.0928E-13
47	106	1	8.85001E-13	5.66401E-13	47	107	0	1.2E-11	7.68001E-12
47	107	1	8.81001E-11	5.63841E-11	47	108	1	2.285E-9	1.4624E-9
47	108	0	2.285E-9	1.4624E-9	47	109	1	5.25001E-8	3.36E-8
47	109	0	5.25001E-8	3.36E-8	47	110	0	4.99001E-7	3.1936E-7
47	110	1	1.35E-6	8.64001E-7	47	111	0	3.65E-10	2.336E-10
47	111	1	2.68E-9	1.7152E-9	47	112	0	3.66E-8	2.3424E-8
47	113	0	2.88E-8	1.8432E-8	47	113	1	2.11E-7	1.3504E-7
47	114	0	9.59001E-7	6.13761E-7	47	115	0	2.98E-6	1.9072E-6
47	115	1	2.98E-6	1.9072E-6	47	116	0	7.98401E-5	5.10977E-5
47	116	1	7.98401E-5	5.10977E-5	47	117	0	2.0135E-4	1.28864E-4
47	117	1	2.0135E-4	1.28864E-4	47	118	0	2.8792E-4	1.84269E-4
47	118	1	2.8792E-4	1.84269E-4	47	119	0	4.154E-4	2.65856E-4
47	120	1	8.55451E-5	5.47489E-5	47	120	0	8.55451E-5	5.47489E-5
47	121	0	3.789E-5	2.42496E-5	47	122	1	2.125E-6	1.36E-6
47	122	0	2.125E-6	1.36E-6	47	123	0	1.11E-11	7.10401E-12
47	124	0	9.32001E-13	5.96481E-13	47	125	0	9.21001E-14	5.89441E-14
47	129	0	1.03177E-17	6.60336E-18	47	130	0	5.73001E-11	3.6672E-11
47	131	0	1.62077E-12	1.03729E-12	48	108	0	7.50001E-14	4.80001E-14
48	109	0	5.84001E-12	3.7376E-12	48	110	0	3.56E-10	2.2784E-10
48	113	0	1.06E-14	6.78401E-15	48	113	1	4.0E-14	2.56E-14
48	114	0	9.78001E-13	6.25921E-13	48	115	0	5.21001E-12	3.3344E-12
48	115	1	1.96E-11	1.2544E-11	48	116	0	2.86E-6	1.8304E-6
48	117	0	6.19001E-6	3.9616E-6	48	117	1	2.33E-5	1.4912E-5
48	118	0	1.5544E-4	9.94817E-5	48	119	0	1.9517E-4	1.24909E-4
48	119	1	1.9517E-4	1.24909E-4	48	120	0	5.44251E-4	3.4832E-4
48	121	1	2.2017E-4	1.40909E-4	48	121	0	2.2017E-4	1.40909E-4
48	122	0	1.897E-4	1.21408E-4	48	123	0	3.33E-6	2.1312E-6
48	124	0	9.04001E-7	5.78561E-7	48	125	0	2.91E-7	1.8624E-7
48	126	0	6.85001E-8	4.384E-8	48	127	0	1.47E-8	9.40801E-9
48	128	0	2.51E-9	1.6064E-9	48	129	0	2.63E-10	1.6832E-10
48	130	0	4.95001E-7	3.168E-7	48	131	0	3.40984E-8	2.1823E-8
48	132	0	5.59001E-10	3.5776E-10	48	133	0	1.13173E-11	7.24307E-12
48	134	0	3.27E-14	2.0928E-14	49	116	2	9.53334E-10	6.10134E-10
49	116	0	9.53334E-10	6.10134E-10	49	116	1	9.53334E-10	6.10134E-10
49	117	0	1.12E-7	7.16801E-8	49	117	1	2.3E-8	1.472E-8
49	118	2	3.325E-7	2.128E-7	49	118	0	2.36E-6	1.5104E-6
49	118	1	3.325E-7	2.128E-7	49	119	0	2.501E-5	1.60064E-5
49	119	1	5.12001E-6	3.2768E-6	49	120	2	5.02067E-5	3.21323E-5
49	120	0	5.02067E-5	3.21323E-5	49	120	1	5.02067E-5	3.21323E-5
49	121	0	3.5185E-4	2.25184E-4	49	121	1	7.20701E-5	4.61249E-5
49	122	2	2.06194E-4	1.31964E-4	49	122	0	2.06194E-4	1.31964E-4
49	122	1	2.06194E-4	1.31964E-4	49	123	0	5.10661E-4	3.26823E-4
49	123	1	1.0459E-4	6.69377E-5	49	124	1	2.32955E-4	1.49091E-4
49	124	0	2.32955E-4	1.49091E-4	49	125	0	2.1815E-4	1.39616E-4
49	125	1	2.1815E-4	1.39616E-4	49	126	1	1.541E-4	9.86241E-5
49	126	0	1.541E-4	9.86241E-5	49	127	0	1.0141E-4	6.49025E-5
49	127	1	1.0141E-4	6.49025E-5	49	128	1	5.88201E-5	3.76448E-5
49	128	0	5.88201E-5	3.76448E-5	49	129	0	2.472E-5	1.58208E-5
49	129	1	2.472E-5	1.58208E-5	49	130	2	7.20801E-5	4.61313E-5
49	130	1	7.20801E-5	4.61313E-5	49	130	0	7.20801E-5	4.61313E-5
49	131	1	2.5785E-5	1.65024E-5	49	131	0	2.5785E-5	1.65024E-5
49	132	0	3.17E-6	2.0288E-6	49	133	0	1.46989E-7	9.40729E-8
49	134	0	2.87E-9	1.8368E-9	49	135	0	1.49244E-11	9.55162E-12
49	136	0	1.22E-13	7.80801E-14	50	116	0	1.41E-13	9.02401E-14
50	117	1	1.605E-11	1.0272E-11	50	117	0	1.605E-11	1.0272E-11
50	118	0	3.3E-9	2.112E-9	50	119	0	3.07E-8	1.9648E-8
50	119	1	1.16E-7	7.42401E-8	50	120	0	3.01E-6	1.9264E-6
50	121	0	8.73001E-6	5.58721E-6	50	121	1	2.486E-5	1.59104E-5
50	122	0	1.7549E-4	1.12314E-4	50	123	0	3.8761E-4	2.48071E-4
50	123	1	1.3619E-4	8.71617E-5	50	124	0	7.81331E-4	5.00052E-4
50	125	0	0.00107868	6.90356E-4	50	125	1	3.8231E-4	2.44679E-4
50	126	0	0.00218514	6.99246E-4	50	127	0	0.00236639	0.00151449
50	127	1	8.31441E-4	5.32122E-4	50	128	1	0.00234887	0.00150328
50	128	0	0.00234887	0.00150328	50	129	0	0.00454266	0.00290731
50	129	1	0.00159495	0.00102077	50	130	1	0.00279089	0.00178617
50	130	0	0.00279089	0.00178617	50	131	1	0.00212437	0.0013596
50	131	0	0.00212437	0.0013596	50	132	0	9.19391E-4	5.8841E-4
50	133	0	1.6074E-4	1.02874E-4	50	134	0	1.201E-5	7.68641E-6
50	135	0	3.13985E-7	2.00951E-7	50	136	0	7.62001E-9	4.87681E-9
50	137	0	8.21001E-11	5.25441E-11	50	138	0	6.96001E-13	4.4544E-13
51	118	0	6.59001E-14	4.2176E-14	51	118	1	1.12E-13	7.16801E-14
51	119	0	3.69E-11	2.3616E-11	51	120	0	1.25E-9	8.00001E-10
51	120	1	2.13E-9	1.3632E-9	51	121	0	1.68E-7	1.0752E-7
51	122	0	1.55E-6	9.92001E-7	51	122	1	2.06E-6	1.3184E-6
51	123	0	1.75E-6	1.12E-6	51	124	2	2.36667E-6	1.51467E-6
51	124	0	2.36667E-6	1.51467E-6	51	124	1	2.36667E-6	1.51467E-6
51	125	0	3.436E-5	2.19904E-5	51	126	2	3.557E-5	2.27648E-5
51	126	0	5.15201E-5	3.29728E-5	51	126	1	3.557E-5	2.27648E-5
51	127	0	4.0483E-4	2.59091E-4	51	128	0	5.54381E-4	3.54804E-4
51	128	1	7.65581E-4	4.89972E-4	51	129	0	0.00398367	0.00254955
51	130	0	0.00467581	0.00299252	51	130	1	0.00626336	0.00200427
51	131	0	0.0240309	0.00768989	51	132	0	0.00863839	0.00552857
51	132	1	0.00766046	0.00490269	51	133	0	0.00972791	0.00311293
51	134	1	0.00130522	8.35342E-4	51	134	0	0.00130522	8.35342E-4
51	135	0	2.5449E-4	1.62874E-4	51	136	0	2.293E-5	1.46752E-5
51	137	0	9.05001E-7	5.79201E-7	51	138	0	2.75E-8	1.76E-8
51	139	0	5.83001E-10	3.7312E-10	51	140	0	5.16208E-12	3.30373E-12
51	141	0	8.21182E-13	5.25557E-13	52	120	0	1.88E-13	1.2032E-13
52	121	1	2.185E-11	1.3984E-11	52	121	0	2.185E-11	1.3984E-11
52	122	0	4.18E-9	2.6752E-9	52	123	0	7.02001E-13	4.4928E-13
52	123	1	2.64E-12	1.6896E-12	52	124	0	4.37E-11	2.7968E-11
52	125	0	1.29E-10	8.25601E-11	52	125	1	4.85001E-10	3.104E-10
52	126	0	7.54001E-9	4.82561E-9	52	127	0	2.0E-8	1.28E-8
52	127	1	5.68001E-8	3.6352E-8	52	128	0	8.11001E-7	5.19041E-7
52	129	0	2.29E-6	1.4656E-6	52	129	1	6.51001E-6	4.1664E-6
52	130	0	0.00191231	0.00122388	52	131	0	0.00296338	0.00189657
52	131	1	0.00994844	0.0031835	52	132	0	0.0231217	0.00531799
52	133	0	0.0108458	0.00347065	52	133	1	0.0308688	0.00987801
52	134	0	0.0354861	0.00567778	52	135	0	0.011665	0.0037328
52	136	0	0.00363221	0.00232462	52	137	0	4.99761E-4	3.19847E-4
52	138	0	5.28101E-5	3.37984E-5	52	139	0	3.72E-6	2.3808E-6
52	140	0	1.27995E-7	8.19168E-8	52	141	0	1.72764E-8	1.10569E-8
52	142	0	7.02001E-11	4.4928E-11	52	143	0	2.55262E-12	1.63368E-12
53	128	0	2.34E-13	1.4976E-13	53	129	0	1.05E-11	6.72001E-12
53	130	0	1.641E-5	1.05024E-5	53	130	1	6.07001E-6	3.8848E-6
53	131	0	4.4016E-4	2.81703E-4	53	132	1	0.00142608	9.12689E-4
53	132	0	0.00142608	9.12689E-4	53	133	1	0.00319854	0.00204707
53	133	0	0.00319854	0.00204707	53	134	0	0.0204916	0.00655731
53	134	1	0.0163887	0.00524437	53	135	0	0.0389739	0.00428712
53	136	0	0.0185289	0.00592926	53	136	1	0.0185223	0.00592715
53	137	0	0.016031	0.00256497	53	138	0	0.0054543	0.00349075
53	139	0	0.00121475	7.77441E-4	53	140	0	1.3128E-4	8.40193E-5
53	141	0	1.11427E-5	7.13135E-6	53	142	0	7.73001E-7	4.94721E-7
53	143	0	3.31534E-8	2.12182E-8	53	144	0	9.3966E-11	6.01382E-11
53	145	0	4.99065E-12	3.19401E-12	53	146	0	1.09291E-13	6.99462E-14
54	130	0	1.44E-8	9.21601E-9	54	131	0	2.29E-7	1.4656E-7
54	131	1	6.52001E-7	4.1728E-7	54	132	0	2.354E-5	1.50656E-5
54	133	0	4.564E-5	2.92096E-5	54	133	1	1.2989E-4	8.31297E-5
54	134	0	8.72811E-4	5.58599E-4	54	134	1	0.00235983	0.00151029
54	135	0	0.0019198	2.11178E-4	54	135	1	0.0119993	0.00539969
54	136	0	0.0316065	0.0101141	54	137	0	0.0352648	0.0112847
54	138	0	0.0377735	0.0120875	54	139	0	0.0239575	0.00766639
54	140	0	0.00751313	0.0048084	54	141	0	0.001983	0.00126912
54	142	0	4.2712E-4	2.73357E-4	54	143	1	1.73184E-5	1.10838E-5
54	143	0	1.73184E-5	1.10838E-5	54	144	0	2.32991E-6	1.49114E-6
54	145	0	1.04995E-7	6.71969E-8	54	146	0	2.70989E-9	1.73433E-9
54	147	0	1.43306E-11	9.17159E-12	54	148	0	3.62E-13	2.3168E-13
55	131	0	9.85001E-11	6.30401E-11	55	132	0	9.90001E-9	6.33601E-9
55	133	0	2.79E-7	1.7856E-7	55	134	1	9.59501E-6	6.14081E-6
55	134	0	9.59501E-6	6.14081E-6	55	135	1	1.224E-4	7.83361E-5
55	135	0	1.224E-4	7.83361E-5	55	136	1	0.00226223	0.00144783
55	136	0	0.00226223	0.00144783	55	137	0	0.00733598	0.00469503
55	138	0	0.011203	0.00358495	55	138	1	0.0112039	0.0025769
55	139	0	0.0373965	0.0119669	55	140	0	0.030648	0.00980735
55	141	0	0.0224531	0.007185	55	142	0	0.0137019	0.0043846
55	143	0	0.00338388	0.00216569	55	144	0	6.96721E-4	4.45901E-4
55	145	0	1.0209E-4	6.53377E-5	55	146	0	8.41001E-6	5.38241E-6
55	147	0	1.86126E-7	1.19121E-7	55	148	0	1.23E-8	7.87201E-9
55	149	0	6.32148E-11	4.04575E-11	55	150	0	3.04E-12	1.9456E-12
55	151	0	2.43559E-13	1.55877E-13	56	132	0	2.01E-13	1.2864E-13
56	133	0	2.23E-11	1.4272E-11	56	134	0	5.98001E-9	3.8272E-9
56	135	1	1.46E-7	9.34401E-8	56	135	0	1.46E-7	9.34401E-8
56	136	1	4.75001E-6	3.04E-6	56	136	0	4.75001E-6	3.04E-6
56	137	0	2.955E-5	1.8912E-5	56	137	1	8.40901E-5	5.38177E-5
56	138	0	0.0010443	6.68353E-4	56	139	0	0.00500644	0.00320412
56	140	0	0.0109152	0.00349288	56	141	0	0.021104	0.00675328
56	142	0	0.0332257	0.0106322	56	143	0	0.0222838	0.00713082
56	144	0	0.0126803	0.00405769	56	145	0	0.00552652	0.00353697
56	146	0	0.00137082	8.77326E-4	56	147	0	1.94454E-4	1.24451E-4
56	148	0	2.031E-5	1.29984E-5	56	149	0	1.32994E-6	8.5116E-7
56	150	0	5.28001E-8	3.3792E-8	56	151	0	5.12408E-9	3.27941E-9
56	152	0	1.99E-11	1.2736E-11	56	153	0	4.45763E-13	2.85288E-13
57	135	0	1.73E-11	1.1072E-11	57	137	0	9.22001E-8	5.90081E-8
57	138	0	2.92E-6	1.8688E-6	57	139	0	4.149E-5	2.65536E-5
57	140	0	2.0392E-4	6.52545E-5	57	141	0	0.00163026	0.00104337
57	142	0	0.00698663	0.00447144	57	143	0	0.0126587	0.00405078
57	144	0	0.0184973	0.00591913	57	145	0	0.0214458	0.00686266
57	146	1	0.0071771	0.00459335	57	146	0	0.0071771	0.00459335
57	147	0	0.00575412	0.00368263	57	148	0	0.00182087	0.00116536
57	149	0	3.642E-4	2.33088E-4	57	150	0	4.543E-5	2.90752E-5
57	151	0	3.30488E-6	2.11512E-6	57	152	0	1.83E-7	1.1712E-7
57	153	0	5.78956E-9	3.70532E-9	57	154	0	1.01E-10	6.46401E-11
57	155	0	1.03615E-12	6.63138E-13	57	156	0	1.91158E-14	1.22341E-14
58	137	0	3.67E-12	2.3488E-12	58	138	0	4.16E-10	2.6624E-10
58	139	0	5.12001E-9	3.2768E-9	58	139	1	1.46E-8	9.34401E-9
58	140	0	4.4E-7	2.816E-7	58	141	0	7.91001E-6	5.06241E-6
58	142	0	1.0283E-4	6.58113E-5	58	143	0	5.55711E-4	3.55655E-4
58	144	0	0.00225604	0.00144387	58	145	0	0.0072358	0.00463091
58	146	0	0.0125428	0.00401371	58	147	0	0.0129723	0.00415113
58	148	0	0.0111117	0.00355575	58	149	0	0.00612189	0.00391801
58	150	0	0.00220101	0.00140865	58	151	0	4.95701E-4	3.17248E-4
58	152	0	8.47201E-5	5.42209E-5	58	153	0	8.50001E-6	5.44001E-6
58	154	0	4.78001E-7	3.0592E-7	58	155	0	2.1799E-8	1.39514E-8
58	156	0	4.73981E-10	3.03348E-10	58	157	0	4.91001E-12	3.1424E-12
58	158	0	3.75E-14	2.4E-14	59	139	0	4.52E-13	2.8928E-13
59	140	0	3.31E-11	2.1184E-11	59	141	0	2.04E-9	1.3056E-9
59	142	1	4.17E-8	2.6688E-8	59	142	0	4.17E-8	2.6688E-8
59	143	0	1.71E-6	1.0944E-6	59	144	0	1.84E-6	1.1776E-6
59	144	1	1.858E-5	1.18912E-5	59	145	0	1.8047E-4	1.15501E-4
59	146	0	8.94721E-4	5.72621E-4	59	147	0	0.00253796	0.0016243
59	148	1	0.00291532	0.0018658	59	148	0	0.00291532	0.0018658
59	149	0	0.00827065	0.00372179	59	150	0	0.00773137	0.00494808
59	151	0	0.00480151	0.00307296	59	152	0	0.00230865	0.00147754
59	153	0	6.81021E-4	4.35853E-4	59	154	0	1.166E-4	7.46241E-5
59	155	0	1.714E-5	1.09696E-5	59	156	0	1.19E-6	7.61601E-7
59	157	0	4.12E-8	2.6368E-8	59	158	0	1.06E-9	6.78401E-10
59	159	0	2.3E-11	1.472E-11	59	160	0	2.67E-13	1.7088E-13
59	161	0	4.25868E-15	2.72556E-15	60	141	0	2.47E-14	1.5808E-14
60	142	0	3.32E-12	2.1248E-12	60	143	0	2.3E-10	1.472E-10
60	144	0	8.85001E-9	5.66401E-9	60	145	0	2.57E-7	1.6448E-7
60	146	0	3.98E-6	2.5472E-6	60	147	0	3.42E-5	2.1888E-5
60	148	0	2.3752E-4	1.52013E-4	60	149	0	9.43831E-4	6.04052E-4
60	150	0	0.00236284	0.00151222	60	151	0	0.00390491	0.00249915
60	152	0	0.00483494	0.00309436	60	153	0	0.00375343	0.0024022
60	154	0	0.00176285	0.00112823	60	155	0	7.64181E-4	4.89076E-4
60	156	0	1.589E-4	1.01696E-4	60	157	0	1.748E-5	1.11872E-5
60	158	0	1.47E-6	9.40801E-7	60	159	0	1.02E-7	6.52801E-8
60	160	0	3.99E-9	2.5536E-9	60	161	0	8.95958E-11	5.73413E-11
60	162	0	4.49E-13	2.8736E-13	61	144	0	1.86E-13	1.1904E-13
61	145	0	1.82E-11	1.1648E-11	61	146	0	9.19001E-10	5.88161E-10
61	147	0	2.63E-8	1.6832E-8	61	148	0	1.55E-7	9.92001E-8
61	148	1	4.19E-7	2.6816E-7	61	149	0	7.05001E-6	4.512E-6
61	150	0	5.27801E-5	3.37792E-5	61	151	0	2.5711E-4	1.64551E-4
61	152	2	2.91214E-4	1.86377E-4	61	152	0	2.91214E-4	1.86377E-4
61	152	1	2.91214E-4	1.86377E-4	61	153	0	0.0017836	0.00114151
61	154	0	0.00108109	6.91898E-4	61	154	1	0.00108109	6.91898E-4
61	155	0	0.00248197	0.00158846	61	156	0	0.00138781	8.88199E-4
61	157	0	4.3915E-4	2.81056E-4	61	158	0	1.11E-4	7.10401E-5
61	159	0	2.352E-5	1.50528E-5	61	160	0	2.96E-6	1.8944E-6
61	161	0	2.06E-7	1.3184E-7	61	162	0	3.33E-9	2.1312E-9
61	163	0	4.34E-11	2.7776E-11	61	164	0	5.42001E-13	3.4688E-13
61	166	0	4.75879E-17	3.04563E-17	62	146	0	1.01E-14	6.46401E-15
62	147	0	9.54001E-13	6.10561E-13	62	148	0	7.03001E-11	4.4992E-11
62	149	0	2.77E-9	1.7728E-9	62	150	0	6.68001E-8	4.2752E-8
62	151	0	1.06E-6	6.78401E-7	62	152	0	1.086E-5	6.95041E-6
62	153	0	6.53301E-5	4.18112E-5	62	154	0	2.2241E-4	1.42343E-4
62	155	0	7.06911E-4	4.52423E-4	62	156	0	0.00101589	6.5017E-4
62	157	0	8.54731E-4	5.47028E-4	62	158	0	5.81981E-4	3.72468E-4
62	159	0	3.373E-4	2.15872E-4	62	160	0	1.2482E-4	7.98849E-5
62	161	0	2.521E-5	1.61344E-5	62	162	0	1.26E-6	8.06401E-7
62	163	0	5.18001E-8	3.3152E-8	62	164	0	2.01E-9	1.2864E-9
62	165	0	7.49001E-11	4.79361E-11	62	166	0	1.17995E-12	7.5517E-13
62	167	0	1.35E-14	8.64001E-15	62	169	0	1.38579E-18	8.86906E-19
63	149	0	5.30001E-14	3.392E-14	63	151	0	2.24E-10	1.4336E-10
63	152	2	2.46E-9	1.5744E-9	63	152	0	2.46E-9	1.5744E-9
63	152	1	2.46E-9	1.5744E-9	63	153	0	1.35E-7	8.64001E-8
63	154	1	7.40001E-7	4.73601E-7	63	154	0	7.40001E-7	4.73601E-7
63	155	0	1.453E-5	9.29921E-6	63	156	0	6.06601E-5	3.88224E-5
63	157	0	1.4314E-4	9.16097E-5	63	158	0	2.6372E-4	1.68781E-4
63	159	0	3.9413E-4	2.52243E-4	63	160	0	3.8734E-4	2.47898E-4
63	161	0	2.0383E-4	1.30451E-4	63	162	0	2.838E-5	1.81632E-5
63	163	0	3.41E-6	2.1824E-6	63	164	0	3.9E-7	2.496E-7
63	165	0	4.39E-8	2.8096E-8	63	166	0	2.14E-9	1.3696E-9
63	167	0	7.63001E-11	4.88321E-11	63	168	0	1.5E-12	9.60001E-13
63	169	0	1.79986E-14	1.15191E-14	63	171	0	2.54761E-18	1.63047E-18
64	152	0	2.44E-13	1.5616E-13	64	153	0	1.47E-11	9.40801E-12
64	154	0	5.21001E-10	3.3344E-10	64	155	0	1.5E-8	9.60001E-9
64	156	0	1.99E-7	1.2736E-7	64	157	0	1.64E-6	1.0496E-6
64	158	0	9.13001E-6	5.84321E-6	64	159	0	3.849E-5	2.46336E-5
64	160	0	1.0456E-4	6.69185E-5	64	161	0	1.3976E-4	8.94465E-5
64	162	0	5.01101E-5	3.20704E-5	64	163	0	1.575E-5	1.008E-5
64	164	0	4.78001E-6	3.0592E-6	64	165	0	1.49E-6	9.53601E-7
64	166	0	2.08E-7	1.3312E-7	64	167	0	2.22E-8	1.4208E-8
64	168	0	1.37E-9	8.76801E-10	64	169	0	5.10001E-11	3.264E-11
64	170	0	2.03E-12	1.2992E-12	64	171	0	5.35975E-14	3.43024E-14
65	155	0	8.58001E-13	5.49121E-13	65	156	0	3.38E-11	2.1632E-11
65	156	1	3.34E-12	2.1376E-12	65	157	0	1.02E-9	6.52801E-10
65	158	0	1.68E-8	1.0752E-8	65	158	1	1.67E-9	1.0688E-9
65	159	0	2.08E-7	1.3312E-7	65	160	0	1.053E-5	6.73921E-6
65	161	0	7.65001E-6	4.89601E-6	65	162	0	3.79E-6	2.4256E-6
65	162	1	3.79E-6	2.4256E-6	65	163	0	6.31001E-6	4.0384E-6
65	164	0	4.83001E-6	3.0912E-6	65	165	0	3.79E-6	2.4256E-6
65	166	0	1.37E-6	8.76801E-7	65	167	0	3.93E-7	2.5152E-7
65	168	0	7.02001E-8	4.4928E-8	65	169	0	7.63001E-9	4.88321E-9
65	170	0	9.12001E-10	5.83681E-10	65	171	0	7.41001E-11	4.74241E-11
65	172	0	2.72E-12	1.7408E-12	66	157	0	3.07E-14	1.9648E-14
66	158	0	1.89E-12	1.2096E-12	66	159	0	6.88001E-11	4.4032E-11
66	160	0	2.22E-9	1.4208E-9	66	161	0	2.55E-8	1.632E-8
66	162	0	7.74001E-8	4.95361E-8	66	163	0	1.91E-7	1.2224E-7
66	164	0	4.03E-7	2.5792E-7	66	165	0	7.37001E-7	4.71681E-7
66	165	1	1.0E-7	6.40001E-8	66	166	0	7.75001E-7	4.96001E-7
66	167	0	5.57001E-7	3.5648E-7	66	168	0	2.59E-7	1.6576E-7
66	169	0	7.39001E-8	4.72961E-8	66	170	0	2.42E-8	1.5488E-8
66	171	0	5.61001E-9	3.5904E-9	66	172	0	6.09001E-10	3.8976E-10
67	161	0	3.83E-12	2.4512E-12	67	161	1	5.22001E-13	3.3408E-13
67	162	0	1.15E-11	7.36001E-12	67	162	1	3.11E-11	1.9904E-11
67	163	0	2.94E-10	1.8816E-10	67	163	1	4.01E-11	2.5664E-11
67	164	0	5.76001E-10	3.6864E-10	67	164	1	1.56E-9	9.98401E-10
67	165	0	1.3E-8	8.32001E-9	67	166	0	9.24001E-9	5.91361E-9
67	166	1	2.5E-8	1.6E-8	67	167	0	6.70001E-8	4.288E-8
67	168	0	8.32001E-8	5.32481E-8	67	169	0	6.01001E-8	3.8464E-8
67	170	0	2.47E-8	1.5808E-8	67	170	1	2.47E-8	1.5808E-8
67	171	0	2.94E-8	1.8816E-8	67	172	0	8.51001E-9	5.44641E-9
68	163	0	2.93E-14	1.8752E-14	68	164	0	5.90001E-13	3.776E-13
68	165	0	1.12E-11	7.16801E-12	68	166	0	9.03001E-11	5.77921E-11
68	167	0	4.66001E-10	2.9824E-10	68	167	1	6.35001E-11	4.064E-11
68	168	0	1.97E-9	1.2608E-9	68	169	0	3.96E-9	2.5344E-9
68	170	0	8.71001E-9	5.57441E-9	68	171	0	1.33E-8	8.51201E-9
68	172	0	9.71001E-9	6.21441E-9	69	166	0	1.21E-14	7.74401E-15
69	167	0	2.23E-13	1.4272E-13	69	168	0	2.64E-12	1.6896E-12
69	169	0	1.62E-11	1.0368E-11	69	170	0	1.05E-10	6.72001E-11
69	171	0	4.61001E-10	2.9504E-10	69	172	0	9.24001E-10	5.91361E-10
70	170	0	6.93001E-14	4.4352E-14	70	171	0	9.36001E-13	5.99041E-13
70	172	0	5.64001E-12	3.6096E-12