Z	A	FPS	Yield	Uncertainty	Z	A	FPS	Yield	Uncertainty
23	66	0	1.53605E-13	9.83075E-14	23	67	0	2.67949E-14	1.71487E-14
24	66	0	2.22846E-10	1.42622E-10	24	67	0	3.88732E-11	2.48788E-11
24	68	0	3.66E-12	2.3424E-12	24	69	0	3.61627E-13	2.31441E-13
24	70	0	1.32E-14	8.448E-15	25	66	0	3.63E-8	2.3232E-8
25	67	0	1.45E-8	9.28E-9	25	68	0	3.17E-9	2.0288E-9
25	69	0	5.24638E-10	3.35769E-10	25	70	0	6.26E-11	4.0064E-11
25	71	0	4.56E-12	2.9184E-12	25	72	0	5.99268E-13	3.83532E-13
26	66	0	7.08E-7	4.5312E-7	26	67	0	6.25E-7	4.0E-7
26	68	0	3.07E-7	1.9648E-7	26	69	0	1.16E-7	7.424E-8
26	70	0	3.18E-8	2.0352E-8	26	71	0	5.52E-9	3.5328E-9
26	72	0	8.69401E-10	5.56416E-10	26	73	0	8.6E-11	5.504E-11
26	74	0	6.21E-12	3.9744E-12	26	75	0	7.0259E-13	4.49658E-13
27	66	0	1.88E-6	1.2032E-6	27	67	0	3.49E-6	2.2336E-6
27	68	0	3.66E-6	2.3424E-6	27	69	0	3.02E-6	1.9328E-6
27	70	0	1.84E-6	1.1776E-6	27	71	0	7.38E-7	4.7232E-7
27	72	0	2.67E-7	1.7088E-7	27	73	0	6.1E-8	3.904E-8
27	74	0	1.03E-8	6.592E-9	27	75	0	1.0193E-9	6.5235E-10
27	76	0	8.25E-11	5.28E-11	27	77	0	7.92136E-12	5.06967E-12
28	66	0	7.28E-7	4.6592E-7	28	67	0	2.81E-6	1.7984E-6
28	68	0	6.12E-6	3.9168E-6	28	69	0	1.051E-5	6.7264E-6
28	70	0	1.359E-5	8.6976E-6	28	71	0	1.196E-5	7.6544E-6
28	72	0	9.5E-6	6.08E-6	28	73	0	4.86E-6	3.1104E-6
28	74	0	1.86E-6	1.1904E-6	28	75	0	4.24E-7	2.7136E-7
28	76	0	7.98E-8	5.1072E-8	28	77	0	1.14921E-8	7.35493E-9
28	78	0	9.72E-10	6.2208E-10	28	79	0	6.17177E-11	3.94993E-11
28	80	0	3.67E-12	2.3488E-12	29	66	0	3.85E-8	2.464E-8
29	67	0	3.21E-7	2.0544E-7	29	68	0	2.67E-7	1.7088E-7
29	68	1	1.22E-6	7.808E-7	29	69	0	5.34E-6	3.4176E-6
29	70	0	2.15E-6	1.376E-6	29	70	1	1.217E-5	7.7888E-6
29	71	0	2.666E-5	1.70624E-5	29	72	0	4.439E-5	2.84096E-5
29	73	0	4.842E-5	3.09888E-5	29	74	0	4.026E-5	2.57664E-5
29	75	0	2.032E-5	1.30048E-5	29	76	0	8.6E-6	5.504E-6
29	77	0	2.82E-6	1.8048E-6	29	78	0	5.64E-7	3.6096E-7
29	79	0	8.95383E-8	5.73045E-8	29	80	0	1.19E-8	7.616E-9
29	81	0	9.21E-10	5.8944E-10	29	82	0	4.74E-11	3.0336E-11
30	66	0	2.44E-10	1.5616E-10	30	67	0	4.63E-9	2.9632E-9
30	68	0	4.77E-8	3.0528E-8	30	69	0	4.14E-8	2.6496E-8
30	69	1	3.35E-7	2.144E-7	30	70	0	2.17E-6	1.3888E-6
30	71	0	9.55E-7	6.112E-7	30	71	1	7.72E-6	4.9408E-6
30	72	0	3.01E-5	1.9264E-5	30	73	0	6.802E-5	4.35328E-5
30	74	0	1.1771E-4	7.53344E-5	30	75	0	1.2518E-4	8.01152E-5
30	76	0	1.137E-4	7.2768E-5	30	77	0	8.155E-5	5.2192E-5
30	78	0	3.713E-5	2.37632E-5	30	79	0	1.336E-5	8.5504E-6
30	80	0	4.16E-6	2.6624E-6	30	81	0	7.63E-7	4.8832E-7
30	82	0	9.61E-8	6.1504E-8	30	83	0	7.84E-9	5.0176E-9
30	84	0	3.52E-10	2.2528E-10	30	85	0	3.017E-11	1.93088E-11
30	86	0	2.39E-13	1.5296E-13	31	66	0	1.71E-13	1.0944E-13
31	67	0	7.53E-12	4.8192E-12	31	68	0	1.79E-10	1.1456E-10
31	69	0	3.23E-9	2.0672E-9	31	70	0	4.2E-8	2.688E-8
31	71	0	3.81E-7	2.4384E-7	31	72	1	1.435E-6	9.184E-7
31	72	0	1.435E-6	9.184E-7	31	73	0	1.385E-5	8.864E-6
31	74	1	2.5135E-5	1.60864E-5	31	74	0	2.5135E-5	1.60864E-5
31	75	0	1.11E-4	7.104E-5	31	76	0	2.0902E-4	1.33773E-4
31	77	0	3.1324E-4	2.00474E-4	31	78	0	3.0853E-4	1.97459E-4
31	79	0	2.3997E-4	1.53581E-4	31	80	0	1.6816E-4	1.07622E-4
31	81	0	7.067E-5	4.52288E-5	31	82	0	2.119E-5	1.35616E-5
31	83	0	4.17E-6	2.6688E-6	31	84	0	4.76E-7	3.0464E-7
31	85	0	4.37698E-8	2.80127E-8	31	86	0	2.14E-9	1.3696E-9
31	87	0	1.19165E-10	7.62655E-11	32	68	0	7.32E-14	4.6848E-14
32	69	0	3.09E-12	1.9776E-12	32	70	0	9.32E-11	5.9648E-11
32	71	0	9.94E-10	6.3616E-10	32	71	1	9.94E-10	6.3616E-10
32	72	0	3.41E-8	2.1824E-8	32	73	0	3.28E-7	2.0992E-7
32	73	1	4.05E-8	2.592E-8	32	74	0	2.94E-6	1.8816E-6
32	75	0	1.12E-6	7.168E-7	32	75	1	1.291E-5	8.2624E-6
32	76	0	5.599E-5	3.58336E-5	32	77	0	1.6296E-4	1.04294E-4
32	77	1	1.227E-5	7.8528E-6	32	78	0	3.647E-4	2.33408E-4
32	79	1	2.9463E-4	1.88563E-4	32	79	0	2.9463E-4	1.88563E-4
32	80	0	8.8443E-4	5.66035E-4	32	81	0	8.1049E-4	5.18714E-4
32	82	0	5.5202E-4	3.53293E-4	32	83	0	2.5188E-4	1.61203E-4
32	84	0	7.093E-5	4.53952E-5	32	85	0	1.634E-5	1.04576E-5
32	86	0	2.03E-6	1.2992E-6	32	87	0	1.72881E-7	1.10644E-7
32	88	0	9.6E-9	6.144E-9	32	89	0	4.86303E-10	3.11234E-10
32	90	0	9.24272E-11	5.91534E-11	33	71	0	1.13E-12	7.232E-13
33	72	0	4.54E-11	2.9056E-11	33	73	0	1.14E-9	7.296E-10
33	74	0	3.75E-9	2.4E-9	33	74	1	1.71E-8	1.0944E-8
33	75	0	2.25E-7	1.44E-7	33	76	0	2.0E-6	1.28E-6
33	77	0	1.365E-5	8.736E-6	33	78	0	6.214E-5	3.97696E-5
33	79	0	2.1139E-4	1.3529E-4	33	80	0	6.7275E-4	4.3056E-4
33	81	0	0.00130178	8.33139E-4	33	82	0	9.6146E-4	6.15334E-4
33	82	1	9.6146E-4	6.15334E-4	33	83	0	0.00193091	0.00123578
33	84	1	6.36615E-4	4.07434E-4	33	84	0	6.36615E-4	4.07434E-4
33	85	0	7.0349E-4	4.50234E-4	33	86	0	2.1378E-4	1.36819E-4
33	87	0	4.534E-5	2.90176E-5	33	88	0	6.37E-6	4.0768E-6
33	89	0	7.05514E-7	4.51529E-7	33	90	0	1.34091E-7	8.58181E-8
33	91	0	1.70826E-9	1.09329E-9	33	92	0	1.15721E-10	7.40613E-11
34	73	0	3.37E-13	2.1568E-13	34	73	1	4.16E-14	2.6624E-14
34	74	0	1.63E-11	1.0432E-11	34	75	0	4.08E-10	2.6112E-10
34	76	0	8.38E-9	5.3632E-9	34	77	0	1.05E-8	6.72E-9
34	77	1	1.2E-7	7.68E-8	34	78	0	1.37E-6	8.768E-7
34	79	0	9.56E-6	6.1184E-6	34	79	1	7.2E-7	4.608E-7
34	80	0	7.244E-5	4.63616E-5	34	81	0	2.433E-5	1.55712E-5
34	81	1	2.7985E-4	1.79104E-4	34	82	0	9.7694E-4	6.25242E-4
34	83	0	0.00188243	0.00120476	34	83	1	2.3267E-4	1.48909E-4
34	84	0	0.00305687	0.0019564	34	85	0	0.001963	0.00125632
34	85	1	0.00195393	0.00125052	34	86	0	0.00276331	0.00176852
34	87	0	0.00139571	8.93254E-4	34	88	0	4.764E-4	3.04896E-4
34	89	0	1.308E-4	8.3712E-5	34	90	0	2.14058E-5	1.36997E-5
34	91	0	2.47829E-6	1.58611E-6	34	92	0	1.67884E-7	1.07446E-7
34	93	0	4.78037E-9	3.05944E-9	34	94	0	2.71E-10	1.7344E-10
34	96	0	1.04E-13	6.656E-14	35	75	0	7.92E-14	5.0688E-14
35	77	0	1.95E-11	1.248E-11	35	77	1	1.2E-10	7.68E-11
35	78	0	3.46E-9	2.2144E-9	35	79	0	8.38E-9	5.3632E-9
35	79	1	5.15E-8	3.296E-8	35	80	0	1.47E-7	9.408E-8
35	80	1	8.31E-7	5.3184E-7	35	81	0	9.37E-6	5.9968E-6
35	82	0	5.638E-5	3.60832E-5	35	82	1	1.238E-5	7.9232E-6
35	83	0	3.3292E-4	2.13069E-4	35	84	0	2.4691E-4	1.58022E-4
35	84	1	8.7542E-4	5.60269E-4	35	85	0	0.00316232	0.00202388
35	86	0	0.00249609	0.0015975	35	86	1	0.00249549	0.00159711
35	87	0	0.00568366	0.00363754	35	88	0	0.00446219	0.0028558
35	89	0	0.00288658	0.00184741	35	90	0	0.00114582	7.33325E-4
35	91	0	3.24E-4	2.0736E-4	35	92	0	5.619E-5	3.59616E-5
35	93	0	6.93522E-6	4.43854E-6	35	94	0	5.86E-7	3.7504E-7
35	95	0	1.57394E-8	1.00732E-8	35	96	0	1.47E-9	9.408E-10
35	97	0	1.05389E-10	6.74486E-11	36	77	0	1.57E-14	1.0048E-14
36	78	0	9.42E-13	6.0288E-13	36	79	1	1.91E-11	1.2224E-11
36	79	0	1.91E-11	1.2224E-11	36	80	0	1.49E-9	9.536E-10
36	81	0	3.14E-8	2.0096E-8	36	81	1	2.36E-9	1.5104E-9
36	82	0	5.91E-7	3.7824E-7	36	83	0	5.99E-6	3.8336E-6
36	83	1	7.41E-7	4.7424E-7	36	84	0	5.461E-5	3.49504E-5
36	85	0	3.2196E-4	2.06054E-4	36	85	1	3.979E-5	2.54656E-5
36	86	0	0.00131179	8.39546E-4	36	87	0	0.00323303	0.00206914
36	88	0	0.00572552	0.00257648	36	89	0	0.00853592	0.00546299
36	90	0	0.00778062	0.0049796	36	91	0	0.00513827	0.00328849
36	92	0	0.00217738	0.00139352	36	93	0	6.5679E-4	4.20346E-4
36	94	0	1.3803E-4	8.83392E-5	36	95	0	2.28343E-5	1.46139E-5
36	96	0	2.18E-6	1.3952E-6	36	97	0	1.52895E-7	9.78525E-8
36	98	0	7.68E-9	4.9152E-9	36	99	0	7.84859E-10	5.0231E-10
36	100	0	7.11E-12	4.5504E-12	37	81	0	1.31E-11	8.384E-12
37	83	0	1.56E-8	9.984E-9	37	84	0	3.18E-7	2.0352E-7
37	85	0	5.21E-6	3.3344E-6	37	86	1	9.6E-6	6.144E-6
37	86	0	9.6E-6	6.144E-6	37	87	0	2.9493E-4	1.88755E-4
37	88	0	0.0013251	8.48064E-4	37	89	0	0.00374224	0.00239503
37	90	0	8.3724E-4	5.35834E-4	37	90	1	0.00677327	0.00433489
37	91	0	0.0112559	0.0036019	37	92	0	0.0110082	0.00352262
37	93	0	0.00768398	0.00491775	37	94	0	0.00382759	0.00244966
37	95	0	0.00150346	9.62214E-4	37	96	0	3.5439E-4	2.2681E-4
37	97	0	6.119E-5	3.91616E-5	37	98	0	7.61E-6	4.8704E-6
37	99	0	1.13865E-6	7.28736E-7	37	100	0	4.24E-8	2.7136E-8
37	101	0	1.9149E-9	1.22554E-9	37	102	0	1.46029E-10	9.34583E-11
38	83	0	3.88E-12	2.4832E-12	38	84	0	2.03E-10	1.2992E-10
38	85	1	4.235E-9	2.7104E-9	38	85	0	4.235E-9	2.7104E-9
38	86	0	1.88E-7	1.2032E-7	38	87	0	2.68E-6	1.7152E-6
38	87	1	3.31E-7	2.1184E-7	38	88	0	3.224E-5	2.06336E-5
38	89	0	2.2394E-4	1.43322E-4	38	90	0	0.00106311	6.8039E-4
38	91	0	0.00360435	0.00230678	38	92	0	0.00798505	0.00255522
38	93	0	0.0125273	0.00400873	38	94	0	0.014106	0.00451391
38	95	0	0.0124772	0.00399271	38	96	0	0.00690636	0.00442007
38	97	0	0.00280695	0.00179645	38	98	0	8.3746E-4	5.35974E-4
38	99	0	1.81771E-4	1.16333E-4	38	100	0	2.692E-5	1.72288E-5
38	101	0	2.77808E-6	1.77797E-6	38	102	0	2.11854E-7	1.35587E-7
38	103	0	7.11545E-9	4.55389E-9	38	104	0	3.73E-10	2.3872E-10
39	85	0	1.47E-12	9.408E-13	39	87	0	3.44E-9	2.2016E-9
39	88	0	9.32E-8	5.9648E-8	39	89	0	1.78E-7	1.1392E-7
39	89	1	1.44E-6	9.216E-7	39	90	1	9.465E-6	6.0576E-6
39	90	0	9.465E-6	6.0576E-6	39	91	1	7.831E-5	5.01184E-5
39	91	0	7.831E-5	5.01184E-5	39	92	0	8.3093E-4	5.31795E-4
39	93	1	0.00149848	9.59027E-4	39	93	0	0.00149848	9.59027E-4
39	94	0	0.00758562	0.00341353	39	95	0	0.0147559	0.00472188
39	96	0	0.00110037	7.04237E-4	39	96	1	0.0172391	0.00551652
39	97	1	0.00831271	0.00532013	39	97	0	0.00831271	0.00532013
39	98	0	0.00564893	0.00361531	39	98	1	0.00564882	0.00361524
39	99	0	0.00563045	0.00360349	39	100	0	0.00192939	0.00123481
39	101	0	4.7252E-4	3.02413E-4	39	102	0	8.447E-5	5.40608E-5
39	103	0	1.03229E-5	6.60665E-6	39	104	0	8.64E-7	5.5296E-7
39	105	0	2.2538E-8	1.44243E-8	39	106	0	2.25242E-9	1.44155E-9
39	107	0	3.74515E-10	2.39689E-10	40	87	0	4.14E-13	2.6496E-13
40	88	0	2.9E-11	1.856E-11	40	89	0	1.29E-9	8.256E-10
40	90	1	1.92E-8	1.2288E-8	40	90	0	1.92E-8	1.2288E-8
40	91	0	7.89E-7	5.0496E-7	40	92	0	1.075E-5	6.88E-6
40	93	0	9.433E-5	6.03712E-5	40	94	0	5.8965E-4	3.77376E-4
40	95	0	0.00251759	0.00161126	40	96	0	0.00710962	0.00455016
40	97	0	0.0141812	0.00326168	40	98	0	0.0211558	0.00676985
40	99	0	0.0229292	0.00733736	40	100	0	0.0173712	0.00555878
40	101	0	0.00960364	0.00614633	40	102	0	0.00387565	0.00248042
40	103	0	0.00111342	7.12589E-4	40	104	0	2.1714E-4	1.3897E-4
40	105	0	3.26975E-5	2.09264E-5	40	106	0	3.26775E-6	2.09136E-6
40	107	0	5.43335E-7	3.47734E-7	40	108	0	1.4E-8	8.96E-9
40	109	0	7.7836E-10	4.9815E-10	40	110	0	1.91E-11	1.2224E-11
41	89	0	1.08E-13	6.912E-14	41	90	0	8.34E-12	5.3376E-12
41	91	0	4.41E-10	2.8224E-10	41	92	0	1.57E-8	1.0048E-8
41	93	0	3.09E-7	1.9776E-7	41	93	1	3.82E-8	2.4448E-8
41	94	0	4.0E-6	2.56E-6	41	94	1	1.41E-6	9.024E-7
41	95	0	4.83E-5	3.0912E-5	41	95	1	5.97E-6	3.8208E-6
41	96	0	1.5246E-4	4.87872E-5	41	97	0	0.00156706	0.00100292
41	97	1	1.9341E-4	1.23782E-4	41	98	0	0.00491587	0.00314616
41	98	1	8.6761E-4	5.5527E-4	41	99	0	0.00108728	6.95859E-4
41	99	1	0.0125034	0.0040011	41	100	0	0.0110854	0.00354731
41	100	1	0.0110854	0.00354731	41	101	0	0.0264893	0.00847658
41	102	1	0.0114763	0.00734481	41	102	0	0.0114763	0.00734481
41	103	0	0.014718	0.00470978	41	104	1	0.00320541	0.00205147
41	104	0	0.00320541	0.00205147	41	105	0	0.00219988	0.00140792
41	106	0	4.9746E-4	3.18374E-4	41	107	0	8.67363E-5	5.55112E-5
41	108	0	1.134E-5	7.2576E-6	41	109	0	1.12922E-6	7.22702E-7
41	110	0	8.11E-8	5.1904E-8	41	111	0	5.95135E-9	3.80886E-9
41	112	0	1.79092E-9	1.14619E-9	41	113	0	6.84193E-10	4.37883E-10
41	114	0	1.02633E-10	6.56853E-11	42	91	0	2.57E-14	1.6448E-14
42	92	0	2.42E-12	1.5488E-12	42	93	1	6.9E-11	4.416E-11
42	93	0	6.9E-11	4.416E-11	42	94	0	5.52E-9	3.5328E-9
42	95	0	1.37E-7	8.768E-8	42	96	0	1.68E-6	1.0752E-6
42	97	0	2.699E-5	1.72736E-5	42	98	0	2.1054E-4	1.34746E-4
42	99	0	0.00112538	7.20243E-4	42	100	0	0.00408868	0.00261676
42	101	0	0.0106744	0.00341582	42	102	0	0.0195874	0.00626797
42	103	0	0.0270578	0.00865851	42	104	0	0.0250974	0.00803118
42	105	0	0.0186481	0.00596738	42	106	0	0.00912123	0.00583759
42	107	0	0.0035286	0.0022583	42	108	0	0.00102901	6.58566E-4
42	109	0	2.2856E-4	1.46278E-4	42	110	0	3.692E-5	2.36288E-5
42	111	0	8.63405E-6	5.52579E-6	42	112	0	2.59821E-6	1.66285E-6
42	113	0	9.926071E-7	6.35269E-7	42	114	0	1.48897E-7	9.52943E-8
42	115	0	4.38836E-9	2.80855E-9	42	116	0	7.77E-9	4.9728E-9
42	117	0	3.08648E-10	1.97535E-10	43	95	0	3.33E-11	2.1312E-11
43	95	1	4.11E-12	2.6304E-12	43	97	1	2.345E-8	1.5008E-8
43	97	0	2.345E-8	1.5008E-8	43	98	0	9.03E-7	5.7792E-7
43	99	0	1.023E-5	6.5472E-6	43	99	1	1.26E-6	8.064E-7
43	100	0	9.79E-5	6.2656E-5	43	101	0	5.8765E-4	3.76096E-4
43	102	0	0.00118947	7.61261E-4	43	102	1	0.00118947	7.61261E-4
43	103	0	0.00724524	0.00463695	43	104	0	0.014314	0.0045805
43	105	0	0.0224714	0.00719085	43	106	0	0.0228356	0.0073074
43	107	0	0.0185591	0.00593891	43	108	0	0.0115645	0.00370063
43	109	0	0.00548096	0.00350781	43	110	0	0.00192292	0.00123067
43	111	0	7.5043E-4	4.80275E-4	43	112	0	3.5532E-4	2.27405E-4
43	113	0	1.58457E-4	1.01412E-4	43	114	0	4.887E-5	3.12768E-5
43	115	0	6.36651E-6	4.07456E-6	43	116	0	5.89E-6	3.7696E-6
43	117	0	4.47778E-7	2.86578E-7	43	118	0	2.16288E-9	1.38424E-9
43	119	0	4.02267E-11	2.57451E-11	44	97	0	8.7E-12	5.568E-12
44	98	0	4.21E-10	2.6944E-10	44	99	0	1.31E-8	8.384E-9
44	100	0	2.71E-7	1.7344E-7	44	101	0	3.9E-6	2.496E-6
44	102	0	3.65E-5	2.336E-5	44	103	0	2.584E-4	1.65376E-4
44	104	0	0.00117601	7.52646E-4	44	105	0	0.00390067	0.00249643
44	106	0	0.00835254	0.00534563	44	107	0	0.0141258	0.00452025
44	108	0	0.0182282	0.00583301	44	109	1	0.00882895	0.00565053
44	109	0	0.00882895	0.00565053	44	110	0	0.0128285	0.00410511
44	111	0	0.00809951	0.00518369	44	112	0	0.00587954	0.00376291
44	113	0	0.00398563	0.0025508	44	114	0	0.00185493	0.00118716
44	115	0	0.00101633	6.50451E-4	44	116	0	5.0118E-4	3.20755E-4
44	117	0	7.14819E-5	4.57484E-5	44	118	0	3.13784E-6	2.00822E-6
44	119	0	5.83598E-8	3.73503E-8	44	120	0	4.49E-10	2.8736E-10
44	122	0	1.11E-14	7.104E-15	45	99	0	1.58E-12	1.0112E-12
45	101	0	3.13E-10	2.0032E-10	45	101	1	2.53E-9	1.6192E-9
45	102	0	3.17E-8	2.0288E-8	45	102	1	3.17E-8	2.0288E-8
45	103	0	8.63E-8	5.5232E-8	45	103	1	9.93E-7	6.3552E-7
45	104	0	1.73E-6	1.1072E-6	45	104	1	9.78E-6	6.2592E-6
45	105	0	8.163E-5	5.22432E-5	45	105	1	6.14E-6	3.9296E-6
45	106	0	2.138E-4	1.36832E-4	45	106	1	2.138E-4	1.36832E-4
45	107	0	0.00151872	9.71981E-4	45	108	0	0.00208747	0.00133598
45	108	1	0.00208748	0.00133599	45	109	0	0.00415213	0.00265736
45	109	1	0.00415314	0.00265801	45	110	0	0.00614097	0.00393022
45	110	1	0.00614097	0.00276344	45	111	0	0.0122861	0.00393154
45	112	0	0.0133631	0.0042762	45	113	0	0.0133527	0.00427285
45	114	0	0.0091957	0.00588525	45	115	0	0.00738849	0.00472863
45	116	0	0.00530112	0.00339272	45	117	0	0.00207987	0.00133112
45	118	0	3.3133E-4	2.12051E-4	45	119	0	2.379E-5	1.52256E-5
45	120	0	7.43E-7	4.7552E-7	45	121	0	8.06E-9	5.1584E-9
45	122	0	2.19E-10	1.4016E-10	45	123	0	3.87E-11	2.4768E-11
45	124	0	6.42E-12	4.1088E-12	46	101	0	2.18E-13	1.3952E-13
46	102	0	1.18E-11	7.552E-12	46	103	0	4.92E-10	3.1488E-10
46	104	0	1.26E-8	8.064E-9	46	105	0	2.23E-7	1.4272E-7
46	106	0	2.54E-6	1.6256E-6	46	107	0	4.38E-6	2.8032E-6
46	107	1	1.646E-5	1.05344E-5	46	108	0	1.2594E-4	8.06016E-5
46	109	0	1.1314E-4	7.24096E-5	46	109	1	4.2563E-4	2.72403E-4
46	110	0	0.0016817	0.00107629	46	111	0	5.6814E-4	3.6361E-4
46	111	1	0.00152974	1.68271E-4	46	112	0	0.00443578	0.0028389
46	113	0	0.00673579	0.00303111	46	114	0	0.00660358	0.00422629
46	115	0	0.00763691	0.00488762	46	116	0	0.00788827	0.00504849
46	117	0	0.00798843	0.00511259	46	118	0	0.0042917	0.00274669
46	119	0	0.00111494	7.13562E-4	46	120	0	1.3461E-4	8.61504E-5
46	121	0	6.11E-6	3.9104E-6	46	122	0	4.54E-7	2.9056E-7
46	123	0	1.26E-7	8.064E-8	46	124	0	3.34E-8	2.1376E-8
46	125	0	7.41E-9	4.7424E-9	46	126	0	1.92E-9	1.2288E-9
46	127	0	3.32008E-10	2.12485E-10	46	128	0	6.97E-12	4.4608E-12
47	103	0	2.34E-14	1.4976E-14	47	105	0	4.97E-12	3.1808E-12
47	105	1	5.72E-11	3.6608E-11	47	106	0	2.99E-10	1.9136E-10
47	106	1	1.36E-9	8.704E-10	47	107	0	2.54E-9	1.6256E-9
47	107	1	2.92E-8	1.8688E-8	47	108	1	2.22E-7	1.4208E-7
47	108	0	2.22E-7	1.4208E-7	47	109	1	2.125E-6	1.36E-6
47	109	0	2.125E-6	1.36E-6	47	110	0	5.28E-6	3.3792E-6
47	110	1	2.404E-5	1.53856E-5	47	111	0	6.26E-6	4.0064E-6
47	111	1	7.2E-5	4.608E-5	47	112	0	1.9421E-4	1.24294E-4
47	113	0	3.528E-5	2.25792E-5	47	113	1	4.0575E-4	2.5968E-4
47	114	0	6.6938E-4	4.28403E-4	47	115	0	5.6623E-4	3.62387E-4
47	115	1	5.6623E-4	3.62387E-4	47	116	0	8.5161E-4	5.4503E-4
47	116	1	8.5161E-4	5.4503E-4	47	117	0	0.00223436	0.00142999
47	117	1	0.00223436	0.00142999	47	118	0	0.00386981	0.00247668
47	118	1	0.00386981	0.00247668	47	119	0	0.0067351	0.00431046
47	120	1	0.00145536	9.31434E-4	47	120	0	0.00145536	9.31434E-4
47	121	0	5.1948E-4	3.32467E-4	47	122	1	5.122E-5	3.27808E-5
47	122	0	5.122E-5	3.27808E-5	47	123	0	4.396E-5	2.81344E-5
47	124	0	1.858E-5	1.18912E-5	47	125	0	6.42E-6	4.1088E-6
47	126	0	2.66E-6	1.7024E-6	47	127	0	4.81668E-7	3.08267E-7
47	128	0	2.96E-8	1.8944E-8	47	129	0	3.80225E-9	2.43344E-9
47	130	0	1.87E-10	1.1968E-10	48	106	0	1.14E-13	7.296E-14
48	107	0	5.13E-12	3.2832E-12	48	108	0	1.69E-10	1.0816E-10
48	109	0	3.71E-9	2.3744E-9	48	110	0	5.82E-8	3.7248E-8
48	111	0	3.69E-8	2.3616E-8	48	111	1	2.27E-7	1.4528E-7
48	112	0	1.04E-6	6.656E-7	48	113	0	5.08E-7	3.2512E-7
48	113	1	3.12E-6	1.9968E-6	48	114	0	8.47E-6	5.4208E-6
48	115	0	3.01E-6	1.9264E-6	48	115	1	1.848E-5	1.18272E-5
48	116	0	4.825E-5	3.088E-5	48	117	0	4.875E-5	3.12E-5
48	117	1	2.9946E-4	1.91654E-4	48	118	0	0.00203314	0.00130121
48	119	0	0.00292948	0.00187487	48	119	1	0.00292948	0.00187487
48	120	0	0.00850994	0.00544636	48	121	1	0.00274735	0.0017583
48	121	0	0.00274735	0.0017583	48	122	0	0.00272513	0.00174408
48	123	0	0.00177704	0.00113731	48	124	0	0.00117146	7.49734E-4
48	125	0	6.207E-4	3.97248E-4	48	126	0	4.053E-4	2.59392E-4
48	127	0	1.1596E-4	7.42144E-5	48	128	0	1.349E-5	8.6336E-6
48	129	0	5.5162E-6	3.53037E-6	48	130	0	4.95E-7	3.168E-7
48	131	0	2.84E-8	1.8176E-8	48	132	0	5.88E-10	3.7632E-10
48	134	0	2.46E-13	1.5744E-13	49	109	0	3.41E-13	2.1824E-13
49	111	0	9.61E-11	6.1504E-11	49	112	0	6.65E-11	4.256E-11
49	112	1	5.38E-10	3.4432E-10	49	113	0	2.95E-9	1.888E-9
49	113	1	3.65E-10	2.336E-10	49	114	0	1.81E-9	1.1584E-9
49	114	1	1.03E-8	6.592E-9	49	115	0	4.15E-8	2.656E-8
49	115	1	5.13E-9	3.2832E-9	49	116	2	5.30667E-8	3.39627E-8
49	116	0	5.30667E-8	3.39627E-8	49	116	1	5.30667E-8	3.39627E-8
49	117	0	2.97E-6	1.9008E-6	49	117	1	3.67E-7	2.3488E-7
49	118	2	5.325E-6	3.408E-6	49	118	0	6.034E-5	3.86176E-5
49	118	1	5.325E-6	3.408E-6	49	119	0	6.4611E-4	4.1351E-4
49	119	1	7.986E-5	5.11104E-5	49	120	2	0.00121137	7.75279E-4
49	120	0	0.00121137	7.75279E-4	49	120	1	0.00121137	7.75279E-4
49	121	0	0.00727701	0.00465729	49	121	1	8.9941E-4	5.75622E-4
49	122	2	0.00242003	0.00154882	49	122	0	0.00484006	0.00309764
49	122	1	0.00242003	0.00154882	49	123	0	0.00831844	0.0053238
49	123	1	0.00102812	6.57997E-4	49	124	1	0.00467601	0.00299265
49	124	0	0.00467601	0.00299265	49	125	0	0.00370636	0.00237207
49	125	1	0.00370636	0.00237207	49	126	1	0.00371575	0.00237808
49	126	0	0.00371575	0.00237808	49	127	0	0.00164187	0.0010508
49	127	1	0.00164187	0.0010508	49	128	1	3.51445E-4	2.24925E-4
49	128	0	3.51445E-4	2.24925E-4	49	129	0	3.3151E-4	2.12166E-4
49	129	1	3.3151E-4	2.12166E-4	49	130	2	4.728E-5	3.02592E-5
49	130	1	4.728E-5	3.02592E-5	49	130	0	4.728E-5	3.02592E-5
49	131	1	1.0055E-5	6.4352E-6	49	131	0	1.0055E-5	6.4352E-6
49	132	0	1.09E-6	6.976E-7	49	133	0	8.42E-8	5.3888E-8
49	134	0	3.18E-9	2.0352E-9	49	135	0	1.20542E-10	7.71471E-11
49	136	0	1.46E-12	9.344E-13	50	112	0	3.69E-14	2.3616E-14
50	113	1	1.595E-13	1.0208E-13	50	113	0	1.595E-13	1.0208E-13
50	114	0	1.83E-12	1.1712E-12	50	115	0	1.08E-11	6.912E-12
50	116	0	5.67E-11	3.6288E-11	50	117	1	1.78E-9	1.1392E-9
50	117	0	1.78E-9	1.1392E-9	50	118	0	2.91E-7	1.8624E-7
50	119	0	1.59E-6	1.0176E-6	50	119	1	9.79E-6	6.2656E-6
50	120	0	2.1278E-4	1.36179E-4	50	121	0	3.1778E-4	2.03379E-4
50	121	1	0.00144765	9.26496E-4	50	122	0	0.00501368	0.00320875
50	123	0	0.00582982	0.00373108	50	123	1	0.00127972	8.19021E-4
50	124	0	0.010639	0.00478755	50	125	0	0.01015	0.00324801
50	125	1	0.00222806	0.00142596	50	126	0	0.0186159	0.00595709
50	127	0	0.0101418	0.00324537	50	127	1	0.00222624	0.00142479
50	128	1	0.00234087	0.00149816	50	128	0	0.00234087	0.00149816
50	129	0	0.00795753	0.00509282	50	129	1	0.00174604	0.00111747
50	130	1	0.00237356	0.00151908	50	130	0	0.00237356	0.00151908
50	131	1	8.02175E-4	5.13392E-4	50	131	0	8.02175E-4	5.13392E-4
50	132	0	2.1998E-4	1.40787E-4	50	133	0	4.378E-5	2.80192E-5
50	134	0	4.3E-6	2.752E-6	50	135	0	1.74879E-7	1.11923E-7
50	136	0	1.31E-8	8.384E-9	50	137	0	3.19E-10	2.0416E-10
50	138	0	7.57E-12	4.8448E-12	51	117	0	4.01E-13	2.5664E-13
51	118	0	3.38E-11	2.1632E-11	51	118	1	9.62E-11	6.1568E-11
51	119	0	2.02E-8	1.2928E-8	51	120	0	3.92E-7	2.5088E-7
51	120	1	1.11E-6	7.104E-7	51	121	0	5.001E-5	3.20064E-5
51	122	0	1.0804E-4	6.91456E-5	51	122	1	2.521E-4	1.61344E-4
51	123	0	7.6552E-4	4.89933E-4	51	124	2	5.80767E-4	3.71691E-4
51	124	0	5.80767E-4	3.71691E-4	51	124	1	5.80767E-4	3.71691E-4
51	125	0	0.00300673	0.00192431	51	126	2	0.0020435	0.00130784
51	126	0	0.0048412	7.74592E-4	51	126	1	0.0020435	0.00130784
51	127	0	0.00678677	0.00305405	51	128	0	0.0128865	7.73191E-4
51	128	1	0.00866094	0.005543	51	129	0	0.0196446	0.00628626
51	130	0	0.0119211	0.00381476	51	130	1	0.00899311	0.00575559
51	131	0	0.0159734	0.0051115	51	132	0	0.00205734	0.0013167
51	132	1	0.0032179	0.00205946	51	133	0	0.00258997	0.00165758
51	134	1	3.20215E-4	2.04938E-4	51	134	0	3.20215E-4	2.04938E-4
51	135	0	6.547E-5	4.19008E-5	51	136	0	1.243E-5	7.9552E-6
51	137	0	7.57E-7	4.8448E-7	51	138	0	4.42E-8	2.8288E-8
51	139	0	1.67E-9	1.0688E-9	51	140	0	1.21231E-10	7.7588E-11
52	119	0	3.84E-12	2.4576E-12	52	120	0	1.18E-9	7.552E-10
52	121	1	8.25E-8	5.28E-8	52	121	0	8.25E-8	5.28E-8
52	122	0	3.16E-6	2.0224E-6	52	123	0	1.45E-6	9.28E-7
52	123	1	8.89E-6	5.6896E-6	52	124	0	3.676E-5	2.35264E-5
52	125	0	1.352E-5	8.6528E-6	52	125	1	8.305E-5	5.3152E-5
52	126	0	3.83E-4	2.4512E-4	52	127	0	1.191E-4	7.6224E-5
52	127	1	5.4255E-4	3.47232E-4	52	128	0	0.00209536	0.00134103
52	129	0	0.00104434	6.68378E-4	52	129	1	0.00475754	0.00304483
52	130	0	0.0133847	0.00602312	52	131	0	0.00403902	0.00258497
52	131	1	0.0184	0.005888	52	132	0	0.0169978	0.00271965
52	133	0	0.00350539	0.00224345	52	133	1	0.015969	0.00511009
52	134	0	0.0115001	0.00368003	52	135	0	0.00281832	0.00180372
52	136	0	0.00131067	8.38829E-4	52	137	0	1.9444E-4	1.24442E-4
52	138	0	2.743E-5	1.75552E-5	52	139	0	2.53E-6	1.6192E-6
52	140	0	1.75879E-7	1.12562E-7	52	141	0	5.44163E-9	3.48264E-9
52	142	0	2.86E-10	1.8304E-10	53	121	0	5.88E-11	3.7632E-11
53	123	0	1.57E-8	1.0048E-8	53	125	0	3.63E-7	2.3232E-7
53	126	0	2.28E-6	1.4592E-6	53	127	0	6.22E-6	3.9808E-6
53	128	0	3.653E-5	2.33792E-5	53	129	0	2.295E-4	1.4688E-4
53	130	0	0.00653505	0.00294077	53	130	1	2.1636E-4	1.3847E-4
53	131	0	0.00456718	0.002923	53	132	1	0.00716821	0.00458765
53	132	0	0.00716821	0.00458765	53	133	1	0.0104583	0.00669329
53	133	0	0.0104583	0.00669329	53	134	0	0.0110169	0.0035254
53	134	1	0.0172318	0.00551418	53	135	0	0.015726	0.00172986
53	136	0	0.00848873	0.00543279	53	136	1	0.00848613	0.00543112
53	137	0	0.00586123	0.00375119	53	138	0	0.00192422	0.0012315
53	139	0	4.201E-4	2.68864E-4	53	140	0	6.711E-5	4.29504E-5
53	141	0	7.89456E-6	5.05252E-6	53	142	0	6.34E-7	4.0576E-7
53	143	0	1.28808E-8	8.24372E-9	53	144	0	1.14343E-9	7.31796E-10
53	145	0	6.24754E-11	3.99843E-11	54	125	1	7.4E-11	4.736E-11
54	125	0	7.4E-11	4.736E-11	54	126	0	1.49E-9	9.536E-10
54	127	1	3.245E-9	2.0768E-9	54	127	0	3.245E-9	2.0768E-9
54	128	0	7.26E-8	4.6464E-8	54	129	1	5.35E-7	3.424E-7
54	129	0	5.35E-7	3.424E-7	54	130	0	1.338E-5	8.5632E-6
54	131	0	2.14E-5	1.3696E-5	54	131	1	9.747E-5	6.23808E-5
54	132	0	8.2191E-4	5.26022E-4	54	133	0	5.7951E-4	3.70886E-4
54	133	1	0.00263905	0.00168899	54	134	0	0.00182413	0.00116744
54	134	1	0.00830992	0.00531835	54	135	0	0.0102418	0.00460882
54	135	1	0.0160416	0.00513332	54	136	0	0.030617	0.00979746
54	137	0	0.0233845	0.00748304	54	138	0	0.0169679	0.00542974
54	139	0	0.00836176	0.00535153	54	140	0	0.00295125	0.0018888
54	141	0	7.9745E-4	5.10368E-4	54	142	0	1.5264E-4	9.76896E-5
54	143	1	9.34356E-6	5.97988E-6	54	143	0	9.34356E-6	5.97988E-6
54	144	0	1.65886E-6	1.06167E-6	54	145	0	9.06375E-8	5.8008E-8
54	146	0	3.66E-9	2.3424E-9	54	147	0	2.86336E-10	1.83255E-10
54	148	0	1.51E-12	9.664E-13	55	127	0	7.14E-13	4.5696E-13
55	129	0	5.48E-10	3.5072E-10	55	131	0	3.67E-7	2.3488E-7
55	132	0	6.853E-5	1.57619E-5	55	133	0	6.567E-5	4.20288E-5
55	134	1	0.00113277	7.24973E-4	55	134	0	0.00113277	7.24973E-4
55	135	1	0.0012432	7.95651E-4	55	135	0	0.0012432	7.95651E-4
55	136	1	0.00624317	0.00399563	55	136	0	0.00624317	0.00399563
55	137	0	0.0135989	0.00435165	55	138	0	0.0106297	0.0034015
55	138	1	0.0106305	0.00244501	55	139	0	0.0226261	0.00724035
55	140	0	0.0168024	0.00537678	55	141	0	0.00991774	0.00634735
55	142	0	0.00432246	0.00276637	55	143	0	0.00125717	8.04589E-4
55	144	0	2.7052E-4	1.73133E-4	55	145	0	3.7E-5	2.368E-5
55	146	0	3.7E-6	2.368E-6	55	147	0	4.15407E-7	2.65861E-7
55	148	0	1.01E-8	6.464E-9	55	149	0	3.58872E-10	2.29678E-10
55	150	0	6.15E-12	3.936E-12	56	129	0	2.92E-14	1.8688E-14
56	131	0	1.22E-10	7.808E-11	56	132	0	3.89E-8	2.4896E-8
56	133	0	1.49E-7	9.536E-8	56	134	0	8.03E-6	5.1392E-6
56	135	1	1.644E-5	1.05216E-5	56	135	0	1.644E-5	1.05216E-5
56	136	1	1.7943E-4	1.14835E-4	56	136	0	1.7943E-4	1.14835E-4
56	137	0	2.1108E-4	1.35091E-4	56	137	1	9.6157E-4	6.15405E-4
56	138	0	0.00384416	0.00246026	56	139	0	0.00894272	0.00572334
56	140	0	0.0137986	0.00317369	56	141	0	0.0172113	0.00550763
56	142	0	0.0162759	0.00520829	56	143	0	0.0106552	0.00340966
56	144	0	0.0052743	0.00337555	56	145	0	0.00173372	0.00110958
56	146	0	4.1635E-4	2.66464E-4	56	147	0	6.63143E-5	4.24412E-5
56	148	0	7.16E-6	4.5824E-6	56	149	0	5.20641E-7	3.3321E-7
56	150	0	2.8E-8	1.792E-8	56	151	0	7.0259E-10	4.49658E-10
56	152	0	1.99E-11	1.2736E-11	57	133	0	3.62E-11	2.3168E-11
57	135	0	5.35E-8	3.424E-8	57	137	0	1.172E-5	7.5008E-6
57	138	0	9.012E-5	5.76768E-5	57	139	0	4.7826E-4	3.06086E-4
57	140	0	0.00167888	0.00107448	57	141	0	0.00435478	0.00278706
57	142	0	0.00892999	0.0040185	57	143	0	0.0128416	0.00410931
57	144	0	0.0139986	0.00447956	57	145	0	0.010474	0.0033517
57	146	1	0.00286618	0.00183436	57	146	0	0.00286618	0.00183436
57	147	0	0.00218711	0.00139975	57	148	0	5.7074E-4	3.65274E-4
57	149	0	1.0072E-4	6.44608E-5	57	150	0	1.362E-5	8.7168E-6
57	151	0	1.0193E-6	6.5235E-7	57	152	0	6.18E-8	3.9552E-8
57	153	0	2.48E-9	1.5872E-9	57	154	0	7.1E-11	4.544E-11
58	135	0	9.27E-12	5.9328E-12	58	137	0	1.31E-8	8.384E-9
58	138	0	2.44E-7	1.5616E-7	58	139	0	5.59E-7	3.5776E-7
58	139	1	2.54E-6	1.6256E-6	58	140	0	2.461E-5	1.57504E-5
58	141	0	1.456E-4	9.3184E-5	58	142	0	6.8124E-4	4.35994E-4
58	143	0	0.00223155	0.00142819	58	144	0	0.00542666	0.00347306
58	145	0	0.00911156	0.0058314	58	146	0	0.0109524	0.00350476
58	147	0	0.00944814	0.00604681	58	148	0	0.0056821	0.00363654
58	149	0	0.00231717	0.00148299	58	150	0	7.5604E-4	4.83866E-4
58	151	0	1.3654E-4	8.73856E-5	58	152	0	2.068E-5	1.32352E-5
58	153	0	2.05E-6	1.312E-6	58	154	0	1.44E-7	9.216E-8
58	155	0	5.76E-9	3.6864E-9	58	156	0	2.01E-10	1.2864E-10
58	157	0	3.97E-12	2.5408E-12	58	158	0	8.02E-14	5.1328E-14
59	139	0	2.22E-9	1.4208E-9	59	140	0	4.09E-8	2.6176E-8
59	141	0	5.8E-7	3.712E-7	59	142	1	3.19E-6	2.0416E-6
59	142	0	3.19E-6	2.0416E-6	59	143	0	5.021E-5	3.21344E-5
59	144	0	1.7E-5	1.088E-5	59	144	1	2.6638E-4	1.70483E-4
59	145	0	0.00112899	7.22554E-4	59	146	0	0.0030508	0.00195251
59	147	0	0.00592828	0.0037941	59	148	1	0.00398952	0.00255329
59	148	0	0.00398952	0.00255329	59	149	0	0.00718216	0.00459658
59	150	0	0.00535424	0.00342671	59	151	0	0.00221357	0.00141668
59	152	0	8.0147E-4	5.12941E-4	59	153	0	1.9023E-4	1.21747E-4
59	154	0	3.17E-5	2.0288E-5	59	155	0	3.06E-6	1.9584E-6
59	156	0	2.61E-7	1.6704E-7	59	157	0	1.26E-8	8.064E-9
59	158	0	6.14E-10	3.9296E-10	59	159	0	2.13E-11	1.3632E-11
59	160	0	4.1E-13	2.624E-13	60	140	0	7.25E-12	4.64E-12
60	141	0	2.47E-10	1.5808E-10	60	142	0	6.66E-9	4.2624E-9
60	143	0	1.3E-7	8.32E-8	60	144	0	1.8E-6	1.152E-6
60	145	0	1.77E-5	1.1328E-5	60	146	0	1.1338E-4	7.25632E-5
60	147	0	5.2201E-4	3.34086E-4	60	148	0	0.00162474	0.00103983
60	149	0	0.00325532	0.0020834	60	150	0	0.00542945	0.00347485
60	151	0	0.0049438	0.00316403	60	152	0	0.00405234	0.0025935
60	153	0	0.00218158	0.00139621	60	154	0	8.26E-4	5.2864E-4
60	155	0	1.8502E-4	1.18413E-4	60	156	0	3.718E-5	2.37952E-5
60	157	0	4.31E-6	2.7584E-6	60	158	0	4.97E-7	3.1808E-7
60	159	0	4.11E-8	2.6304E-8	60	160	0	1.91E-9	1.2224E-9
60	161	0	6.74E-11	4.3136E-11	60	162	0	1.46E-12	9.344E-13
60	163	0	2.56E-14	1.6384E-14	61	141	0	1.1E-14	7.04E-15
61	143	0	3.62E-11	2.3168E-11	61	144	0	1.26E-9	8.064E-10
61	145	0	3.15E-8	2.016E-8	61	146	0	4.97E-7	3.1808E-7
61	147	0	5.64E-6	3.6096E-6	61	148	0	7.78E-6	4.9792E-6
61	148	1	3.544E-5	2.26816E-5	61	149	0	2.0234E-4	1.29498E-4
61	150	0	7.8922E-4	5.05101E-4	61	151	0	0.00160385	0.00102646
61	152	2	7.41605E-4	4.74627E-4	61	152	0	0.00148322	9.49261E-4
61	152	1	7.41605E-4	4.74627E-4	61	153	0	0.00349896	0.00223933
61	154	0	0.00143866	9.20742E-4	61	154	1	0.00143866	9.20742E-4
61	155	0	0.00141915	9.08256E-4	61	156	0	6.4101E-4	4.10246E-4
61	157	0	1.7055E-4	1.09152E-4	61	158	0	4.51E-5	2.8864E-5
61	159	0	8.68E-6	5.5552E-6	61	160	0	9.49E-7	6.0736E-7
61	161	0	7.79E-8	4.9856E-8	61	162	0	3.96E-9	2.5344E-9
61	163	0	1.68E-10	1.0752E-10	61	164	0	5.54E-12	3.5456E-12
61	165	0	1.08E-13	6.912E-14	62	144	0	9.2E-14	5.888E-14
62	145	0	5.96E-12	3.8144E-12	62	146	0	2.37E-10	1.5168E-10
62	147	0	6.88E-9	4.4032E-9	62	148	0	1.33E-7	8.512E-8
62	149	0	1.56E-6	9.984E-7	62	150	0	1.466E-5	9.3824E-6
62	151	0	7.317E-5	4.68288E-5	62	152	0	3.0681E-4	1.96358E-4
62	153	0	8.1877E-4	5.24013E-4	62	154	0	0.00146183	9.35571E-4
62	155	0	0.00156053	9.98739E-4	62	156	0	0.00151433	4.84586E-4
62	157	0	8.7951E-4	5.62886E-4	62	158	0	5.0687E-4	3.24397E-4
62	159	0	2.1709E-4	1.38938E-4	62	160	0	5.381E-5	3.44384E-5
62	161	0	9.98E-6	6.3872E-6	62	162	0	1.16E-6	7.424E-7
62	163	0	1.16E-7	7.424E-8	62	164	0	8.96E-9	5.7344E-9
62	165	0	4.11E-10	2.6304E-10	62	166	0	1.64E-11	1.0496E-11
62	167	0	3.84E-13	2.4576E-13	63	147	0	8.88E-13	5.6832E-13
63	149	0	1.3E-9	8.32E-10	63	151	0	3.82E-7	2.4448E-7
63	152	2	1.32E-6	8.448E-7	63	152	0	1.32E-6	8.448E-7
63	152	1	1.32E-6	8.448E-7	63	153	0	2.446E-5	1.56544E-5
63	154	1	5.1445E-5	3.29248E-5	63	154	0	5.1445E-5	3.29248E-5
63	155	0	2.4455E-4	1.56512E-4	63	156	0	5.2024E-4	3.32954E-4
63	157	0	6.563E-4	4.20032E-4	63	158	0	7.9897E-4	5.11341E-4
63	159	0	7.2729E-4	4.65466E-4	63	160	0	3.8873E-4	2.48787E-4
63	161	0	1.5533E-4	9.94112E-5	63	162	0	3.971E-5	2.54144E-5
63	163	0	9.07E-6	5.8048E-6	63	164	0	1.59E-6	1.0176E-6
63	165	0	1.68E-7	1.0752E-7	63	166	0	1.55E-8	9.92E-9
63	167	0	8.51E-10	5.4464E-10	63	168	0	4.3E-11	2.752E-11
63	169	0	1.31E-12	8.384E-13	63	170	0	2.85E-14	1.824E-14
64	149	0	1.14E-13	7.296E-14	64	151	0	2.18E-10	1.3952E-10
64	152	0	5.78E-9	3.6992E-9	64	153	0	8.81E-8	5.6384E-8
64	154	0	8.85E-7	5.664E-7	64	155	0	5.24E-6	3.3536E-6
64	156	0	2.461E-5	1.57504E-5	64	157	0	8.11E-5	5.1904E-5
64	158	0	1.8299E-4	1.17114E-4	64	159	0	3.5553E-4	2.27539E-4
64	160	0	4.0181E-4	2.57158E-4	64	161	0	3.3317E-4	2.13229E-4
64	162	0	1.7841E-4	1.14182E-4	64	163	0	8.85E-5	5.664E-5
64	164	0	3.365E-5	2.1536E-5	64	165	0	7.85E-6	5.024E-6
64	166	0	1.63E-6	1.0432E-6	64	167	0	2.05E-7	1.312E-7
64	168	0	2.39E-8	1.5296E-8	64	169	0	1.73E-9	1.1072E-9
64	170	0	8.84E-11	5.6576E-11	64	171	0	3.61E-12	2.3104E-12
64	172	0	1.05E-13	6.72E-14	65	151	0	1.3E-14	8.32E-15
65	153	0	3.43E-11	2.1952E-11	65	155	0	1.22E-8	7.808E-9
65	156	0	1.29E-7	8.256E-8	65	156	1	8.23E-9	5.2672E-9
65	157	0	1.07E-6	6.848E-7	65	158	0	5.19E-6	3.3216E-6
65	158	1	3.31E-7	2.1184E-7	65	159	0	2.218E-5	1.41952E-5
65	160	0	3.03E-5	1.3635E-5	65	161	0	1.0432E-4	6.67648E-5
65	162	0	5.82E-5	3.7248E-5	65	162	1	5.82E-5	3.7248E-5
65	163	0	1.2196E-4	7.80544E-5	65	164	0	9.65E-5	6.176E-5
65	165	0	4.743E-5	3.03552E-5	65	166	0	2.116E-5	1.35424E-5
65	167	0	5.8E-6	3.712E-6	65	168	0	1.51E-6	9.664E-7
65	169	0	2.53E-7	1.6192E-7	65	170	0	2.96E-8	1.8944E-8
65	171	0	2.79E-9	1.7856E-9	65	172	0	1.91E-10	1.2224E-10
66	155	0	3.02E-12	1.9328E-12	66	156	0	8.37E-11	5.3568E-11
66	157	0	1.6E-9	1.024E-9	66	158	0	1.94E-8	1.2416E-8
66	159	0	1.83E-7	1.1712E-7	66	160	0	8.48E-7	5.4272E-7
66	161	0	4.37E-6	2.7968E-6	66	162	0	1.067E-5	6.8288E-6
66	163	0	2.434E-5	1.55776E-5	66	164	0	4.042E-5	2.58688E-5
66	165	0	3.837E-5	2.45568E-5	66	165	1	2.89E-6	1.8496E-6
66	166	0	3.815E-5	2.4416E-5	66	167	0	2.185E-5	1.3984E-5
66	168	0	1.204E-5	7.7056E-6	66	169	0	4.45E-6	2.848E-6
66	170	0	1.15E-6	7.36E-7	66	171	0	2.43E-7	1.5552E-7
66	172	0	3.77E-8	2.4128E-8	67	159	0	1.55E-10	9.92E-11
67	159	1	1.17E-11	7.488E-12	67	161	0	2.03E-8	1.2992E-8
67	161	1	1.53E-9	9.792E-10	67	162	0	2.18E-8	1.3952E-8
67	162	1	9.95E-8	6.368E-8	67	163	0	5.9E-7	3.776E-7
67	163	1	4.44E-8	2.8416E-8	67	164	0	4.17E-7	2.6688E-7
67	164	1	1.9E-6	1.216E-6	67	165	0	5.11E-6	3.2704E-6
67	166	0	1.8E-6	1.152E-6	67	166	1	8.22E-6	5.2608E-6
67	167	0	1.199E-5	7.6736E-6	67	168	0	1.37E-5	8.768E-6
67	169	0	1.071E-5	6.8544E-6	67	170	0	2.9E-6	1.856E-6
67	170	1	2.9E-6	1.856E-6	67	171	0	2.62E-6	1.6768E-6
67	172	0	8.85E-7	5.664E-7	68	161	0	1.19E-11	7.616E-12
68	162	0	1.55E-10	9.92E-11	68	163	0	1.91E-9	1.2224E-9
68	164	0	1.61E-8	1.0304E-8	68	165	0	8.01E-8	5.1264E-8
68	166	0	3.5E-7	2.24E-7	68	167	0	8.51E-7	5.4464E-7
68	167	1	6.41E-8	4.1024E-8	68	168	0	2.24E-6	1.4336E-6
68	169	0	3.77E-6	2.4128E-6	68	170	0	4.24E-6	2.7136E-6
68	171	0	3.98E-6	2.5472E-6	68	172	0	2.8E-6	1.792E-6
69	165	0	1.43E-10	9.152E-11	69	166	0	1.44E-9	9.216E-10
69	167	0	8.58E-9	5.4912E-9	69	168	0	4.73E-8	3.0272E-8
69	169	0	1.8E-7	1.152E-7	69	170	0	4.39E-7	2.8096E-7
69	171	0	8.76E-7	5.6064E-7	69	172	0	1.29E-6	8.256E-7
70	166	0	6.41E-13	4.1024E-13	70	167	0	8.95E-12	5.728E-12
70	168	0	1.15E-10	7.36E-11	70	169	0	9.51E-10	6.0864E-10
70	169	1	7.16E-11	4.5824E-11	70	170	0	5.67E-9	3.6288E-9
70	171	0	2.53E-8	1.6192E-8	70	172	0	8.2E-8	5.248E-8
71	169	0	5.94E-13	3.8016E-13	71	169	1	4.47E-14	2.8608E-14
71	171	0	4.27E-11	2.7328E-11	71	171	1	4.27E-11	2.7328E-11
71	172	0	3.17E-10	2.0288E-10	71	172	1	3.17E-10	2.0288E-10
72	171	0	3.11E-14	1.9904E-14	72	172	0	5.41E-13	3.4624E-13