Z	A	FPS	Yield	Uncertainty	Z	A	FPS	Yield	Uncertainty
23	66	0	3.0676E-17	1.96327E-17	23	67	0	2.82263E-18	1.80648E-18
24	66	0	7.44969E-13	4.7678E-13	24	67	0	5.67972E-14	3.63502E-14
24	69	0	1.03826E-16	6.64486E-17	25	66	0	5.15E-10	3.296E-10
25	67	0	1.21E-10	7.744E-11	25	68	0	1.41E-11	9.024E-12
25	69	0	1.4099E-12	9.02334E-13	25	70	0	7.63E-14	4.8832E-14
25	72	0	1.44116E-16	9.2234E-17	26	66	0	2.03E-8	1.2992E-8
26	67	0	1.39E-8	8.896E-9	26	68	0	4.8E-9	3.072E-9
26	69	0	1.47E-9	9.408E-10	26	70	0	2.48E-10	1.5872E-10
26	71	0	3.27E-11	2.0928E-11	26	72	0	3.49986E-12	2.23991E-12
26	73	0	1.93E-13	1.2352E-13	26	75	0	4.33713E-16	2.77576E-16
27	66	0	5.95E-8	3.808E-8	27	67	0	1.06E-7	6.784E-8
27	68	0	9.89E-8	6.3296E-8	27	69	0	8.58E-8	5.4912E-8
27	70	0	4.24E-8	2.7136E-8	27	71	0	1.68E-8	1.0752E-8
27	72	0	5.55E-9	3.552E-9	27	73	0	9.58E-10	6.1312E-10
27	74	0	9.7E-11	6.208E-11	27	75	0	5.88957E-12	3.76932E-12
27	76	0	2.77E-13	1.7728E-13	27	77	0	8.39832E-15	5.37492E-15
28	66	0	1.51E-8	9.664E-9	28	67	0	6.83E-8	4.3712E-8
28	68	0	1.61E-7	1.0304E-7	28	69	0	3.55E-7	2.272E-7
28	70	0	4.63E-7	2.9632E-7	28	71	0	5.06E-7	3.2384E-7
28	72	0	4.78E-7	3.0592E-7	28	73	0	2.45E-7	1.568E-7
28	74	0	7.54E-8	4.8256E-8	28	75	0	1.42E-8	9.088E-9
28	76	0	2.1E-9	1.344E-9	28	77	0	1.68992E-10	1.08155E-10
28	78	0	1.04E-11	6.656E-12	28	79	0	2.70242E-13	1.72955E-13
29	66	0	2.75E-10	1.76E-10	29	67	0	3.5E-9	2.24E-9
29	68	0	6.69E-9	4.2816E-9	29	68	1	1.56E-8	9.984E-9
29	69	0	1.28E-7	8.192E-8	29	70	0	1.05E-7	6.72E-8
29	70	1	3.15E-7	2.016E-7	29	71	0	1.16E-6	7.424E-7
29	72	0	2.82E-6	1.8048E-6	29	73	0	3.86E-6	2.4704E-6
29	74	0	3.33E-6	2.1312E-6	29	75	0	1.82E-6	1.1648E-6
29	76	0	8.05E-7	5.152E-7	29	77	0	2.0E-7	1.28E-7
29	78	0	3.8E-8	2.432E-8	29	79	0	3.66973E-9	2.34863E-9
29	80	0	2.23E-10	1.4272E-10	29	81	0	7.39E-12	4.7296E-12
29	82	0	1.88E-13	1.2032E-13	29	83	0	1.08333E-14	6.93333E-15
30	66	0	2.8E-13	1.792E-13	30	67	0	1.09E-11	6.976E-12
30	68	0	2.07E-10	1.3248E-10	30	69	0	6.51E-10	4.1664E-10
30	69	1	2.77E-9	1.7728E-9	30	70	0	3.13E-8	2.0032E-8
30	71	0	4.35E-8	2.784E-8	30	71	1	1.86E-7	1.1904E-7
30	72	0	1.43E-6	9.152E-7	30	73	0	4.93E-6	3.1552E-6
30	74	0	1.074E-5	6.8736E-6	30	75	0	1.532E-5	9.8048E-6
30	76	0	1.846E-5	1.18144E-5	30	77	0	1.299E-5	8.3136E-6
30	78	0	7.28E-6	4.6592E-6	30	79	0	2.13E-6	1.3632E-6
30	80	0	4.11E-7	2.6304E-7	30	81	0	4.39E-8	2.8096E-8
30	82	0	3.65E-9	2.336E-9	30	83	0	2.17989E-10	1.39513E-10
30	84	0	5.45E-12	3.488E-12	30	85	0	2.15015E-13	1.3761E-13
31	68	0	1.03E-13	6.592E-14	31	69	0	5.27E-12	3.3728E-12
31	70	0	1.46E-10	9.344E-11	31	71	0	3.15E-9	2.016E-9
31	72	1	2.8E-8	1.792E-8	31	72	0	2.8E-8	1.792E-8
31	73	0	5.28E-7	3.3792E-7	31	74	1	1.51E-6	9.664E-7
31	74	0	1.51E-6	9.664E-7	31	75	0	1.092E-5	6.9888E-6
31	76	0	3.307E-5	2.11648E-5	31	77	0	5.945E-5	3.8048E-5
31	78	0	8.828E-5	5.64992E-5	31	79	0	7.13E-5	4.5632E-5
31	80	0	4.078E-5	2.60992E-5	31	81	0	1.335E-5	8.544E-6
31	82	0	3.49E-6	2.2336E-6	31	83	0	6.87E-7	4.3968E-7
31	84	0	5.75E-8	3.68E-8	31	85	0	2.91978E-9	1.86866E-9
31	86	0	7.54E-11	4.8256E-11	31	87	0	1.22248E-12	7.82385E-13
31	88	0	4.027E-14	2.57728E-14	32	70	0	3.53E-14	2.2592E-14
32	71	0	1.19E-12	7.616E-13	32	71	1	1.19E-12	7.616E-13
32	72	0	1.3E-10	8.32E-11	32	73	0	2.98E-9	1.9072E-9
32	73	1	7.0E-10	4.48E-10	32	74	0	6.14E-8	3.9296E-8
32	75	0	8.11E-8	5.1904E-8	32	75	1	5.43E-7	3.4752E-7
32	76	0	5.08E-6	3.2512E-6	32	77	0	2.053E-5	1.31392E-5
32	77	1	3.07E-6	1.9648E-6	32	78	0	8.835E-5	5.6544E-5
32	79	1	8.994E-5	5.75616E-5	32	79	0	8.994E-5	5.75616E-5
32	80	0	2.728E-4	1.74592E-4	32	81	0	2.4701E-4	1.58086E-4
32	82	0	1.8694E-4	1.19642E-4	32	83	0	1.1389E-4	7.28896E-5
32	84	0	3.049E-5	1.95136E-5	32	85	0	4.91E-6	3.1424E-6
32	86	0	4.22E-7	2.7008E-7	32	87	0	2.45988E-8	1.57432E-8
32	88	0	9.7796E-10	6.25894E-10	32	89	0	1.78934E-11	1.14518E-11
32	90	0	1.18701E-12	7.59684E-13	33	72	0	1.52E-14	9.728E-15
33	73	0	1.36E-12	8.704E-13	33	74	0	2.11E-11	1.3504E-11
33	74	1	4.92E-11	3.1488E-11	33	75	0	2.18E-9	1.3952E-9
33	76	0	5.27E-8	3.3728E-8	33	77	0	7.05E-7	4.512E-7
33	78	0	7.3E-6	4.672E-6	33	79	0	3.936E-5	2.51904E-5
33	80	0	1.5627E-4	1.00013E-4	33	81	0	3.6431E-4	2.33158E-4
33	82	0	3.591E-4	2.29824E-4	33	82	1	3.591E-4	2.29824E-4
33	83	0	0.00121097	7.75021E-4	33	84	1	4.70785E-4	3.01302E-4
33	84	0	4.70785E-4	3.01302E-4	33	85	0	4.4818E-4	2.86835E-4
33	86	0	1.2104E-4	7.74656E-5	33	87	0	2.216E-5	1.41824E-5
33	88	0	2.91E-6	1.8624E-6	33	89	0	2.42982E-7	1.55509E-7
33	90	0	1.33557E-8	8.54767E-9	33	91	0	6.41055E-11	4.10275E-11
33	92	0	2.64349E-12	1.69184E-12	33	93	0	3.4071E-13	2.18055E-13
34	75	0	3.9E-13	2.496E-13	34	76	0	2.96E-11	1.8944E-11
34	77	0	1.59E-10	1.0176E-10	34	77	1	1.06E-9	6.784E-10
34	78	0	3.82E-8	2.4448E-8	34	79	0	5.27E-7	3.3728E-7
34	79	1	7.88E-8	5.0432E-8	34	80	0	7.01E-6	4.4864E-6
34	81	0	5.93E-6	3.7952E-6	34	81	1	3.967E-5	2.53888E-5
34	82	0	2.3995E-4	1.53568E-4	34	83	0	8.7004E-4	5.56826E-4
34	83	1	2.0408E-4	1.30611E-4	34	84	0	0.00225754	0.00101589
34	85	0	0.0013887	8.88768E-4	34	85	1	0.00138367	8.85549E-4
34	86	0	0.00212031	0.001357	34	87	0	0.00112227	7.18253E-4
34	88	0	4.5513E-4	2.91283E-4	34	89	0	1.1822E-4	7.56608E-5
34	90	0	1.61066E-5	1.03083E-5	34	91	0	1.28994E-6	8.25559E-7
34	92	0	6.41974E-8	4.10863E-8	34	93	0	6.8558E-9	4.38771E-9
34	94	0	5.75E-11	3.68E-11	34	95	0	3.00308E-12	1.92197E-12
35	77	0	2.43E-14	1.5552E-14	35	77	1	8.14E-14	5.2096E-14
35	78	0	1.04E-11	6.656E-12	35	79	0	1.19E-10	7.616E-11
35	79	1	3.97E-10	2.5408E-10	35	80	0	4.71E-9	3.0144E-9
35	80	1	1.41E-8	9.024E-9	35	81	0	3.77E-7	2.4128E-7
35	82	0	4.14E-6	2.6496E-6	35	82	1	1.78E-6	1.1392E-6
35	83	0	7.785E-5	4.9824E-5	35	84	0	1.6125E-4	1.032E-4
35	84	1	2.8666E-4	1.83462E-4	35	85	0	0.00143301	9.17126E-4
35	86	0	0.00148622	9.51181E-4	35	86	1	0.00149043	9.53875E-4
35	87	0	0.00410116	0.00262474	35	88	0	0.00459311	0.00293959
35	89	0	0.00336415	0.00215306	35	90	0	0.00138914	8.8905E-4
35	91	0	3.4936E-4	2.2359E-4	35	92	0	5.623E-5	3.59872E-5
35	93	0	4.62314E-6	2.95881E-6	35	94	0	5.54E-7	3.5456E-7
35	95	0	4.07801E-8	2.60993E-8	35	96	0	6.64E-10	4.2496E-10
35	97	0	1.01873E-11	6.51988E-12	35	98	0	2.92761E-13	1.87367E-13
36	79	1	1.075E-14	6.88E-15	36	79	0	1.075E-14	6.88E-15
36	80	0	2.57E-12	1.6448E-12	36	81	0	1.45E-10	9.28E-11
36	81	1	2.16E-11	1.3824E-11	36	82	0	8.33E-9	5.3312E-9
36	83	0	2.88E-7	1.8432E-7	36	83	1	6.76E-8	4.3264E-8
36	84	0	6.34E-6	4.0576E-6	36	85	0	4.959E-5	3.17376E-5
36	85	1	1.163E-5	7.4432E-6	36	86	0	3.5465E-4	2.26976E-4
36	87	0	0.00129418	8.28275E-4	36	88	0	0.00372453	0.0023837
36	89	0	0.00712091	0.00227869	36	90	0	0.00813886	0.00130222
36	91	0	0.00579391	9.27026E-4	36	92	0	0.0027695	3.04645E-4
36	93	0	7.0445E-4	4.50848E-4	36	94	0	2.6908E-4	1.72211E-4
36	95	0	4.07492E-5	2.60795E-5	36	96	0	3.39E-6	2.1696E-6
36	97	0	2.0499E-7	1.31193E-7	36	98	0	7.10971E-9	4.55021E-9
36	99	0	4.41392E-11	2.82491E-11	36	100	0	1.76E-12	1.1264E-12
37	83	0	8.36E-11	5.3504E-11	37	84	0	4.93E-9	3.1552E-9
37	85	0	1.51E-7	9.664E-8	37	86	1	1.385E-6	8.864E-7
37	86	0	1.385E-6	8.864E-7	37	87	0	3.046E-5	1.94944E-5
37	88	0	2.5691E-4	1.64422E-4	37	89	0	0.00144827	9.26893E-4
37	90	0	8.2542E-4	5.28269E-4	37	90	1	0.00353678	0.00226354
37	91	0	0.0101709	0.00650941	37	92	0	0.0132019	0.0042246
37	93	0	0.0121101	0.00387523	37	94	0	0.00765746	0.00490077
37	95	0	0.00341774	0.00218735	37	96	0	8.922E-4	5.71008E-4
37	97	0	1.6905E-4	1.08192E-4	37	98	0	1.873E-5	1.19872E-5
37	99	0	5.99385E-7	3.83606E-7	37	100	0	5.23E-8	3.3472E-8
37	101	0	3.35933E-10	2.14997E-10	37	102	0	1.5441E-11	9.88222E-12
37	103	0	2.12668E-12	1.36107E-12	38	84	0	1.88E-13	1.2032E-13
38	85	1	9.4E-12	6.016E-12	38	85	0	9.4E-12	6.016E-12
38	86	0	1.15E-9	7.36E-10	38	87	0	3.27E-8	2.0928E-8
38	87	1	7.68E-9	4.9152E-9	38	88	0	1.1E-6	7.04E-7
38	89	0	1.843E-5	1.17952E-5	38	90	0	1.7066E-4	1.09222E-4
38	91	0	0.00120989	7.7433E-4	38	92	0	0.00472956	0.00302692
38	93	0	0.0116015	0.00371247	38	94	0	0.0166163	0.00531722
38	95	0	0.0195913	0.00626921	38	96	0	0.014436	0.00461951
38	97	0	0.00787941	0.00504282	38	98	0	0.00261637	0.00167448
38	99	0	5.98931E-4	3.83316E-4	38	100	0	7.578E-5	4.84992E-5
38	101	0	6.75966E-6	4.32618E-6	38	102	0	3.74985E-7	2.3999E-7
38	103	0	4.27932E-8	2.73877E-8	38	104	0	1.78E-10	1.1392E-10
38	105	0	5.94579E-12	3.80531E-12	39	87	0	2.66E-12	1.7024E-12
39	88	0	2.43E-10	1.5552E-10	39	89	0	2.49E-9	1.5936E-9
39	89	1	1.06E-8	6.784E-9	39	90	1	1.98E-7	1.2672E-7
39	90	0	1.98E-7	1.2672E-7	39	91	1	4.13E-6	2.6432E-6
39	91	0	4.13E-6	2.6432E-6	39	92	0	9.714E-5	6.21696E-5
39	93	1	3.74155E-4	2.39459E-4	39	93	0	3.74155E-4	2.39459E-4
39	94	0	0.00313721	0.00200781	39	95	0	0.00969687	0.006206
39	96	0	0.0018878	0.00120819	39	96	1	0.0169903	0.0054369
39	97	1	0.0133681	0.00855561	39	97	0	0.0133681	0.00855561
39	98	0	0.0119085	0.00381073	39	98	1	0.0119081	0.0038106
39	99	0	0.0157304	0.00503373	39	100	0	0.00600175	0.00384112
39	101	0	0.00163075	0.00104368	39	102	0	2.9136E-4	1.8647E-4
39	103	0	2.88572E-5	1.84686E-5	39	104	0	1.61E-6	1.0304E-6
39	105	0	8.07404E-8	5.16739E-8	39	106	0	2.05879E-10	1.31763E-10
39	107	0	1.33311E-11	8.53192E-12	39	108	0	1.48645E-13	9.51328E-14
40	89	0	4.56E-13	2.9184E-13	40	90	1	2.325E-11	1.488E-11
40	90	0	2.325E-11	1.488E-11	40	91	0	3.23E-9	2.0672E-9
40	92	0	1.25E-7	8.0E-8	40	93	0	3.11E-6	1.9904E-6
40	94	0	4.083E-5	2.61312E-5	40	95	0	3.7082E-4	2.37325E-4
40	96	0	0.00207727	0.00132945	40	97	0	0.00788184	0.00504438
40	98	0	0.0182316	0.00583412	40	99	0	0.0318249	0.010184
40	100	0	0.032766	0.0104851	40	101	0	0.024396	0.00780672
40	102	0	0.0128515	0.00411247	40	103	0	0.00403638	0.00258328
40	104	0	7.3836E-4	4.7255E-4	40	105	0	8.06793E-5	5.16347E-5
40	106	0	4.99979E-6	3.19987E-6	40	107	0	2.6825E-7	1.7168E-7
40	108	0	3.60985E-9	2.3103E-9	40	109	0	3.74068E-11	2.39403E-11
40	110	0	2.08E-13	1.3312E-13	41	91	0	6.11E-14	3.9104E-14
41	92	0	8.0E-12	5.12E-12	41	93	0	5.4E-10	3.456E-10
41	93	1	1.27E-10	8.128E-11	41	94	0	1.71E-8	1.0944E-8
41	94	1	1.19E-8	7.616E-9	41	95	0	6.77E-7	4.3328E-7
41	95	1	1.59E-7	1.0176E-7	41	96	0	1.49E-5	9.536E-6
41	97	0	1.3739E-4	8.79296E-5	41	97	1	3.223E-5	2.06272E-5
41	98	0	8.4695E-4	5.42048E-4	41	98	1	2.8232E-4	1.80685E-4
41	99	0	4.4423E-4	2.84307E-4	41	99	1	0.00510821	0.00326925
41	100	0	0.00772055	0.00494115	41	100	1	0.00772055	0.00494115
41	101	0	0.0296351	0.00948323	41	102	1	0.0207471	0.0132782
41	102	0	0.0207471	0.0132782	41	103	0	0.0367431	0.0117578
41	104	1	0.00995239	0.00636953	41	104	0	0.00995239	0.00636953
41	105	0	0.00696034	0.00445462	41	106	0	0.00139358	8.91891E-4
41	107	0	1.80892E-4	1.15771E-4	41	108	0	1.139E-5	7.2896E-6
41	109	0	5.07963E-7	3.25096E-7	41	110	0	8.64E-9	5.5296E-9
42	94	0	1.01E-12	6.464E-13	42	95	0	9.51E-11	6.0864E-11
42	96	0	5.66E-9	3.6224E-9	42	97	0	2.06E-7	1.3184E-7
42	98	0	4.3E-6	2.752E-6	42	99	0	6.639E-5	4.24896E-5
42	100	0	5.5842E-4	3.57389E-4	42	101	0	0.00301711	0.00193095
42	102	0	0.0116559	0.00372988	42	103	0	0.0281684	0.00901389
42	104	0	0.0412467	0.013199	42	105	0	0.0409946	0.0131183
42	106	0	0.0238032	0.00761704	42	107	0	0.009176	0.00587264
42	108	0	0.00188831	0.00120852	42	109	0	2.8556E-4	1.82758E-4
42	110	0	1.74E-5	1.1136E-5	42	111	0	4.16E-12	2.6624E-12
42	112	0	3.21E-14	2.0544E-14	42	113	0	4.77122E-16	3.05358E-16
42	115	0	1.31859E-17	8.43897E-18	42	116	0	2.07E-12	1.3248E-12
42	117	0	1.75223E-14	1.12143E-14	43	97	1	6.2E-12	3.968E-12
43	97	0	6.2E-12	3.968E-12	43	98	0	8.43E-10	5.3952E-10
43	99	0	3.5E-8	2.24E-8	43	99	1	8.21E-9	5.2544E-9
43	100	0	1.19E-6	7.616E-7	43	101	0	1.986E-5	1.27104E-5
43	102	0	1.185E-4	7.584E-5	43	102	1	1.185E-4	7.584E-5
43	103	0	0.00174212	0.00111496	43	104	0	0.00738424	0.00472591
43	105	0	0.0208312	0.00666598	43	106	0	0.0326414	0.0104452
43	107	0	0.0335414	0.0107333	43	108	0	0.020085	0.00642722
43	109	0	0.00931275	0.00596016	43	110	0	0.00188012	0.00120328
43	111	0	6.27E-6	4.0128E-6	43	112	0	2.54E-7	1.6256E-7
43	113	0	7.85E-9	5.024E-9	43	114	0	2.18E-10	1.3952E-10
43	115	0	2.16945E-10	1.38845E-10	43	116	0	1.52E-8	9.728E-9
43	117	0	2.37942E-10	1.52283E-10	43	118	0	2.40467E-13	1.53899E-13
43	119	0	4.51223E-15	2.88783E-15	44	99	0	1.37E-12	8.768E-13
44	100	0	1.27E-10	8.128E-11	44	101	0	6.9E-9	4.416E-9
44	102	0	2.71E-7	1.7344E-7	44	103	0	6.63E-6	4.2432E-6
44	104	0	9.082E-5	5.81248E-5	44	105	0	8.1549E-4	5.21914E-4
44	106	0	0.00378207	0.00242052	44	107	0	0.0106656	0.00341298
44	108	0	0.0178074	0.00569836	44	109	1	0.0114622	0.00733578
44	109	0	0.0114622	0.00733578	44	110	0	0.0135779	0.00434492
44	111	0	0.0047964	0.0030697	44	112	0	8.8962E-4	5.69357E-4
44	113	0	1.226E-4	7.8464E-5	44	114	0	1.453E-5	9.2992E-6
44	115	0	2.21978E-6	1.42066E-6	44	116	0	5.68E-6	3.6352E-6
44	117	0	2.37762E-7	1.52168E-7	44	118	0	5.83976E-9	3.73745E-9
44	119	0	9.07955E-11	5.81091E-11	44	120	0	9.09E-13	5.8176E-13
44	121	0	1.05299E-14	6.73911E-15	45	101	0	2.19E-14	1.4016E-14
45	101	1	9.34E-14	5.9776E-14	45	102	0	7.68E-12	4.9152E-12
45	102	1	7.68E-12	4.9152E-12	45	103	0	1.69E-10	1.0816E-10
45	103	1	1.13E-9	7.232E-10	45	104	0	1.52E-8	9.728E-9
45	104	1	4.57E-8	2.9248E-8	45	105	0	1.7E-6	1.088E-6
45	105	1	2.54E-7	1.6256E-7	45	106	0	1.436E-5	9.1904E-6
45	106	1	1.436E-5	9.1904E-6	45	107	0	2.4901E-4	1.59366E-4
45	108	0	6.4532E-4	4.13005E-4	45	108	1	6.4532E-4	4.13005E-4
45	109	0	0.00244615	0.00156554	45	109	1	0.00244638	0.00156568
45	110	0	0.0041833	0.00267731	45	110	1	0.0041833	0.00267731
45	111	0	0.010409	0.00333087	45	112	0	0.00529442	0.00169421
45	113	0	0.00210532	0.0013474	45	114	0	7.6892E-4	4.92109E-4
45	115	0	3.998E-4	2.55872E-4	45	116	0	1.2682E-4	8.11648E-5
45	117	0	2.429E-5	1.55456E-5	45	118	0	2.76E-6	1.7664E-6
45	119	0	1.77E-7	1.1328E-7	45	120	0	7.31E-9	4.6784E-9
45	121	0	1.42989E-10	9.15133E-11	45	122	0	2.66E-12	1.7024E-12
45	123	0	1.78E-14	1.1392E-14	46	103	0	1.21E-14	7.744E-15
46	104	0	1.99E-12	1.2736E-12	46	105	0	2.17E-10	1.3888E-10
46	106	0	1.16E-8	7.424E-9	46	107	0	1.16E-7	7.424E-8
46	107	1	2.15E-7	1.376E-7	46	108	0	5.85E-6	3.744E-6
46	109	0	2.563E-5	1.64032E-5	46	109	1	4.76E-5	3.0464E-5
46	110	0	4.0704E-4	2.60506E-4	46	111	0	4.742E-5	3.03488E-5
46	111	1	8.807E-5	5.63648E-5	46	112	0	2.4558E-4	1.57171E-4
46	113	0	2.9072E-4	1.86061E-4	46	114	0	2.6886E-4	1.7207E-4
46	115	0	3.3432E-4	2.13965E-4	46	116	0	2.2174E-4	1.41914E-4
46	117	0	1.6666E-4	1.06662E-4	46	118	0	7.633E-5	4.88512E-5
46	119	0	1.864E-5	1.19296E-5	46	120	0	2.98E-6	1.9072E-6
46	121	0	2.26E-7	1.4464E-7	46	122	0	1.73E-8	1.1072E-8
46	123	0	4.97E-10	3.1808E-10	47	106	0	6.77E-14	4.3328E-14
47	106	1	1.58E-13	1.0112E-13	47	107	0	2.83E-12	1.8112E-12
47	107	1	1.9E-11	1.216E-11	47	108	1	6.85E-10	4.384E-10
47	108	0	6.85E-10	4.384E-10	47	109	1	3.025E-8	1.936E-8
47	109	0	3.025E-8	1.936E-8	47	110	0	3.58E-7	2.2912E-7
47	110	1	8.35E-7	5.344E-7	47	111	0	1.67E-10	1.0688E-10
47	111	1	1.12E-9	7.168E-10	47	112	0	1.17E-8	7.488E-9
47	113	0	8.07E-9	5.1648E-9	47	113	1	5.4E-8	3.456E-8
47	114	0	2.3E-7	1.472E-7	47	115	0	5.44E-7	3.4816E-7
47	115	1	5.44E-7	3.4816E-7	47	116	0	1.66E-5	1.0624E-5
47	116	1	1.66E-5	1.0624E-5	47	117	0	4.891E-5	3.13024E-5
47	117	1	4.891E-5	3.13024E-5	47	118	0	8.111E-5	5.19104E-5
47	118	1	8.111E-5	5.19104E-5	47	119	0	1.3121E-4	8.39744E-5
47	120	1	3.602E-5	2.30528E-5	47	120	0	3.602E-5	2.30528E-5
47	121	0	1.952E-5	1.24928E-5	47	122	1	2.87E-6	1.8368E-6
47	122	0	2.87E-6	1.8368E-6	47	123	0	6.79E-7	4.3456E-7
47	124	0	6.7E-12	4.288E-12	47	125	0	8.26E-13	5.2864E-13
47	126	0	7.16E-14	4.5824E-14	47	129	0	1.25103E-16	8.0066E-17
47	130	0	3.91E-10	2.5024E-10	47	131	0	7.6529E-12	4.89786E-12
47	132	0	1.70468E-13	1.091E-13	48	108	0	1.54E-14	9.856E-15
48	109	0	2.45E-12	1.568E-12	48	110	0	1.78E-10	1.1392E-10
48	114	0	9.57E-14	6.1248E-14	48	115	0	4.63E-13	2.9632E-13
48	115	1	1.55E-12	9.92E-13	48	116	0	3.35E-7	2.144E-7
48	117	0	1.04E-6	6.656E-7	48	117	1	3.47E-6	2.2208E-6
48	118	0	2.976E-5	1.90464E-5	48	119	0	3.945E-5	2.5248E-5
48	119	1	3.945E-5	2.5248E-5	48	120	0	1.3551E-4	8.67264E-5
48	121	1	5.748E-5	3.67872E-5	48	121	0	5.748E-5	3.67872E-5
48	122	0	1.1515E-4	7.3696E-5	48	123	0	5.082E-5	3.25248E-5
48	124	0	1.8E-6	1.152E-6	48	125	0	7.76E-7	4.9664E-7
48	126	0	2.38E-7	1.5232E-7	48	127	0	5.75E-8	3.68E-8
48	128	0	1.06E-8	6.784E-9	48	129	0	3.05E-9	1.952E-9
48	130	0	1.88E-6	1.2032E-6	48	131	0	1.53992E-7	9.85551E-8
48	132	0	4.13983E-9	2.64949E-9	48	133	0	4.69058E-11	3.00197E-11
48	134	0	3.69E-13	2.3616E-13	49	116	2	6.08E-11	3.8912E-11
49	116	0	6.08E-11	3.8912E-11	49	116	1	6.08E-11	3.8912E-11
49	117	0	1.01E-8	6.464E-9	49	117	1	2.37E-9	1.5168E-9
49	118	2	4.705E-8	3.0112E-8	49	118	0	2.82E-7	1.8048E-7
49	118	1	4.705E-8	3.0112E-8	49	119	0	3.03E-6	1.9392E-6
49	119	1	7.1E-7	4.544E-7	49	120	2	7.3E-6	4.672E-6
49	120	0	7.3E-6	4.672E-6	49	120	1	7.3E-6	4.672E-6
49	121	0	4.722E-5	3.02208E-5	49	121	1	1.108E-5	7.0912E-6
49	122	2	6.08933E-5	3.89717E-5	49	122	0	6.08933E-5	3.89717E-5
49	122	1	6.08933E-5	3.89717E-5	49	123	0	2.1366E-4	1.36742E-4
49	123	1	5.012E-5	3.20768E-5	49	124	1	1.5154E-4	9.69856E-5
49	124	0	1.5154E-4	9.69856E-5	49	125	0	1.9459E-4	1.24538E-4
49	125	1	1.9459E-4	1.24538E-4	49	126	1	1.8589E-4	1.1897E-4
49	126	0	1.8589E-4	1.1897E-4	49	127	0	1.4568E-4	9.32352E-5
49	127	1	1.4568E-4	9.32352E-5	49	128	1	8.948E-5	5.72672E-5
49	128	0	8.948E-5	5.72672E-5	49	129	0	1.0161E-4	6.50304E-5
49	129	1	1.0161E-4	6.50304E-5	49	130	2	1.55597E-4	9.95819E-5
49	130	1	1.55597E-4	9.95819E-5	49	130	0	1.55597E-4	9.95819E-5
49	131	1	6.536E-5	4.18304E-5	49	131	0	6.536E-5	4.18304E-5
49	132	0	1.307E-5	8.3648E-6	49	133	0	6.36953E-7	4.0765E-7
49	134	0	1.73E-8	1.1072E-8	49	135	0	8.99465E-11	5.75657E-11
49	136	0	1.82E-12	1.1648E-12	50	117	1	8.75E-13	5.6E-13
50	117	0	8.75E-13	5.6E-13	50	118	0	2.6E-10	1.664E-10
50	119	0	2.45E-9	1.568E-9	50	119	1	8.19E-9	5.2416E-9
50	120	0	2.41E-7	1.5424E-7	50	121	0	6.63E-7	4.2432E-7
50	121	1	1.62E-6	1.0368E-6	50	122	0	2.47E-5	1.5808E-5
50	123	0	8.404E-5	5.37856E-5	50	123	1	3.433E-5	2.19712E-5
50	124	0	2.4225E-4	1.5504E-4	50	125	0	4.5506E-4	2.91238E-4
50	125	1	1.8587E-4	1.18957E-4	50	126	0	0.00128702	5.79159E-4
50	127	0	0.00158918	0.00101708	50	127	1	6.491E-4	4.15424E-4
50	128	1	0.00163125	0.001044	50	128	0	0.00163125	0.001044
50	129	0	0.0076356	0.00488678	50	129	1	0.00311661	0.00199463
50	130	1	0.00358489	0.00229433	50	130	0	0.00358489	0.00229433
50	131	1	0.00313195	0.00200445	50	131	0	0.00313195	0.00200445
50	132	0	0.00216781	0.0013874	50	133	0	3.9115E-4	2.50336E-4
50	134	0	3.928E-5	2.51392E-5	50	135	0	1.80991E-6	1.15834E-6
50	136	0	5.59E-8	3.5776E-8	50	137	0	1.27E-9	8.128E-10
50	138	0	1.73E-11	1.1072E-11	50	139	0	6.14856E-13	3.93508E-13
51	119	0	1.54E-12	9.856E-13	51	120	0	5.87E-11	3.7568E-11
51	120	1	8.45E-11	5.408E-11	51	121	0	5.3E-9	3.392E-9
51	122	0	1.05E-7	6.72E-8	51	122	1	1.18E-7	7.552E-8
51	123	0	4.05E-6	2.592E-6	51	124	2	2.45333E-7	1.57013E-7
51	124	0	2.45333E-7	1.57013E-7	51	124	1	2.45333E-7	1.57013E-7
51	125	0	5.68E-6	3.6352E-6	51	126	2	9.845E-6	6.3008E-6
51	126	0	1.156E-5	7.3984E-6	51	126	1	9.845E-6	6.3008E-6
51	127	0	1.3777E-4	8.81728E-5	51	128	0	2.5623E-4	1.63987E-4
51	128	1	4.3628E-4	2.79219E-4	51	129	0	0.00376	0.0024064
51	130	0	0.00585168	9.36269E-4	51	130	1	0.00562201	0.00359809
51	131	0	0.0217872	0.00501106	51	132	0	0.0133737	0.00427958
51	132	1	0.0096844	0.00619802	51	133	0	0.0138448	0.00443034
51	134	1	0.00237825	0.00152208	51	134	0	0.00237825	0.00152208
51	135	0	7.6067E-4	4.86829E-4	51	136	0	8.344E-5	5.34016E-5
51	137	0	6.3E-6	4.032E-6	51	138	0	2.88E-7	1.8432E-7
51	139	0	8.34938E-9	5.34361E-9	51	140	0	5.59992E-11	3.58395E-11
51	141	0	4.6132E-12	2.95245E-12	52	121	1	3.11E-13	1.9904E-13
52	121	0	3.11E-13	1.9904E-13	52	122	0	1.07E-10	6.848E-11
52	123	0	1.87E-9	1.1968E-9	52	123	1	6.26E-9	4.0064E-9
52	124	0	1.26E-12	8.064E-13	52	125	0	7.78E-12	4.9792E-12
52	125	1	2.61E-11	1.6704E-11	52	126	0	6.41E-10	4.1024E-10
52	127	0	2.77E-9	1.7728E-9	52	127	1	6.79E-9	4.3456E-9
52	128	0	1.59E-7	1.0176E-7	52	129	0	7.66E-7	4.9024E-7
52	129	1	1.88E-6	1.2032E-6	52	130	0	9.324E-4	5.96736E-4
52	131	0	0.00192258	0.00123045	52	131	1	0.00459064	0.00293801
52	132	0	0.0204443	0.00470219	52	133	0	0.0106419	0.0034054
52	133	1	0.0260543	0.00833739	52	134	0	0.0380246	0.0121679
52	135	0	0.0188996	0.00604787	52	136	0	0.00679731	0.00435028
52	137	0	0.00161131	0.00103124	52	138	0	2.3735E-4	1.51904E-4
52	139	0	2.202E-5	1.40928E-5	52	140	0	1.35994E-6	8.70364E-7
52	141	0	9.28272E-8	5.94094E-8	52	142	0	1.13E-9	7.232E-10
52	143	0	1.13586E-11	7.26947E-12	52	144	0	2.1693E-12	1.38836E-12
53	123	0	8.19E-13	5.2416E-13	53	128	0	1.59E-14	1.0176E-14
53	129	0	1.1E-12	7.04E-13	53	130	0	4.42E-6	2.8288E-6
53	130	1	1.89E-6	1.2096E-6	53	131	0	1.4319E-4	9.16416E-5
53	132	1	0.00122374	7.83194E-4	53	132	0	0.00122374	7.83194E-4
53	133	1	0.00422156	0.0027018	53	133	0	0.00422156	0.0027018
53	134	0	0.014824	0.00474368	53	134	1	0.0108559	0.00347388
53	135	0	0.0363895	0.00582232	53	136	0	0.0190309	0.00608989
53	136	1	0.0190096	0.00608306	53	137	0	0.0254107	0.00813143
53	138	0	0.0110632	0.00354022	53	139	0	0.00307543	0.00196828
53	140	0	5.8559E-4	3.74778E-4	53	141	0	6.25972E-5	4.00622E-5
53	142	0	4.98E-6	3.1872E-6	53	143	0	1.54243E-7	9.87153E-8
53	144	0	2.44082E-8	1.56212E-8	53	145	0	4.17928E-11	2.67474E-11
53	146	0	9.47046E-13	6.06109E-13	54	130	0	2.26E-9	1.4464E-9
54	131	0	5.4E-8	3.456E-8	54	131	1	1.32E-7	8.448E-8
54	132	0	6.85E-6	4.384E-6	54	133	0	1.0758E-4	6.88512E-5
54	133	1	3.3176E-4	2.12326E-4	54	134	0	4.1983E-4	2.68691E-4
54	134	1	9.796E-4	6.26944E-4	54	135	0	0.00415246	0.00265757
54	135	1	0.00629113	0.00402632	54	136	0	0.0183807	0.00588182
54	137	0	0.0321754	0.0102961	54	138	0	0.0374578	0.0119865
54	139	0	0.0279607	0.00307568	54	140	0	0.0149462	0.00164408
54	141	0	0.00456342	5.01976E-4	54	142	0	0.0011332	1.81312E-4
54	143	1	7.70629E-5	4.93202E-5	54	143	0	7.70629E-5	4.93202E-5
54	144	0	2.94356E-5	1.88388E-5	54	145	0	8.40958E-7	5.38213E-7
54	146	0	2.29991E-8	1.47194E-8	54	147	0	4.46207E-11	2.85572E-11
54	148	0	4.89E-12	3.1296E-12	54	149	0	4.5499E-13	2.91194E-13
55	131	0	1.15E-11	7.36E-12	55	132	0	1.61E-9	1.0304E-9
55	133	0	1.24E-7	7.936E-8	55	134	1	2.305E-6	1.4752E-6
55	134	0	2.305E-6	1.4752E-6	55	135	1	4.007E-5	2.56448E-5
55	135	0	4.007E-5	2.56448E-5	55	136	1	2.04755E-4	1.31043E-4
55	136	0	2.04755E-4	1.31043E-4	55	137	0	0.00345049	0.00220831
55	138	0	0.00553986	0.00354551	55	138	1	0.00554068	0.00354604
55	139	0	0.0248847	0.00796312	55	140	0	0.0300806	0.00962579
55	141	0	0.0323554	0.0103537	55	142	0	0.0186895	0.00598065
55	143	0	0.00846607	0.00541828	55	144	0	0.00261351	0.00167265
55	145	0	3.7403E-4	2.39379E-4	55	146	0	3.542E-5	2.26688E-5
55	147	0	6.05923E-7	3.87791E-7	55	148	0	8.65E-8	5.536E-8
55	149	0	6.1785E-9	3.95424E-9	55	150	0	3.32E-11	2.1248E-11
55	151	0	1.03906E-12	6.64996E-13	56	132	0	1.81E-14	1.1584E-14
56	133	0	5.51E-12	3.5264E-12	56	134	0	7.77E-10	4.9728E-10
56	135	1	2.455E-8	1.5712E-8	56	135	0	2.455E-8	1.5712E-8
56	136	1	4.48E-7	2.8672E-7	56	136	0	4.48E-7	2.8672E-7
56	137	0	7.02E-6	4.4928E-6	56	137	1	1.72E-5	1.1008E-5
56	138	0	2.3815E-4	1.52416E-4	56	139	0	0.00197193	0.00126204
56	140	0	0.00513483	0.00328629	56	141	0	0.0149818	0.00479419
56	142	0	0.0227383	0.00727625	56	143	0	0.029393	0.00940576
56	144	0	0.0232167	0.00742933	56	145	0	0.00981215	0.00627978
56	146	0	0.00296788	0.00189944	56	147	0	6.05464E-4	3.87497E-4
56	148	0	7.572E-5	4.84608E-5	56	149	0	6.17382E-6	3.95125E-6
56	150	0	3.2E-7	2.048E-7	56	151	0	2.0908E-8	1.33811E-8
56	152	0	1.69E-10	1.0816E-10	56	153	0	2.47415E-12	1.58346E-12
56	154	0	1.21E-14	7.744E-15	57	135	0	1.47E-12	9.408E-13
57	137	0	8.93E-9	5.7152E-9	57	138	0	2.89E-7	1.8496E-7
57	139	0	5.73E-6	3.6672E-6	57	140	0	0.00336622	0.00107719
57	141	0	4.8826E-4	3.12486E-4	57	142	0	0.00220869	0.00141356
57	143	0	0.00826316	0.00528842	57	144	0	0.0173805	0.00556176
57	145	0	0.0198622	0.00635589	57	146	1	0.00852202	0.00545409
57	146	0	0.00852202	0.00545409	57	147	0	0.00981657	0.0062826
57	148	0	0.00373044	0.00238748	57	149	0	9.1451E-4	5.85286E-4
57	150	0	1.5517E-4	9.93088E-5	57	151	0	1.40991E-5	9.02342E-6
57	152	0	8.91E-7	5.7024E-7	57	153	0	3.35975E-8	2.15024E-8
57	154	0	7.03E-10	4.4992E-10	57	155	0	4.16934E-12	2.66838E-12
57	156	0	1.28469E-13	8.222E-14	58	137	0	1.59E-13	1.0176E-13
58	138	0	1.74E-11	1.1136E-11	58	139	0	3.26E-10	2.0864E-10
58	139	1	7.98E-10	5.1072E-10	58	140	0	3.85E-8	2.464E-8
58	141	0	9.5E-7	6.08E-7	58	142	0	1.396E-5	8.9344E-6
58	143	0	1.5978E-4	1.02259E-4	58	144	0	0.00104674	6.69914E-4
58	145	0	0.00346426	0.00221713	58	146	0	0.00843438	0.005398
58	147	0	0.0128241	0.00410372	58	148	0	0.0132989	0.00425564
58	149	0	0.00876705	0.00561091	58	150	0	0.00441642	0.00282651
58	151	0	0.00121732	7.79085E-4	58	152	0	2.4133E-4	1.54451E-4
58	153	0	2.944E-5	1.88416E-5	58	154	0	1.97E-6	1.2608E-6
58	155	0	8.38958E-8	5.36933E-8	58	156	0	3.11987E-9	1.99672E-9
58	157	0	3.83E-11	2.4512E-11	58	158	0	3.93E-13	2.5152E-13
58	159	0	9.94078E-15	6.3621E-15	59	139	0	1.05E-14	6.72E-15
59	140	0	1.19E-12	7.616E-13	59	141	0	9.29E-11	5.9456E-11
59	142	1	2.285E-9	1.4624E-9	59	142	0	2.285E-9	1.4624E-9
59	143	0	1.78E-7	1.1392E-7	59	144	0	3.87E-7	2.4768E-7
59	144	1	3.48E-6	2.2272E-6	59	145	0	4.142E-5	2.65088E-5
59	146	0	3.2201E-4	2.06086E-4	59	147	0	0.0014111	9.03104E-4
59	148	1	0.00206302	0.00132033	59	148	0	0.00206302	0.00132033
59	149	0	0.00705538	0.00451544	59	150	0	0.00961873	0.00615599
59	151	0	0.00717037	0.00458904	59	152	0	0.00401403	0.00256898
59	153	0	0.00145019	9.28122E-4	59	154	0	2.9085E-4	1.86144E-4
59	155	0	3.842E-5	2.45888E-5	59	156	0	4.53E-6	2.8992E-6
59	157	0	1.79E-7	1.1456E-7	59	158	0	5.8E-9	3.712E-9
59	159	0	1.3499E-10	8.63936E-11	59	160	0	2.28E-12	1.4592E-12
59	161	0	2.07722E-14	1.32942E-14	59	162	0	3.5576E-16	2.27686E-16
60	142	0	7.18E-14	4.5952E-14	60	143	0	9.75E-12	6.24E-12
60	144	0	7.37E-10	4.7168E-10	60	145	0	2.7E-8	1.728E-8
60	146	0	7.26E-7	4.6464E-7	60	147	0	1.012E-5	6.4768E-6
60	148	0	9.371E-5	5.99744E-5	60	149	0	4.6009E-4	2.94458E-4
60	150	0	0.00180987	0.00115832	60	151	0	0.00363601	0.00232705
60	152	0	0.00537254	0.00343843	60	153	0	0.00517078	0.0033093
60	154	0	0.00278831	0.00178452	60	155	0	0.00103566	6.62822E-4
60	156	0	3.5844E-4	2.29402E-4	60	157	0	4.307E-5	2.75648E-5
60	158	0	4.25E-6	2.72E-6	60	159	0	3.07E-7	1.9648E-7
60	160	0	1.62E-8	1.0368E-8	60	161	0	4.17979E-10	2.67507E-10
60	162	0	8.63964E-12	5.52937E-12	60	163	0	8.83E-14	5.6512E-14
61	145	0	8.56E-13	5.4784E-13	61	146	0	8.26E-11	5.2864E-11
61	147	0	3.85E-9	2.464E-9	61	148	0	3.62E-8	2.3168E-8
61	148	1	8.45E-8	5.408E-8	61	149	0	1.86E-6	1.1904E-6
61	150	0	2.355E-5	1.5072E-5	61	151	0	1.4262E-4	9.12768E-5
61	152	2	2.02213E-4	1.29417E-4	61	152	0	2.02213E-4	1.29417E-4
61	152	1	2.02213E-4	1.29417E-4	61	153	0	0.00160402	0.00102657
61	154	0	0.00112195	7.18048E-4	61	154	1	0.00112195	7.18048E-4
61	155	0	0.00214796	0.00137469	61	156	0	0.0019569	0.00125242
61	157	0	6.4434E-4	4.12378E-4	61	158	0	1.7743E-4	1.13555E-4
61	159	0	3.712E-5	2.37568E-5	61	160	0	5.87E-6	3.7568E-6
61	161	0	4.64E-7	2.9696E-7	61	162	0	2.98E-8	1.9072E-8
61	163	0	9.61E-10	6.1504E-10	61	164	0	1.34E-11	8.576E-12
61	165	0	1.76E-13	1.1264E-13	61	166	0	1.07881E-15	6.90437E-16
61	167	0	1.85359E-17	1.1863E-17	62	147	0	7.05E-14	4.512E-14
62	148	0	7.72E-12	4.9408E-12	62	149	0	3.87E-10	2.4768E-10
62	150	0	1.68E-8	1.0752E-8	62	151	0	3.31E-7	2.1184E-7
62	152	0	4.48E-6	2.8672E-6	62	153	0	3.643E-5	2.33152E-5
62	154	0	1.4632E-4	9.36448E-5	62	155	0	3.8424E-4	2.45914E-4
62	156	0	9.2219E-4	5.90202E-4	62	157	0	7.8272E-4	5.00941E-4
62	158	0	5.4521E-4	3.48934E-4	62	159	0	2.9704E-4	1.90106E-4
62	160	0	1.2759E-4	8.16576E-5	62	161	0	2.854E-5	1.82656E-5
62	162	0	5.4E-6	3.456E-6	62	163	0	5.25E-7	3.36E-7
62	164	0	2.25E-8	1.44E-8	62	165	0	9.28E-10	5.9392E-10
62	166	0	2.61989E-11	1.67673E-11	62	167	0	3.72981E-13	2.38708E-13
62	169	0	9.49897E-17	6.07934E-17	63	151	0	3.88E-11	2.4832E-11
63	152	2	5.84667E-10	3.74187E-10	63	152	0	5.84667E-10	3.74187E-10
63	152	1	5.84667E-10	3.74187E-10	63	153	0	4.69E-8	3.0016E-8
63	154	1	2.95E-7	1.888E-7	63	154	0	2.95E-7	1.888E-7
63	155	0	4.73E-6	3.0272E-6	63	156	0	3.335E-5	2.1344E-5
63	157	0	7.969E-5	5.10016E-5	63	158	0	1.4572E-4	9.32608E-5
63	159	0	2.0171E-4	1.29094E-4	63	160	0	2.1773E-4	1.39347E-4
63	161	0	1.2422E-4	7.95008E-5	63	162	0	6.206E-5	3.97184E-5
63	163	0	1.666E-5	1.06624E-5	63	164	0	2.06E-6	1.3184E-6
63	165	0	2.51E-7	1.6064E-7	63	166	0	2.16E-8	1.3824E-8
63	167	0	9.53E-10	6.0992E-10	63	168	0	3.44E-11	2.2016E-11
63	169	0	1.2899E-12	8.25539E-13	63	170	0	1.95E-14	1.248E-14
63	171	0	1.16284E-16	7.4422E-17	63	172	0	1.92291E-18	1.23067E-18
64	152	0	3.31E-14	2.1184E-14	64	153	0	3.0E-12	1.92E-12
64	154	0	1.23E-10	7.872E-11	64	155	0	3.17E-9	2.0288E-9
64	156	0	7.09E-8	4.5376E-8	64	157	0	5.25E-7	3.36E-7
64	158	0	2.8E-6	1.792E-6	64	159	0	1.092E-5	6.9888E-6
64	160	0	3.178E-5	2.03392E-5	64	161	0	4.695E-5	3.0048E-5
64	162	0	5.917E-5	3.78688E-5	64	163	0	4.002E-5	2.56128E-5
64	164	0	1.274E-5	8.1536E-6	64	165	0	4.18E-6	2.6752E-6
64	166	0	1.01E-6	6.464E-7	64	167	0	1.29E-7	8.256E-8
64	168	0	1.4E-8	8.96E-9	64	169	0	1.61E-9	1.0304E-9
64	170	0	7.61E-11	4.8704E-11	64	171	0	2.33988E-12	1.49753E-12
64	172	0	4.66981E-14	2.98868E-14	65	155	0	1.04E-13	6.656E-14
65	156	0	6.83E-12	4.3712E-12	65	156	1	7.59E-13	4.8576E-13
65	157	0	1.82E-10	1.1648E-10	65	158	0	2.72E-9	1.7408E-9
65	158	1	3.02E-10	1.9328E-10	65	159	0	3.6E-8	2.304E-8
65	160	0	3.12E-7	1.9968E-7	65	161	0	1.33E-6	8.512E-7
65	162	0	2.32E-6	1.4848E-6	65	162	1	2.32E-6	1.4848E-6
65	163	0	8.33E-6	5.3312E-6	65	164	0	6.78E-6	4.3392E-6
65	165	0	5.6E-6	3.584E-6	65	166	0	3.41E-6	2.1824E-6
65	167	0	1.15E-6	7.36E-7	65	168	0	3.39E-7	2.1696E-7
65	169	0	1.11E-7	7.104E-8	65	170	0	1.54E-8	9.856E-9
65	171	0	1.44E-9	9.216E-10	65	172	0	8.87E-11	5.6768E-11
66	158	0	1.61E-13	1.0304E-13	66	159	0	6.06E-12	3.8784E-12
66	160	0	1.65E-10	1.056E-10	66	161	0	2.17E-9	1.3888E-9
66	162	0	2.29E-8	1.4656E-8	66	163	0	1.21E-7	7.744E-8
66	164	0	2.81E-7	1.7984E-7	66	165	0	5.5E-7	3.52E-7
66	165	1	8.21E-8	5.2544E-8	66	166	0	1.01E-6	6.464E-7
66	167	0	8.59E-7	5.4976E-7	66	168	0	6.37E-7	4.0768E-7
66	169	0	5.33E-7	3.4112E-7	66	170	0	1.97E-7	1.2608E-7
66	171	0	5.09E-8	3.2576E-8	66	172	0	9.05E-9	5.792E-9
67	161	0	1.54E-13	9.856E-14	67	161	1	2.3E-14	1.472E-14
67	162	0	1.77E-12	1.1328E-12	67	162	1	4.13E-12	2.6432E-12
67	163	0	8.46E-11	5.4144E-11	67	163	1	1.26E-11	8.064E-12
67	164	0	2.07E-10	1.3248E-10	67	164	1	4.84E-10	3.0976E-10
67	165	0	4.66E-9	2.9824E-9	67	166	0	6.5E-9	4.16E-9
67	166	1	1.52E-8	9.728E-9	67	167	0	5.17E-8	3.3088E-8
67	168	0	1.03E-7	6.592E-8	67	169	0	2.22E-7	1.4208E-7
67	170	0	1.04E-7	6.656E-8	67	170	1	1.04E-7	6.656E-8
67	171	0	1.35E-7	8.64E-8	67	172	0	6.21E-8	3.9744E-8
68	164	0	8.61E-14	5.5104E-14	68	165	0	1.83E-12	1.1712E-12
68	166	0	2.63E-11	1.6832E-11	68	167	0	1.66E-10	1.0624E-10
68	167	1	2.49E-11	1.5936E-11	68	168	0	1.13E-9	7.232E-10
68	169	0	7.02E-9	4.4928E-9	68	170	0	1.8E-8	1.152E-8
68	171	0	3.1E-8	1.984E-8	68	172	0	3.65E-8	2.336E-8
69	167	0	3.64E-14	2.3296E-14	69	168	0	6.74E-13	4.3136E-13
69	169	0	1.29E-11	8.256E-12	69	170	0	9.99E-11	6.3936E-11
69	171	0	5.05E-10	3.232E-10	69	172	0	1.68E-9	1.0752E-9
70	170	0	2.9E-14	1.856E-14	70	171	0	4.56E-13	2.9184E-13
70	172	0	4.65E-12	2.976E-12