Z	A	FPS	Yield	Uncertainty	Z	A	FPS	Yield	Uncertainty
23	66	0	1.05374E-16	6.74393E-17	23	67	0	1.28487E-17	8.22317E-18
23	68	0	6.56308E-19	4.20037E-19	24	66	0	2.88989E-12	1.84953E-12
24	67	0	2.98987E-13	1.91352E-13	24	68	0	1.79993E-14	1.15196E-14
24	69	0	2.45014E-16	1.56809E-16	24	71	0	1.90721E-18	1.22061E-18
25	66	0	6.06E-10	3.8784E-10	25	67	0	2.18E-10	1.3952E-10
25	68	0	3.54E-11	2.2656E-11	25	69	0	3.51976E-12	2.25264E-12
25	70	0	3.75E-13	2.4E-13	25	71	0	2.73981E-14	1.75348E-14
25	72	0	6.67246E-16	4.27038E-16	25	73	0	6.14503E-17	3.93282E-17
26	66	0	1.33E-8	8.512E-9	26	67	0	1.2E-8	7.68E-9
26	68	0	6.29E-9	4.0256E-9	26	69	0	1.68E-9	1.0752E-9
26	70	0	6.28E-10	4.0192E-10	26	71	0	1.24E-10	7.936E-11
26	72	0	1.82993E-11	1.17116E-11	26	73	0	1.42994E-12	9.15161E-13
26	74	0	1.22E-13	7.808E-14	26	75	0	3.39678E-15	2.17394E-15
27	66	0	1.31E-8	8.384E-9	27	67	0	3.41E-8	2.1824E-8
27	68	0	4.07E-8	2.6048E-8	27	69	0	3.37E-8	2.1568E-8
27	70	0	3.2E-8	2.048E-8	27	71	0	2.07E-8	1.3248E-8
27	72	0	8.24E-9	5.2736E-9	27	73	0	2.21E-9	1.4144E-9
27	74	0	5.28E-10	3.3792E-10	27	75	0	4.87966E-11	3.12298E-11
27	76	0	3.33E-12	2.1312E-12	27	77	0	1.00125E-13	6.40802E-14
27	78	0	9.04246E-15	5.78718E-15	28	66	0	1.88E-9	1.2032E-9
28	67	0	1.14E-8	7.296E-9	28	68	0	3.83E-8	2.4512E-8
28	69	0	7.12E-8	4.5568E-8	28	70	0	1.96E-7	1.2544E-7
28	71	0	2.93E-7	1.8752E-7	28	72	0	3.67E-7	2.3488E-7
28	73	0	2.46E-7	1.5744E-7	28	74	0	2.0E-7	1.28E-7
28	75	0	4.9E-8	3.136E-8	28	76	0	1.18E-8	7.552E-9
28	77	0	2.3299E-9	1.49114E-9	28	78	0	2.47991E-10	1.58714E-10
28	79	0	4.00931E-12	2.56596E-12	28	80	0	5.98E-13	3.8272E-13
28	81	0	2.86081E-14	1.83092E-14	29	66	0	9.67E-12	6.1888E-12
29	67	0	1.95E-10	1.248E-10	29	68	0	4.33E-10	2.7712E-10
29	68	1	1.17E-9	7.488E-10	29	69	0	9.15E-9	5.856E-9
29	70	0	1.28E-8	8.192E-9	29	70	1	4.55E-8	2.912E-8
29	71	0	2.43E-7	1.5552E-7	29	72	0	6.86E-7	4.3904E-7
29	73	0	1.32E-6	8.448E-7	29	74	0	2.57E-6	1.6448E-6
29	75	0	1.96E-6	1.2544E-6	29	76	0	1.23E-6	7.872E-7
29	77	0	8.31E-7	5.3184E-7	29	78	0	2.36E-7	1.5104E-7
29	79	0	5.7596E-8	3.68614E-8	29	80	0	5.57E-9	3.5648E-9
29	81	0	4.10971E-10	2.63022E-10	29	82	0	1.39E-11	8.896E-12
29	83	0	3.63975E-13	2.32944E-13	29	84	0	1.77568E-14	1.13643E-14
30	67	0	2.52E-13	1.6128E-13	30	68	0	7.01E-12	4.4864E-12
30	69	0	1.81E-11	1.1584E-11	30	69	1	8.84E-11	5.6576E-11
30	70	0	2.23E-9	1.4272E-9	30	71	0	3.82E-9	2.4448E-9
30	71	1	1.86E-8	1.1904E-8	30	72	0	1.91E-7	1.2224E-7
30	73	0	8.19E-7	5.2416E-7	30	74	0	4.57E-6	2.9248E-6
30	75	0	7.67E-6	4.9088E-6	30	76	0	1.439E-5	9.2096E-6
30	77	0	2.361E-5	1.51104E-5	30	78	0	2.119E-5	1.35616E-5
30	79	0	1.362E-5	8.7168E-6	30	80	0	4.41E-6	2.8224E-6
30	81	0	9.02E-7	5.7728E-7	30	82	0	1.09E-7	6.976E-8
30	83	0	8.46964E-9	5.42057E-9	30	84	0	4.86982E-10	3.11669E-10
30	85	0	5.83299E-12	3.73311E-12	30	86	0	1.5E-13	9.6E-14
31	69	0	4.71E-14	3.0144E-14	31	70	0	2.73E-12	1.7472E-12
31	71	0	9.21E-11	5.8944E-11	31	72	1	1.035E-9	6.624E-10
31	72	0	1.035E-9	6.624E-10	31	73	0	2.8E-8	1.792E-8
31	74	1	1.905E-7	1.2192E-7	31	74	0	1.905E-7	1.2192E-7
31	75	0	1.86E-6	1.1904E-6	31	76	0	7.9E-6	5.056E-6
31	77	0	3.705E-5	2.3712E-5	31	78	0	7.401E-5	4.73664E-5
31	79	0	1.4355E-4	9.1872E-5	31	80	0	1.1194E-4	7.16416E-5
31	81	0	7.52E-5	4.8128E-5	31	82	0	2.425E-5	1.552E-5
31	83	0	6.36E-6	4.0704E-6	31	84	0	1.05E-6	6.72E-7
31	85	0	8.37942E-8	5.36283E-8	31	86	0	3.74E-9	2.3936E-9
31	87	0	2.96509E-11	1.89766E-11	31	88	0	1.41471E-12	9.05413E-13
31	89	0	2.03333E-13	1.30133E-13	32	71	0	1.31E-14	8.384E-15
32	71	1	1.31E-14	8.384E-15	32	72	0	2.11E-12	1.3504E-12
32	73	0	6.31E-11	4.0384E-11	32	73	1	1.29E-11	8.256E-12
32	74	0	3.55E-9	2.272E-9	32	75	0	5.27E-9	3.3728E-9
32	75	1	3.87E-8	2.4768E-8	32	76	0	5.98E-7	3.8272E-7
32	77	0	5.93E-6	3.7952E-6	32	77	1	8.08E-7	5.1712E-7
32	78	0	3.86E-5	2.4704E-5	32	79	1	8.4205E-5	5.38912E-5
32	79	0	8.4205E-5	5.38912E-5	32	80	0	3.675E-4	2.352E-4
32	81	0	5.6923E-4	3.64307E-4	32	82	0	5.6234E-4	3.59898E-4
32	83	0	3.6005E-4	2.30432E-4	32	84	0	2.0312E-4	1.29997E-4
32	85	0	4.507E-5	2.88448E-5	32	86	0	7.74E-6	4.9536E-6
32	87	0	6.8997E-7	4.41581E-7	32	88	0	3.87986E-8	2.48311E-8
32	89	0	4.73151E-9	3.02817E-9	32	90	0	8.77173E-12	5.61391E-12
32	91	0	1.23436E-12	7.8999E-13	33	74	0	2.61E-13	1.6704E-13
33	74	1	7.05E-13	4.512E-13	33	75	0	4.12E-11	2.6368E-11
33	76	0	1.53E-9	9.792E-10	33	77	0	5.86E-8	3.7504E-8
33	78	0	8.41E-7	5.3824E-7	33	79	0	1.158E-5	7.4112E-6
33	80	0	5.832E-5	3.73248E-5	33	81	0	2.6289E-4	1.6825E-4
33	82	0	2.912E-4	1.86368E-4	33	82	1	2.912E-4	1.86368E-4
33	83	0	0.00104633	6.69651E-4	33	84	1	7.08925E-4	4.53712E-4
33	84	0	7.08925E-4	4.53712E-4	33	85	0	0.00100805	6.45152E-4
33	86	0	4.8125E-4	3.08E-4	33	87	0	1.584E-4	1.01376E-4
33	88	0	2.657E-5	1.70048E-5	33	89	0	3.26527E-6	2.08977E-6
33	90	0	1.06918E-7	6.84277E-8	33	91	0	1.77323E-8	1.13486E-8
33	92	0	6.38077E-11	4.08369E-11	33	93	0	5.06093E-12	3.239E-12
33	94	0	1.25428E-13	8.02738E-14	34	76	0	3.42E-13	2.1888E-13
34	77	0	4.41E-12	2.8224E-12	34	77	1	3.23E-11	2.0672E-11
34	78	0	1.81E-9	1.1584E-9	34	79	0	5.94E-8	3.8016E-8
34	79	1	8.09E-9	5.1776E-9	34	80	0	1.11E-6	7.104E-7
34	81	0	1.53E-6	9.792E-7	34	81	1	1.121E-5	7.1744E-6
34	82	0	8.767E-5	5.61088E-5	34	83	0	2.9846E-4	1.91014E-4
34	83	1	6.113E-5	3.91232E-5	34	84	0	0.00123443	7.90035E-4
34	85	0	0.00117387	7.51277E-4	34	85	1	0.00115385	7.38464E-4
34	86	0	0.00343853	0.00220066	34	87	0	0.00300158	0.00192101
34	88	0	0.0017478	0.00111859	34	89	0	6.1177E-4	3.91533E-4
34	90	0	1.40863E-4	9.01524E-5	34	91	0	1.98223E-5	1.26863E-5
34	92	0	1.74994E-6	1.11996E-6	34	93	0	1.17767E-7	7.53709E-8
34	94	0	3.43987E-9	2.20152E-9	34	95	0	2.07838E-11	1.33016E-11
34	96	0	7.56E-13	4.8384E-13	35	78	0	1.07E-13	6.848E-14
35	79	0	3.02E-12	1.9328E-12	35	79	1	1.14E-11	7.296E-12
35	80	0	1.41E-10	9.024E-11	35	80	1	5.01E-10	3.2064E-10
35	81	0	2.58E-8	1.6512E-8	35	82	0	3.49E-7	2.2336E-7
35	82	1	1.29E-7	8.256E-8	35	83	0	6.34E-6	4.0576E-6
35	84	0	2.091E-5	1.33824E-5	35	84	1	4.442E-5	2.84288E-5
35	85	0	3.3452E-4	2.14093E-4	35	86	0	6.2242E-4	3.98349E-4
35	86	1	6.2242E-4	3.98349E-4	35	87	0	0.00266817	0.00170763
35	88	0	0.00431984	0.0027647	35	89	0	0.00521909	0.00334022
35	90	0	0.00320167	0.00204907	35	91	0	0.00156166	9.99463E-4
35	92	0	3.894E-4	2.49216E-4	35	93	0	8.12722E-5	5.20142E-5
35	94	0	8.36E-6	5.3504E-6	35	95	0	2.9857E-7	1.91085E-7
35	96	0	2.13E-8	1.3632E-8	35	97	0	1.58568E-10	1.01483E-10
35	98	0	6.92769E-12	4.43372E-12	35	99	0	2.89636E-12	1.85367E-12
36	80	0	3.1E-14	1.984E-14	36	81	0	3.12E-12	1.9968E-12
36	81	1	4.26E-13	2.7264E-13	36	82	0	2.36E-10	1.5104E-10
36	83	0	7.0E-9	4.48E-9	36	83	1	1.43E-9	9.152E-10
36	84	0	3.12E-7	1.9968E-7	36	85	0	3.62E-6	2.3168E-6
36	85	1	7.42E-7	4.7488E-7	36	86	0	5.78E-5	3.6992E-5
36	87	0	3.2512E-4	2.08077E-4	36	88	0	0.00176659	0.00113062
36	89	0	0.00489912	0.00313544	36	90	0	0.00941262	0.00423568
36	91	0	0.0111807	0.00357782	36	92	0	0.00902349	0.00577503
36	93	0	0.00501366	0.00320874	36	94	0	0.00182057	0.00116516
36	95	0	3.33761E-4	2.13607E-4	36	96	0	4.965E-5	3.1776E-5
36	97	0	3.68984E-6	2.3615E-6	36	98	0	1.89993E-7	1.21596E-7
36	99	0	6.73979E-8	4.31346E-8	36	100	0	1.16E-10	7.424E-11
36	101	0	4.90757E-12	3.14085E-12	37	83	0	3.9E-13	2.496E-13
37	84	0	4.21E-11	2.6944E-11	37	85	0	2.18E-9	1.3952E-9
37	86	1	4.35E-8	2.784E-8	37	86	0	4.35E-8	2.784E-8
37	87	0	1.84E-6	1.1776E-6	37	88	0	2.947E-5	1.88608E-5
37	89	0	2.8021E-4	1.79334E-4	37	90	0	2.3215E-4	1.48576E-4
37	90	1	0.00113246	7.24774E-4	37	91	0	0.00514292	0.00329147
37	92	0	0.0104498	0.00470239	37	93	0	0.0157382	0.00503622
37	94	0	0.0141228	0.0045193	37	95	0	0.00857153	0.00548578
37	96	0	0.00346122	0.00221518	37	97	0	9.2537E-4	5.92237E-4
37	98	0	1.384E-4	8.8576E-5	37	99	0	4.6512E-5	2.97677E-5
37	100	0	9.26E-7	5.9264E-7	37	101	0	7.05E-8	4.512E-8
37	102	0	2.88046E-10	1.8435E-10	37	103	0	1.78939E-11	1.14521E-11
37	104	0	5.06816E-13	3.24362E-13	38	85	1	3.525E-14	2.256E-14
38	85	0	3.525E-14	2.256E-14	38	86	0	1.12E-11	7.168E-12
38	87	0	6.08E-10	3.8912E-10	38	87	1	1.24E-10	7.936E-11
38	88	0	4.56E-8	2.9184E-8	38	89	0	1.29E-6	8.256E-7
38	90	0	2.321E-5	1.48544E-5	38	91	0	2.2649E-4	1.44954E-4
38	92	0	0.0014078	9.00992E-4	38	93	0	0.00581857	0.00372389
38	94	0	0.0154227	0.00354722	38	95	0	0.0225834	0.00722669
38	96	0	0.0280111	0.00644256	38	97	0	0.0189985	0.00607952
38	98	0	0.00962679	0.00616115	38	99	0	0.00285172	0.0018251
38	100	0	6.3267E-4	4.04909E-4	38	101	0	7.88095E-5	5.04381E-5
38	102	0	7.89971E-6	5.05582E-6	38	103	0	4.16388E-7	2.66488E-7
38	104	0	1.38995E-8	8.89568E-9	38	105	0	6.32173E-11	4.04591E-11
38	106	0	7.77615E-12	4.97673E-12	39	88	0	1.93E-12	1.2352E-12
39	89	0	3.68E-11	2.3552E-11	39	89	1	1.79E-10	1.1456E-10
39	90	1	5.95E-9	3.808E-9	39	90	0	5.95E-9	3.808E-9
39	91	1	2.195E-7	1.4048E-7	39	91	0	2.195E-7	1.4048E-7
39	92	0	8.23E-6	5.2672E-6	39	93	1	5.5775E-5	3.5696E-5
39	93	0	5.5775E-5	3.5696E-5	39	94	0	7.9784E-4	5.10618E-4
39	95	0	0.00500248	0.00320159	39	96	0	9.8493E-4	6.30355E-4
39	96	1	0.00995827	0.00637329	39	97	1	0.0108128	0.00692017
39	97	0	0.0108128	0.00692017	39	98	0	0.0133977	0.00428726
39	98	1	0.0133958	0.00428667	39	99	0	0.0254008	0.00812825
39	100	0	0.0139866	0.00447571	39	101	0	0.00570012	0.00364808
39	102	0	0.00151591	9.70183E-4	39	103	0	2.87354E-4	1.83906E-4
39	104	0	2.651E-5	1.69664E-5	39	105	0	9.08152E-7	5.81217E-7
39	106	0	9.47831E-8	6.06612E-8	39	107	0	1.03535E-10	6.62627E-11
39	108	0	1.69911E-11	1.08743E-11	39	109	0	1.17958E-12	7.5493E-13
40	90	1	2.54E-13	1.6256E-13	40	90	0	2.54E-13	1.6256E-13
40	91	0	5.67E-11	3.6288E-11	40	92	0	4.17E-9	2.6688E-9
40	93	0	1.39E-7	8.896E-8	40	94	0	4.28E-6	2.7392E-6
40	95	0	5.499E-5	3.51936E-5	40	96	0	5.6684E-4	3.62778E-4
40	97	0	0.00318832	0.00204053	40	98	0	0.0110812	0.00354597
40	99	0	0.0250902	0.00802887	40	100	0	0.0405797	0.0129855
40	101	0	0.0379631	0.0121482	40	102	0	0.0307488	0.0098396
40	103	0	0.0145779	0.00466492	40	104	0	0.00458044	0.00293148
40	105	0	0.00101519	6.49723E-4	40	106	0	1.24875E-4	7.99201E-5
40	107	0	2.40925E-6	1.54192E-6	40	108	0	4.65983E-7	2.98229E-7
40	109	0	2.74486E-8	1.75671E-8	41	92	0	5.46E-14	3.4944E-14
41	93	0	5.84E-12	3.7376E-12	41	93	1	1.2E-12	7.68E-13
41	94	0	4.12E-10	2.6368E-10	41	94	1	2.42E-10	1.5488E-10
41	95	0	2.92E-8	1.8688E-8	41	95	1	5.98E-9	3.8272E-9
41	96	0	9.6E-7	6.144E-7	41	97	0	1.46E-5	9.344E-6
41	97	1	2.99E-6	1.9136E-6	41	98	0	1.4795E-4	9.4688E-5
41	98	1	4.173E-5	2.67072E-5	41	99	0	1.1474E-4	7.34336E-5
41	99	1	0.0013194	8.44416E-4	41	100	0	0.00283554	0.00181475
41	100	1	0.00283554	0.00181475	41	101	0	0.015503	0.00496095
41	102	1	0.0140914	0.00901851	41	102	0	0.0140914	0.00901851
41	103	0	0.0384579	0.0123065	41	104	1	0.0144231	0.00923079
41	104	0	0.0144231	0.00923079	41	105	0	0.0203858	0.00652345
41	106	0	0.00637369	0.00407916	41	107	0	0.00166265	0.0010641
41	108	0	2.3685E-4	1.51584E-4	41	109	0	1.89426E-5	1.21232E-5
41	110	0	3.89E-12	2.4896E-12	41	111	0	1.54178E-14	9.86736E-15
41	112	0	3.59498E-16	2.30079E-16	41	113	0	1.38207E-16	8.84524E-17
41	115	0	3.81785E-13	2.44342E-13	41	116	0	1.87412E-14	1.19944E-14
42	95	0	1.33E-12	8.512E-13	42	96	0	1.4E-10	8.96E-11
42	97	0	7.68E-9	4.9152E-9	42	98	0	3.12E-7	1.9968E-7
42	99	0	6.81E-6	4.3584E-6	42	100	0	9.367E-5	5.99488E-5
42	101	0	6.5512E-4	4.19277E-4	42	102	0	0.00372259	0.00238246
42	103	0	0.0119178	0.00381369	42	104	0	0.0298492	0.00955174
42	105	0	0.0430323	0.0137703	42	106	0	0.0391106	0.0125154
42	107	0	0.0248298	0.00794554	42	108	0	0.0117919	0.00377342
42	109	0	0.00258703	0.0016557	42	110	0	8.36E-6	5.3504E-6
42	111	0	3.93E-7	2.5152E-7	42	112	0	1.08E-8	6.912E-9
42	113	0	3.5229E-9	2.25466E-9	42	114	0	3.54E-12	2.2656E-12
42	115	0	8.88406E-9	5.6858E-9	42	116	0	5.13981E-10	3.28948E-10
42	117	0	9.2888E-13	5.94483E-13	42	118	0	7.96468E-14	5.0974E-14
43	97	1	5.7E-14	3.648E-14	43	97	0	5.7E-14	3.648E-14
43	98	0	1.4E-11	8.96E-12	43	99	0	9.75E-10	6.24E-10
43	99	1	2.0E-10	1.28E-10	43	100	0	4.66E-8	2.9824E-8
43	101	0	1.15E-6	7.36E-7	43	102	0	8.79E-6	5.6256E-6
43	102	1	8.79E-6	5.6256E-6	43	103	0	1.8786E-4	1.2023E-4
43	104	0	0.00108115	6.91936E-4	43	105	0	0.00558932	0.00357717
43	106	0	0.0115952	0.00371046	43	107	0	0.0216608	0.00693144
43	108	0	0.0243269	0.00778461	43	109	0	0.0165872	0.0053079
43	110	0	0.00515635	0.00330006	43	111	0	0.00135062	8.64397E-4
43	112	0	1.8504E-4	1.18426E-4	43	113	0	2.32665E-5	1.48905E-5
43	114	0	1.56E-6	9.984E-7	43	115	0	6.13099E-6	3.92383E-6
43	116	0	7.46E-7	4.7744E-7	43	117	0	1.33439E-8	8.54008E-9
43	118	0	9.70812E-10	6.2132E-10	43	119	0	2.48809E-12	1.59238E-12
43	120	0	5.57862E-14	3.57032E-14	44	99	0	1.29E-14	8.256E-15
44	100	0	1.93E-12	1.2352E-12	44	101	0	1.35E-10	8.64E-11
44	102	0	7.44E-9	4.7616E-9	44	103	0	2.22E-7	1.4208E-7
44	104	0	5.28E-6	3.3792E-6	44	105	0	6.441E-5	4.12224E-5
44	106	0	4.4451E-4	2.84486E-4	44	107	0	0.00210767	0.00134891
44	108	0	0.00750537	0.00480344	44	109	1	0.00611404	0.00391298
44	109	0	0.00611404	0.00391298	44	110	0	0.0154819	0.00495422
44	111	0	0.0104118	0.00333177	44	112	0	0.00560327	0.00252147
44	113	0	0.0022357	0.00143085	44	114	0	6.8097E-4	4.35821E-4
44	115	0	3.759E-4	2.40576E-4	44	116	0	9.961E-5	6.37504E-5
44	117	0	1.49167E-5	9.54666E-6	44	118	0	1.27903E-6	8.18579E-7
44	119	0	5.78975E-8	3.70544E-8	44	120	0	1.52994E-9	9.79164E-10
44	121	0	5.58937E-12	3.5772E-12	44	122	0	1.53E-13	9.792E-14
44	123	0	3.20884E-15	2.05366E-15	45	102	0	4.18E-14	2.6752E-14
45	102	1	4.18E-14	2.6752E-14	45	103	0	1.09E-12	6.976E-13
45	103	1	7.98E-12	5.1072E-12	45	104	0	1.39E-10	8.896E-11
45	104	1	4.93E-10	3.1552E-10	45	105	0	2.61E-8	1.6704E-8
45	105	1	3.56E-9	2.2784E-9	45	106	0	2.64E-7	1.6896E-7
45	106	1	2.64E-7	1.6896E-7	45	107	0	9.17E-6	5.8688E-6
45	108	0	4.551E-5	2.91264E-5	45	108	1	4.551E-5	2.91264E-5
45	109	0	2.5298E-4	1.61907E-4	45	109	1	2.5298E-4	1.61907E-4
45	110	0	8.076E-5	5.16864E-5	45	110	1	8.076E-5	5.16864E-5
45	111	0	4.5963E-4	2.94163E-4	45	112	0	7.4714E-4	4.7817E-4
45	113	0	9.2008E-4	5.88851E-4	45	114	0	6.429E-4	4.11456E-4
45	115	0	5.9954E-4	3.83706E-4	45	116	0	4.9718E-4	3.18195E-4
45	117	0	2.9149E-4	1.86554E-4	45	118	0	7.942E-5	5.08288E-5
45	119	0	1.586E-5	1.01504E-5	45	120	0	1.45E-6	9.28E-7
45	121	0	8.02944E-8	5.13884E-8	45	122	0	2.33E-9	1.4912E-9
45	123	0	4.60968E-11	2.95019E-11	45	124	0	4.13E-13	2.6432E-13
46	105	0	7.88E-13	5.0432E-13	46	106	0	5.49E-11	3.5136E-11
46	107	0	8.62E-10	5.5168E-10	46	107	1	1.92E-9	1.2288E-9
46	108	0	1.04E-7	6.656E-8	46	109	0	5.24E-7	3.3536E-7
46	109	1	1.17E-6	7.488E-7	46	110	0	2.18E-9	1.3952E-9
46	111	0	9.21E-9	5.8944E-9	46	111	1	2.05E-8	1.312E-8
46	112	0	3.05E-7	1.952E-7	46	113	0	1.52E-6	9.728E-7
46	114	0	5.07E-6	3.2448E-6	46	115	0	1.09E-4	6.976E-5
46	116	0	3.6619E-4	2.34362E-4	46	117	0	6.0018E-4	3.84115E-4
46	118	0	5.8225E-4	3.7264E-4	46	119	0	3.5312E-4	2.25997E-4
46	120	0	1.3028E-4	8.33792E-5	46	121	0	2.397E-5	1.53408E-5
46	122	0	2.98E-6	1.9072E-6	46	123	0	2.03E-7	1.2992E-7
46	124	0	8.38E-9	5.3632E-9	47	107	1	2.49E-14	1.5936E-14
47	108	1	1.62E-12	1.0368E-12	47	108	0	1.62E-12	1.0368E-12
47	109	1	1.01E-10	6.464E-11	47	109	0	1.01E-10	6.464E-11
47	112	0	3.15E-14	2.016E-14	47	113	0	1.11E-13	7.104E-14
47	113	1	8.17E-13	5.2288E-13	47	114	0	1.42E-11	9.088E-12
47	115	0	4.74E-7	3.0336E-7	47	115	1	4.74E-7	3.0336E-7
47	116	0	5.86E-6	3.7504E-6	47	116	1	5.86E-6	3.7504E-6
47	117	0	3.761E-5	2.40704E-5	47	117	1	3.761E-5	2.40704E-5
47	118	0	1.0272E-4	6.57408E-5	47	118	1	1.0272E-4	6.57408E-5
47	119	0	4.4442E-4	2.84429E-4	47	120	1	2.27485E-4	1.4559E-4
47	120	0	2.27485E-4	1.4559E-4	47	121	0	3.1244E-4	1.99962E-4
47	122	1	5.897E-5	3.77408E-5	47	122	0	5.897E-5	3.77408E-5
47	123	0	3.281E-5	2.09984E-5	47	124	0	4.66E-6	2.9824E-6
47	125	0	1.63E-10	1.0432E-10	47	126	0	1.29E-11	8.256E-12
47	127	0	9.81E-13	6.2784E-13	47	128	0	5.77E-14	3.6928E-14
47	129	0	3.25617E-15	2.08395E-15	47	131	0	1.87789E-10	1.20185E-10
47	132	0	9.99047E-12	6.3939E-12	47	133	0	1.13108E-12	7.23889E-13
48	115	0	1.25E-10	8.0E-11	48	115	1	4.7E-10	3.008E-10
48	116	0	3.81E-8	2.4384E-8	48	117	0	1.79E-7	1.1456E-7
48	117	1	6.72E-7	4.3008E-7	48	118	0	9.54E-6	6.1056E-6
48	119	0	3.202E-5	2.04928E-5	48	119	1	3.202E-5	2.04928E-5
48	120	0	2.3727E-4	1.51853E-4	48	121	1	2.2281E-4	1.42598E-4
48	121	0	2.2281E-4	1.42598E-4	48	122	0	5.7682E-4	3.69165E-4
48	123	0	4.5192E-4	2.89229E-4	48	124	0	2.5188E-4	1.61203E-4
48	125	0	1.598E-5	1.02272E-5	48	126	0	5.37E-6	3.4368E-6
48	127	0	1.48E-6	9.472E-7	48	128	0	4.06E-7	2.5984E-7
48	129	0	8.3E-8	5.312E-8	48	130	0	8.05E-9	5.152E-9
48	131	0	4.36981E-6	2.79668E-6	48	132	0	2.7399E-7	1.75354E-7
48	133	0	2.632E-8	1.68448E-8	48	134	0	6.55E-11	4.192E-11
48	135	0	2.47494E-12	1.58396E-12	49	115	0	1.06E-14	6.784E-15
49	116	2	1.15333E-12	7.38133E-13	49	116	0	1.15333E-12	7.38133E-13
49	116	1	1.15333E-12	7.38133E-13	49	117	0	3.03E-10	1.9392E-10
49	117	1	6.2E-11	3.968E-11	49	118	2	1.58E-9	1.0112E-9
49	118	0	1.12E-8	7.168E-9	49	118	1	1.58E-9	1.0112E-9
49	119	0	3.57E-7	2.2848E-7	49	119	1	7.31E-8	4.6784E-8
49	120	2	1.72667E-6	1.10507E-6	49	120	0	1.72667E-6	1.10507E-6
49	120	1	1.72667E-6	1.10507E-6	49	121	0	3.14E-5	2.0096E-5
49	121	1	6.43E-6	4.1152E-6	49	122	2	4.56267E-5	2.92011E-5
49	122	0	4.56267E-5	2.92011E-5	49	122	1	4.56267E-5	2.92011E-5
49	123	0	3.0412E-4	1.94637E-4	49	123	1	6.229E-5	3.98656E-5
49	124	1	2.7994E-4	1.79162E-4	49	124	0	2.7994E-4	1.79162E-4
49	125	0	4.3252E-4	2.76813E-4	49	125	1	4.3252E-4	2.76813E-4
49	126	1	3.87885E-4	2.48246E-4	49	126	0	3.87885E-4	2.48246E-4
49	127	0	4.1546E-4	2.65894E-4	49	127	1	4.1546E-4	2.65894E-4
49	128	1	3.6921E-4	2.36294E-4	49	128	0	3.6921E-4	2.36294E-4
49	129	0	3.4962E-4	2.23757E-4	49	129	1	3.4962E-4	2.23757E-4
49	130	2	9.883E-5	6.32512E-5	49	130	1	9.883E-5	6.32512E-5
49	130	0	9.883E-5	6.32512E-5	49	131	1	4.3358E-4	2.77491E-4
49	131	0	4.3358E-4	2.77491E-4	49	132	0	1.7175E-4	1.0992E-4
49	133	0	1.81637E-5	1.16248E-5	49	134	0	6.48E-7	4.1472E-7
49	135	0	3.55539E-8	2.27545E-8	49	136	0	1.56E-10	9.984E-11
49	137	0	1.83492E-12	1.17435E-12	50	117	1	5.05E-15	3.232E-15
50	117	0	5.05E-15	3.232E-15	50	118	0	1.85E-12	1.184E-12
50	119	0	4.32E-11	2.7648E-11	50	119	1	1.62E-10	1.0368E-10
50	120	0	1.11E-8	7.104E-9	50	121	0	7.23E-8	4.6272E-8
50	121	1	2.06E-7	1.3184E-7	50	122	0	4.08E-6	2.6112E-6
50	123	0	2.437E-5	1.55968E-5	50	123	1	8.56E-6	5.4784E-6
50	124	0	1.8631E-4	1.19238E-4	50	125	0	3.0161E-4	1.9303E-4
50	125	1	1.0597E-4	6.78208E-5	50	126	0	8.9728E-4	5.74259E-4
50	127	0	0.00142365	9.11136E-4	50	127	1	5.002E-4	3.20128E-4
50	128	1	0.00216279	0.00138419	50	128	0	0.00216279	0.00138419
50	129	0	0.00811308	0.00365089	50	129	1	0.00263164	0.00168425
50	130	1	0.0081091	0.00518982	50	130	0	0.0081091	0.00518982
50	131	1	0.00718847	0.00460062	50	131	0	0.00718847	0.00460062
50	132	0	0.0103877	0.00332407	50	133	0	0.00350813	0.0022452
50	134	0	5.4497E-4	3.48781E-4	50	135	0	3.97444E-5	2.54364E-5
50	136	0	1.94E-6	1.2416E-6	50	137	0	4.26982E-8	2.73268E-8
50	138	0	1.1E-9	7.04E-10	50	139	0	1.62878E-11	1.04242E-11
50	140	0	1.58485E-12	1.0143E-12	51	120	0	2.43E-13	1.5552E-13
51	120	1	4.14E-13	2.6496E-13	51	121	0	7.56E-11	4.8384E-11
51	122	0	1.64E-9	1.0496E-9	51	122	1	2.18E-9	1.3952E-9
51	123	0	1.31E-7	8.384E-8	51	124	2	8.2E-7	5.248E-7
51	124	0	8.2E-7	5.248E-7	51	124	1	8.2E-7	5.248E-7
51	125	0	3.67E-7	2.3488E-7	51	126	2	6.8E-7	4.352E-7
51	126	0	9.86E-7	6.3104E-7	51	126	1	6.8E-7	4.352E-7
51	127	0	1.873E-5	1.19872E-5	51	128	0	4.418E-5	2.82752E-5
51	128	1	6.102E-5	3.90528E-5	51	129	0	8.6455E-4	5.53312E-4
51	130	0	0.00148232	9.48685E-4	51	130	1	0.00204699	0.00131007
51	131	0	0.0136079	0.00435451	51	132	0	0.0135212	0.00432677
51	132	1	0.0119905	0.00383695	51	133	0	0.0307245	0.00983185
51	134	1	0.00730477	0.00467505	51	134	0	0.00730477	0.00467505
51	135	0	0.00429146	0.00274653	51	136	0	6.6861E-4	4.2791E-4
51	137	0	6.027E-5	3.85728E-5	51	138	0	4.63E-6	2.9632E-6
51	139	0	2.33984E-7	1.4975E-7	51	140	0	1.93176E-8	1.23633E-8
51	141	0	3.63449E-11	2.32608E-11	51	142	0	2.36635E-12	1.51447E-12
52	122	0	3.01E-13	1.9264E-13	52	123	0	7.63E-12	4.8832E-12
52	123	1	2.87E-11	1.8368E-11	52	124	0	3.09E-9	1.9776E-9
52	125	0	4.91E-14	3.1424E-14	52	125	1	1.85E-13	1.184E-13
52	126	0	6.2E-12	3.968E-12	52	127	0	4.62E-11	2.9568E-11
52	127	1	1.32E-10	8.448E-11	52	128	0	4.51E-9	2.8864E-9
52	129	0	3.59E-8	2.2976E-8	52	129	1	1.02E-7	6.528E-8
52	130	0	2.99E-6	1.9136E-6	52	131	0	3.8882E-4	2.48845E-4
52	131	1	0.00181903	5.8209E-4	52	132	0	0.00863663	0.00388648
52	133	0	0.0079044	0.00505882	52	133	1	0.0224969	0.00719899
52	134	0	0.050008	0.0115018	52	135	0	0.0409209	0.0130947
52	136	0	0.0232753	0.00744808	52	137	0	0.00617525	0.00395216
52	138	0	0.00170194	0.00108924	52	139	0	2.422E-4	1.55008E-4
52	140	0	2.54507E-5	1.62884E-5	52	141	0	8.4574E-7	5.41274E-7
52	142	0	6.48976E-8	4.15345E-8	52	143	0	9.30809E-11	5.95718E-11
52	144	0	1.50116E-11	9.6074E-12	52	145	0	1.19392E-12	7.64108E-13
53	130	0	4.97E-13	3.1808E-13	53	130	1	1.84E-13	1.1776E-13
53	131	0	7.31E-6	4.6784E-6	53	132	1	6.929E-5	4.43456E-5
53	132	0	6.929E-5	4.43456E-5	53	133	1	8.6801E-4	5.55526E-4
53	133	0	8.6801E-4	5.55526E-4	53	134	0	0.00434071	0.00277805
53	134	1	0.00395411	0.00253063	53	135	0	0.0235261	0.00752834
53	136	0	0.0174141	0.00557251	53	136	1	0.0173345	0.00554703
53	137	0	0.0305965	0.00979089	53	138	0	0.0212822	0.00681031
53	139	0	0.00995443	0.00637084	53	140	0	0.00273063	0.0017476
53	141	0	5.83654E-4	3.73539E-4	53	142	0	6.766E-5	4.33024E-5
53	143	0	1.33716E-6	8.55781E-7	53	144	0	1.82975E-7	1.17104E-7
53	145	0	1.71513E-8	1.09768E-8	53	146	0	3.86492E-11	2.47355E-11
53	147	0	3.18911E-12	2.04103E-12	54	131	0	6.39E-10	4.0896E-10
54	131	1	1.82E-9	1.1648E-9	54	132	0	1.9E-7	1.216E-7
54	133	0	2.03E-6	1.2992E-6	54	133	1	5.77E-6	3.6928E-6
54	134	0	4.575E-5	2.928E-5	54	134	1	1.237E-4	7.9168E-5
54	135	0	3.8889E-4	2.4889E-4	54	135	1	0.00110979	7.10266E-4
54	136	0	0.00772219	0.0049422	54	137	0	0.0270097	0.00621224
54	138	0	0.0362733	0.00580372	54	139	0	0.0399661	0.0127891
54	140	0	0.0326423	0.0104455	54	141	0	0.0170615	0.00545969
54	142	0	0.00660042	0.00422427	54	143	1	7.47381E-4	4.78324E-4
54	143	0	7.47381E-4	4.78324E-4	54	144	0	2.41067E-4	1.54283E-4
54	145	0	1.91728E-5	1.22706E-5	54	146	0	1.05996E-6	6.78375E-7
54	147	0	7.421E-8	4.74944E-8	54	148	0	5.82E-10	3.7248E-10
54	149	0	4.74332E-12	3.03573E-12	54	150	0	4.75E-14	3.04E-14
55	131	0	2.84E-14	1.8176E-14	55	132	0	7.34E-12	4.6976E-12
55	133	0	1.36E-9	8.704E-10	55	134	1	5.2E-8	3.328E-8
55	134	0	5.2E-8	3.328E-8	55	135	1	1.95E-6	1.248E-6
55	135	0	1.95E-6	1.248E-6	55	136	1	3.874E-5	2.47936E-5
55	136	0	3.874E-5	2.47936E-5	55	137	0	7.0771E-4	4.52934E-4
55	138	0	0.00149657	9.57805E-4	55	138	1	0.00149988	9.59923E-4
55	139	0	0.0105147	0.00672943	55	140	0	0.0177703	0.00568648
55	141	0	0.0274398	0.00878074	55	142	0	0.0248603	0.00795529
55	143	0	0.0175269	0.0056086	55	144	0	0.00742866	0.00475434
55	145	0	0.0020704	0.00132506	55	146	0	3.3519E-4	2.14522E-4
55	147	0	5.12131E-5	3.27764E-5	55	148	0	2.1E-6	1.344E-6
55	149	0	6.81405E-8	4.36099E-8	55	150	0	2.0E-9	1.28E-9
55	151	0	7.15706E-12	4.58052E-12	55	152	0	4.08369E-13	2.61356E-13
56	133	0	1.49E-14	9.536E-15	56	134	0	5.35E-12	3.424E-12
56	135	1	3.525E-10	2.256E-10	56	135	0	3.525E-10	2.256E-10
56	136	1	2.51E-8	1.6064E-8	56	136	0	2.51E-8	1.6064E-8
56	137	0	4.57E-7	2.9248E-7	56	137	1	1.3E-6	8.32E-7
56	138	0	2.714E-5	1.73696E-5	56	139	0	2.4156E-4	1.54598E-4
56	140	0	0.0014284	9.14176E-4	56	141	0	0.00511954	0.00327651
56	142	0	0.0138656	0.00443698	56	143	0	0.0235218	0.00752698
56	144	0	0.0290388	0.0092924	56	145	0	0.019758	0.00632255
56	146	0	0.0107532	0.00344101	56	147	0	0.00313995	0.00200957
56	148	0	6.678E-4	4.27392E-4	56	149	0	7.61719E-5	4.875E-5
56	150	0	6.9E-6	4.416E-6	56	151	0	1.66544E-7	1.06588E-7
56	152	0	1.11996E-8	7.16774E-9	56	153	0	5.62417E-11	3.59947E-11
56	154	0	2.21E-12	1.4144E-12	56	155	0	1.22565E-13	7.84415E-14
57	137	0	1.55E-10	9.92E-11	57	138	0	7.17E-9	4.5888E-9
57	139	0	2.39E-7	1.5296E-7	57	140	0	3.59E-6	2.2976E-6
57	141	0	4.581E-5	2.93184E-5	57	142	0	3.3071E-4	2.11654E-4
57	143	0	0.00299554	0.00191715	57	144	0	0.00575369	0.00368236
57	145	0	0.0113824	0.00364238	57	146	1	0.00747222	0.00478222
57	146	0	0.00747222	0.00478222	57	147	0	0.0135788	0.00434521
57	148	0	0.00730831	0.00467732	57	149	0	0.00280219	0.0017934
57	150	0	6.985E-4	4.4704E-4	57	151	0	1.14933E-4	7.35574E-5
57	152	0	1.167E-5	7.4688E-6	57	153	0	8.07944E-7	5.17084E-7
57	154	0	2.54E-8	1.6256E-8	57	155	0	1.76071E-9	1.12686E-9
57	156	0	4.22954E-12	2.70691E-12	57	157	0	1.56849E-13	1.00383E-13
57	158	0	2.85129E-15	1.82483E-15	58	138	0	1.55E-13	9.92E-14
58	139	0	3.97E-12	2.5408E-12	58	139	1	1.13E-11	7.232E-12
58	140	0	7.29E-10	4.6656E-10	58	141	0	2.96E-8	1.8944E-8
58	142	0	7.76E-7	4.9664E-7	58	143	0	1.134E-5	7.2576E-6
58	144	0	1.2742E-4	8.15488E-5	58	145	0	7.0384E-4	4.50458E-4
58	146	0	0.00306813	0.0019636	58	147	0	0.00675451	0.00432289
58	148	0	0.0111979	0.00257551	58	149	0	0.0104393	0.00469768
58	150	0	0.00793419	0.00507788	58	151	0	0.00336043	0.00215068
58	152	0	0.00113805	7.28352E-4	58	153	0	2.1461E-4	1.3735E-4
58	154	0	2.484E-5	1.58976E-5	58	155	0	1.96824E-6	1.25967E-6
58	156	0	1.15996E-7	7.42373E-8	58	157	0	3.64984E-9	2.3359E-9
58	158	0	7.81972E-11	5.00462E-11	58	159	0	5.94436E-13	3.80439E-13
59	141	0	6.54E-13	4.1856E-13	59	142	1	2.52E-11	1.6128E-11
59	142	0	2.52E-11	1.6128E-11	59	143	0	3.09E-9	1.9776E-9
59	144	0	8.37E-9	5.3568E-9	59	144	1	8.46E-8	5.4144E-8
59	145	0	1.86E-6	1.1904E-6	59	146	0	2.362E-5	1.51168E-5
59	147	0	1.8056E-4	1.15558E-4	59	148	1	3.99795E-4	2.55869E-4
59	148	0	3.99795E-4	2.55869E-4	59	149	0	0.0023936	0.0015319
59	150	0	0.00424923	0.00271951	59	151	0	0.00538683	0.00242407
59	152	0	0.00428835	0.00274454	59	153	0	0.00251471	0.00160941
59	154	0	7.6501E-4	4.89606E-4	59	155	0	2.0692E-4	1.32429E-4
59	156	0	3.256E-5	2.08384E-5	59	157	0	3.59E-6	2.2976E-6
59	158	0	2.15E-7	1.376E-7	59	159	0	8.53941E-9	5.46522E-9
59	160	0	2.21E-10	1.4144E-10	59	161	0	1.02704E-12	6.57304E-13
59	162	0	3.03725E-14	1.94384E-14	59	163	0	5.02775E-16	3.21776E-16
60	143	0	4.76E-14	3.0464E-14	60	144	0	5.57E-12	3.5648E-12
60	145	0	3.36E-10	2.1504E-10	60	146	0	1.67E-8	1.0688E-8
60	147	0	3.75E-7	2.4E-7	60	148	0	6.26E-6	4.0064E-6
60	149	0	4.977E-5	3.18528E-5	60	150	0	3.1301E-4	2.00326E-4
60	151	0	0.00100822	6.45261E-4	60	152	0	0.00240876	0.00154161
60	153	0	0.00325287	0.00208184	60	154	0	0.00298802	0.00134461
60	155	0	0.00192547	0.0012323	60	156	0	9.3694E-4	5.99642E-4
60	157	0	2.6162E-4	1.67437E-4	60	158	0	5.248E-5	3.35872E-5
60	159	0	5.65E-6	3.616E-6	60	160	0	5.01E-7	3.2064E-7
60	161	0	2.3899E-8	1.52953E-8	60	162	0	8.3297E-10	5.33101E-10
60	163	0	1.16995E-11	7.48768E-12	60	164	0	6.84E-14	4.3776E-14
60	165	0	1.08586E-15	6.94947E-16	60	166	0	6.84465E-17	4.38058E-17
61	146	0	3.18E-13	2.0352E-13	61	147	0	2.75E-11	1.76E-11
61	148	0	3.83E-10	2.4512E-10	61	148	1	1.04E-9	6.656E-10
61	149	0	4.43E-8	2.8352E-8	61	150	0	7.78E-7	4.9792E-7
61	151	0	9.02E-6	5.7728E-6	61	152	2	1.90067E-5	1.21643E-5
61	152	0	1.90067E-5	1.21643E-5	61	152	1	1.90067E-5	1.21643E-5
61	153	0	2.4859E-4	1.59098E-4	61	154	0	2.8293E-4	1.81075E-4
61	154	1	2.8293E-4	1.81075E-4	61	155	0	0.00108201	6.92486E-4
61	156	0	0.00118035	7.55424E-4	61	157	0	9.5631E-4	6.12038E-4
61	158	0	4.5251E-4	2.89606E-4	61	159	0	1.5325E-4	9.808E-5
61	160	0	3.393E-5	2.17152E-5	61	161	0	5.5E-6	3.52E-6
61	162	0	5.06E-7	3.2384E-7	61	163	0	2.52E-8	1.6128E-8
61	164	0	4.14E-10	2.6496E-10	61	165	0	1.55989E-11	9.98331E-12
61	166	0	8.34292E-13	5.33947E-13	61	167	0	1.2419E-15	7.94815E-16
61	168	0	1.84131E-17	1.17844E-17	62	148	0	2.63E-14	1.6832E-14
62	149	0	2.5E-12	1.6E-12	62	150	0	1.69E-10	1.0816E-10
62	151	0	5.83E-9	3.7312E-9	62	152	0	1.34E-7	8.576E-8
62	153	0	1.63E-6	1.0432E-6	62	154	0	1.312E-5	8.3968E-6
62	155	0	6.51E-5	4.1664E-5	62	156	0	2.1862E-4	1.39917E-4
62	157	0	4.0999E-4	2.62394E-4	62	158	0	5.5715E-4	3.56576E-4
62	159	0	4.2404E-4	2.71386E-4	62	160	0	2.6859E-4	1.71898E-4
62	161	0	1.042E-4	6.6688E-5	62	162	0	2.979E-5	1.90656E-5
62	163	0	3.86E-6	2.4704E-6	62	164	0	2.17E-7	1.3888E-7
62	165	0	2.18E-8	1.3952E-8	62	166	0	1.09917E-9	7.03466E-10
62	167	0	2.88988E-11	1.84952E-11	62	168	0	5.04982E-13	3.23188E-13
62	169	0	2.58935E-15	1.65718E-15	62	171	0	3.67695E-18	2.35325E-18
63	151	0	1.28E-13	8.192E-14	63	152	2	2.9E-12	1.856E-12
63	152	0	2.9E-12	1.856E-12	63	152	1	2.9E-12	1.856E-12
63	153	0	3.92E-10	2.5088E-10	63	154	1	4.685E-9	2.9984E-9
63	154	0	4.685E-9	2.9984E-9	63	155	0	1.67E-7	1.0688E-7
63	156	0	1.5E-6	9.6E-7	63	157	0	9.29E-6	5.9456E-6
63	158	0	3.134E-5	2.00576E-5	63	159	0	7.222E-5	4.62208E-5
63	160	0	1.0204E-4	6.53056E-5	63	161	0	1.1325E-4	7.248E-5
63	162	0	7.135E-5	4.5664E-5	63	163	0	2.745E-5	1.7568E-5
63	164	0	3.75E-6	2.4E-6	63	165	0	1.19E-6	7.616E-7
63	166	0	1.58E-7	1.0112E-7	63	167	0	1.39E-8	8.896E-9
63	168	0	6.7E-10	4.288E-10	63	169	0	3.71974E-11	2.38063E-11
63	170	0	8.83E-13	5.6512E-13	63	171	0	5.28214E-14	3.38057E-14
63	172	0	9.80816E-17	6.27722E-17	64	154	0	5.61E-13	3.5904E-13
64	155	0	2.93E-11	1.8752E-11	64	156	0	9.43E-10	6.0352E-10
64	157	0	1.62E-8	1.0368E-8	64	158	0	1.89E-7	1.2096E-7
64	159	0	1.15E-6	7.36E-7	64	160	0	5.14E-6	3.2896E-6
64	161	0	1.396E-5	8.9344E-6	64	162	0	2.56E-5	1.6384E-5
64	163	0	2.232E-5	1.42848E-5	64	164	0	8.72E-6	5.5808E-6
64	165	0	6.14E-6	3.9296E-6	64	166	0	2.46E-6	1.5744E-6
64	167	0	5.19E-7	3.3216E-7	64	168	0	8.21E-8	5.2544E-8
64	169	0	1.18E-8	7.552E-9	64	170	0	9.71E-10	6.2144E-10
64	171	0	5.90472E-11	3.77902E-11	64	172	0	2.6899E-12	1.72154E-12
65	156	0	1.44E-14	9.216E-15	65	157	0	9.85E-13	6.304E-13
65	158	0	2.97E-11	1.9008E-11	65	158	1	2.93E-12	1.8752E-12
65	159	0	7.08E-10	4.5312E-10	65	160	0	8.46E-9	5.4144E-9
65	161	0	7.89E-8	5.0496E-8	65	162	0	1.84E-7	1.1776E-7
65	162	1	1.84E-7	1.1776E-7	65	163	0	1.03E-6	6.592E-7
65	164	0	9.68E-7	6.1952E-7	65	165	0	1.96E-6	1.2544E-6
65	166	0	1.76E-6	1.1264E-6	65	167	0	1.04E-6	6.656E-7
65	168	0	3.79E-7	2.4256E-7	65	169	0	1.62E-7	1.0368E-7
65	170	0	3.34E-8	2.1376E-8	65	171	0	6.75E-9	4.32E-9
65	172	0	8.03E-10	5.1392E-10	66	159	0	2.84E-14	1.8176E-14
66	160	0	1.2E-12	7.68E-13	66	161	0	3.14E-11	2.0096E-11
66	162	0	5.05E-10	3.232E-10	66	163	0	3.86E-9	2.4704E-9
66	164	0	1.24E-8	7.936E-9	66	165	0	5.53E-8	3.5392E-8
66	165	1	7.54E-9	4.8256E-9	66	166	0	1.79E-7	1.1456E-7
66	167	0	2.45E-7	1.568E-7	66	168	0	2.6E-7	1.664E-7
66	169	0	2.42E-7	1.5488E-7	66	170	0	1.44E-7	9.216E-8
66	171	0	6.79E-8	4.3456E-8	66	172	0	2.44E-8	1.5616E-8
67	162	1	1.38E-14	8.832E-15	67	163	0	4.6E-13	2.944E-13
67	163	1	6.27E-14	4.0128E-14	67	164	0	1.27E-12	8.128E-13
67	164	1	3.43E-12	2.1952E-12	67	165	0	8.17E-11	5.2288E-11
67	166	0	1.71E-10	1.0944E-10	67	166	1	4.61E-10	2.9504E-10
67	167	0	2.83E-9	1.8112E-9	67	168	0	7.65E-9	4.896E-9
67	169	0	2.17E-8	1.3888E-8	67	170	0	1.51E-8	9.664E-9
67	170	1	1.51E-8	9.664E-9	67	171	0	4.11E-8	2.6304E-8
67	172	0	3.23E-8	2.0672E-8	68	166	0	1.98E-13	1.2672E-13
68	167	0	2.11E-12	1.3504E-12	68	167	1	2.88E-13	1.8432E-13
68	168	0	2.28E-11	1.4592E-11	68	169	0	1.69E-10	1.0816E-10
68	170	0	7.84E-10	5.0176E-10	68	171	0	2.68E-9	1.7152E-9
68	172	0	6.29E-9	4.0256E-9	69	169	0	4.88E-14	3.1232E-14
69	170	0	6.31E-13	4.0384E-13	69	171	0	7.52E-12	4.8128E-12
69	172	0	4.58E-11	2.9312E-11	70	172	0	3.05E-14	1.952E-14