Z	A	FPS	Yield	Uncertainty	Z	A	FPS	Yield	Uncertainty
23	66	0	2.2847E-17	1.46221E-17	23	67	0	2.32549E-18	1.48832E-18
24	66	0	1.67977E-13	1.07505E-13	24	67	0	1.70977E-14	1.09425E-14
24	69	0	1.33461E-16	8.54153E-17	25	66	0	5.16E-11	3.3024E-11
25	67	0	1.43E-11	9.152E-12	25	68	0	3.96E-12	2.5344E-12
25	69	0	6.56867E-13	4.20395E-13	25	70	0	1.04E-13	6.656E-14
25	72	0	3.08706E-16	1.97572E-16	26	66	0	1.25E-9	8.0E-10
26	67	0	8.93E-10	5.7152E-10	26	68	0	6.34E-10	4.0576E-10
26	69	0	2.84E-10	1.8176E-10	26	70	0	1.23E-10	7.872E-11
26	71	0	1.79E-11	1.1456E-11	26	72	0	2.26969E-12	1.4526E-12
26	73	0	2.35E-13	1.504E-13	26	74	0	1.76E-14	1.1264E-14
26	75	0	2.29545E-15	1.46909E-15	27	66	0	2.94E-9	1.8816E-9
27	67	0	4.97E-9	3.1808E-9	27	68	0	8.41E-9	5.3824E-9
27	69	0	9.48E-9	6.0672E-9	27	70	0	1.07E-8	6.848E-9
27	71	0	4.13E-9	2.6432E-9	27	72	0	1.42E-9	9.088E-10
27	73	0	4.03E-10	2.5792E-10	27	74	0	8.16E-11	5.2224E-11
27	75	0	1.12977E-11	7.23053E-12	27	76	0	7.93E-13	5.0752E-13
27	77	0	4.14781E-14	2.6546E-14	27	78	0	3.44064E-15	2.20201E-15
28	66	0	7.36E-10	4.7104E-10	28	67	0	2.93E-9	1.8752E-9
28	68	0	1.13E-8	7.232E-9	28	69	0	2.98E-8	1.9072E-8
28	70	0	8.04E-8	5.1456E-8	28	71	0	7.67E-8	4.9088E-8
28	72	0	6.72E-8	4.3008E-8	28	73	0	5.0E-8	3.2E-8
28	74	0	2.64E-8	1.6896E-8	28	75	0	9.99E-9	6.3936E-9
28	76	0	1.93E-9	1.2352E-9	28	77	0	3.04959E-10	1.95173E-10
28	78	0	2.52966E-11	1.61898E-11	28	79	0	2.25483E-12	1.44309E-12
28	80	0	1.41E-13	9.024E-14	29	66	0	1.7E-11	1.088E-11
29	67	0	1.72E-10	1.1008E-10	29	68	0	4.3E-10	2.752E-10
29	68	1	1.16E-9	7.424E-10	29	69	0	1.0E-8	6.4E-9
29	70	0	1.39E-8	8.896E-9	29	70	1	4.94E-8	3.1616E-8
29	71	0	1.41E-7	9.024E-8	29	72	0	2.9E-7	1.856E-7
29	73	0	5.23E-7	3.3472E-7	29	74	0	6.73E-7	4.3072E-7
29	75	0	6.55E-7	4.192E-7	29	76	0	3.34E-7	2.1376E-7
29	77	0	1.43E-7	9.152E-8	29	78	0	3.23E-8	2.0672E-8
29	79	0	1.10977E-8	7.10256E-9	29	80	0	1.39E-9	8.896E-10
29	81	0	1.07E-10	6.848E-11	29	82	0	4.69E-12	3.0016E-12
29	83	0	2.69268E-13	1.72331E-13	30	66	0	2.99E-14	1.9136E-14
30	67	0	8.19E-13	5.2416E-13	30	68	0	1.96E-11	1.2544E-11
30	69	0	5.44E-11	3.4816E-11	30	69	1	2.66E-10	1.7024E-10
30	70	0	5.08E-9	3.2512E-9	30	71	0	4.66E-9	2.9824E-9
30	71	1	2.28E-8	1.4592E-8	30	72	0	1.34E-7	8.576E-8
30	73	0	5.62E-7	3.5968E-7	30	74	0	1.65E-6	1.056E-6
30	75	0	3.82E-6	2.4448E-6	30	76	0	4.77E-6	3.0528E-6
30	77	0	5.13E-6	3.2832E-6	30	78	0	3.03E-6	1.9392E-6
30	79	0	2.77E-6	1.7728E-6	30	80	0	9.43E-7	6.0352E-7
30	81	0	1.94E-7	1.2416E-7	30	82	0	2.37E-8	1.5168E-8
30	83	0	1.97973E-9	1.26703E-9	30	84	0	8.01E-11	5.1264E-11
30	85	0	4.52997E-12	2.89918E-12	30	86	0	3.74E-14	2.3936E-14
31	68	0	1.78E-14	1.1392E-14	31	69	0	7.92E-13	5.0688E-13
31	70	0	3.38E-11	2.1632E-11	31	71	0	4.81E-10	3.0784E-10
31	72	1	3.01E-9	1.9264E-9	31	72	0	3.01E-9	1.9264E-9
31	73	0	6.27E-8	4.0128E-8	31	74	1	2.165E-7	1.3856E-7
31	74	0	2.165E-7	1.3856E-7	31	75	0	2.36E-6	1.5104E-6
31	76	0	6.84E-6	4.3776E-6	31	77	0	1.726E-5	1.10464E-5
31	78	0	2.442E-5	1.56288E-5	31	79	0	5.523E-5	3.53472E-5
31	80	0	4.809E-5	3.07776E-5	31	81	0	2.525E-5	1.616E-5
31	82	0	8.28E-6	5.2992E-6	31	83	0	1.95E-6	1.248E-6
31	84	0	2.29E-7	1.4656E-7	31	85	0	2.22955E-8	1.42691E-8
31	86	0	9.61E-10	6.1504E-10	31	87	0	1.83592E-11	1.17499E-11
31	88	0	9.83235E-13	6.29271E-13	32	70	0	1.61E-14	1.0304E-14
32	71	0	3.16E-13	2.0224E-13	32	71	1	3.16E-13	2.0224E-13
32	72	0	2.15E-11	1.376E-11	32	73	0	4.97E-10	3.1808E-10
32	73	1	1.02E-10	6.528E-11	32	74	0	1.05E-8	6.72E-9
32	75	0	1.74E-8	1.1136E-8	32	75	1	1.28E-7	8.192E-8
32	76	0	1.03E-6	6.592E-7	32	77	0	5.47E-6	3.5008E-6
32	77	1	7.46E-7	4.7744E-7	32	78	0	2.057E-5	1.31648E-5
32	79	1	5.4155E-5	3.46592E-5	32	79	0	5.4155E-5	3.46592E-5
32	80	0	2.2266E-4	1.42502E-4	32	81	0	2.7683E-4	1.77171E-4
32	82	0	2.2708E-4	1.45331E-4	32	83	0	1.4117E-4	9.03488E-5
32	84	0	4.638E-5	2.96832E-5	32	85	0	1.285E-5	8.224E-6
32	86	0	1.65E-6	1.056E-6	32	87	0	1.34982E-7	8.63883E-8
32	88	0	7.22902E-9	4.62657E-9	32	89	0	1.55807E-10	9.97162E-11
32	90	0	1.29578E-11	8.29298E-12	33	73	0	4.15E-13	2.656E-13
33	74	0	5.26E-12	3.3664E-12	33	74	1	1.42E-11	9.088E-12
33	75	0	7.27E-10	4.6528E-10	33	76	0	1.37E-8	8.768E-9
33	77	0	2.14E-7	1.3696E-7	33	78	0	1.77E-6	1.1328E-6
33	79	0	2.262E-5	1.44768E-5	33	80	0	1.0989E-4	7.03296E-5
33	81	0	3.1119E-4	1.99162E-4	33	82	0	2.9803E-4	1.90739E-4
33	82	1	2.9803E-4	1.90739E-4	33	83	0	9.0263E-4	5.77683E-4
33	84	1	3.8162E-4	2.44237E-4	33	84	0	3.8162E-4	2.44237E-4
33	85	0	5.6416E-4	3.61062E-4	33	86	0	2.0449E-4	1.30874E-4
33	87	0	4.982E-5	3.18848E-5	33	88	0	7.89E-6	5.0496E-6
33	89	0	7.66844E-7	4.9078E-7	33	90	0	6.37752E-8	4.08161E-8
33	91	0	5.20856E-10	3.33348E-10	33	92	0	3.48144E-11	2.22812E-11
33	93	0	6.14013E-12	3.92968E-12	34	75	0	2.58E-13	1.6512E-13
34	76	0	1.35E-11	8.64E-12	34	77	0	6.86E-11	4.3904E-11
34	77	1	5.03E-10	3.2192E-10	34	78	0	1.27E-8	8.128E-9
34	79	0	3.76E-7	2.4064E-7	34	79	1	5.13E-8	3.2832E-8
34	80	0	5.31E-6	3.3984E-6	34	81	0	4.37E-6	2.7968E-6
34	81	1	3.202E-5	2.04928E-5	34	82	0	1.6751E-4	1.07206E-4
34	83	0	5.0526E-4	3.23366E-4	34	83	1	1.0349E-4	6.62336E-5
34	84	0	0.00120961	7.7415E-4	34	85	0	0.00113861	7.2871E-4
34	85	1	0.00112999	7.23194E-4	34	86	0	0.00213222	0.00136462
34	87	0	0.00143517	9.18509E-4	34	88	0	6.3313E-4	4.05203E-4
34	89	0	1.8149E-4	1.16154E-4	34	90	0	3.24462E-5	2.07656E-5
34	91	0	3.82948E-6	2.45087E-6	34	92	0	2.55965E-7	1.63818E-7
34	93	0	4.51439E-8	2.88921E-8	34	94	0	3.61E-10	2.3104E-10
34	95	0	2.5234E-11	1.61497E-11	34	96	0	8.37E-14	5.3568E-14
35	77	0	2.23E-14	1.4272E-14	35	77	1	8.39E-14	5.3696E-14
35	78	0	6.58E-12	4.2112E-12	35	79	0	1.28E-10	8.192E-11
35	79	1	4.81E-10	3.0784E-10	35	80	0	4.51E-9	2.8864E-9
35	80	1	1.6E-8	1.024E-8	35	81	0	3.65E-7	2.336E-7
35	82	0	3.2E-6	2.048E-6	35	82	1	1.18E-6	7.552E-7
35	83	0	4.125E-5	2.64E-5	35	84	0	6.961E-5	4.45504E-5
35	84	1	1.4792E-4	9.46688E-5	35	85	0	9.8255E-4	6.28832E-4
35	86	0	0.00114326	7.31686E-4	35	86	1	0.00114831	7.34918E-4
35	87	0	0.00392246	0.00251037	35	88	0	0.00443872	0.00284078
35	89	0	0.00345174	0.00220911	35	90	0	0.00169956	0.00108772
35	91	0	5.6759E-4	3.63258E-4	35	92	0	1.1336E-4	7.25504E-5
35	93	0	1.53749E-5	9.8399E-6	35	94	0	1.43E-6	9.152E-7
35	95	0	1.24196E-7	7.94854E-8	35	96	0	2.99E-9	1.9136E-9
35	97	0	6.22852E-11	3.98625E-11	35	98	0	2.93747E-12	1.87998E-12
36	79	1	2.95E-14	1.888E-14	36	79	0	2.95E-14	1.888E-14
36	80	0	5.56E-12	3.5584E-12	36	81	0	2.35E-10	1.504E-10
36	81	1	3.21E-11	2.0544E-11	36	82	0	8.79E-9	5.6256E-9
36	83	0	1.9E-7	1.216E-7	36	83	1	3.9E-8	2.496E-8
36	84	0	3.36E-6	2.1504E-6	36	85	0	3.406E-5	2.17984E-5
36	85	1	6.98E-6	4.4672E-6	36	86	0	2.5655E-4	1.64192E-4
36	87	0	0.00114247	7.31181E-4	36	88	0	0.00323603	0.00207106
36	89	0	0.00638962	0.00408936	36	90	0	0.00802249	0.00513439
36	91	0	0.0069926	0.00447526	36	92	0	0.00387976	0.00248305
36	93	0	0.00147954	9.46906E-4	36	94	0	3.951E-4	2.52864E-4
36	95	0	6.31858E-5	4.04389E-5	36	96	0	7.08E-6	4.5312E-6
36	97	0	4.57938E-7	2.9308E-7	36	98	0	2.15971E-8	1.38221E-8
36	99	0	2.90165E-10	1.85706E-10	36	100	0	1.44E-11	9.216E-12
37	81	0	1.31E-14	8.384E-15	37	83	0	9.06E-11	5.7984E-11
37	84	0	3.87E-9	2.4768E-9	37	85	0	1.36E-7	8.704E-8
37	86	1	1.225E-6	7.84E-7	37	86	0	1.225E-6	7.84E-7
37	87	0	3.191E-5	2.04224E-5	37	88	0	2.4423E-4	1.56307E-4
37	89	0	0.00129021	8.25734E-4	37	90	0	6.9092E-4	4.42189E-4
37	90	1	0.00337213	0.00215816	37	91	0	0.00880028	0.00563218
37	92	0	0.0124748	0.00399192	37	93	0	0.012219	0.00391009
37	94	0	0.00869401	0.00556417	37	95	0	0.00384921	0.00246349
37	96	0	0.00119457	7.64525E-4	37	97	0	2.1955E-4	1.40512E-4
37	98	0	2.923E-5	1.87072E-5	37	99	0	1.42813E-6	9.14E-7
37	100	0	1.55E-7	9.92E-8	37	101	0	1.86991E-9	1.19675E-9
37	102	0	1.33818E-10	8.56435E-11	37	103	0	2.03556E-11	1.30276E-11
38	84	0	3.02E-13	1.9328E-13	38	85	1	1.56E-11	9.984E-12
38	85	0	1.56E-11	9.984E-12	38	86	0	1.7E-9	1.088E-9
38	87	0	5.6E-8	3.584E-8	38	87	1	1.15E-8	7.36E-9
38	88	0	1.51E-6	9.664E-7	38	89	0	2.323E-5	1.48672E-5
38	90	0	2.0127E-4	1.28813E-4	38	91	0	0.00115729	7.40666E-4
38	92	0	0.00429346	0.00274781	38	93	0	0.0104286	0.00333716
38	94	0	0.0185788	0.00594521	38	95	0	0.020885	0.00668321
38	96	0	0.0165996	0.00531187	38	97	0	0.00809472	0.00518062
38	98	0	0.00287687	0.0018412	38	99	0	7.26572E-4	4.65006E-4
38	100	0	1.1354E-4	7.26656E-5	38	101	0	1.37481E-5	8.7988E-6
38	102	0	9.83866E-7	6.29674E-7	38	103	0	1.4966E-7	9.57824E-8
38	104	0	1.58E-9	1.0112E-9	38	105	0	7.02374E-11	4.4952E-11
39	87	0	9.82E-12	6.2848E-12	39	88	0	6.62E-10	4.2368E-10
39	89	0	5.33E-9	3.4112E-9	39	89	1	2.6E-8	1.664E-8
39	90	1	3.99E-7	2.5536E-7	39	90	0	3.99E-7	2.5536E-7
39	91	1	6.6E-6	4.224E-6	39	91	0	6.6E-6	4.224E-6
39	92	0	1.4051E-4	8.99264E-5	39	93	1	4.63815E-4	2.96842E-4
39	93	0	4.63815E-4	2.96842E-4	39	94	0	0.00426715	0.00273098
39	95	0	0.0120752	0.00386406	39	96	0	0.00209962	0.00134376
39	96	1	0.0212297	0.00679351	39	97	1	0.0139348	0.00891826
39	97	0	0.0139348	0.00891826	39	98	0	0.012168	0.00389376
39	98	1	0.0121675	0.00389361	39	99	0	0.0152612	0.00488358
39	100	0	0.00624203	0.0039949	39	101	0	0.00198824	0.00127247
39	102	0	3.9263E-4	2.51283E-4	39	103	0	5.09703E-5	3.2621E-5
39	104	0	4.91E-6	3.1424E-6	39	105	0	3.45693E-7	2.21243E-7
39	106	0	2.73756E-9	1.75204E-9	39	107	0	1.88715E-10	1.20778E-10
39	108	0	8.52681E-12	5.45716E-12	40	88	0	1.94E-14	1.2416E-14
40	89	0	2.88E-12	1.8432E-12	40	90	1	1.11E-10	7.104E-11
40	90	0	1.11E-10	7.104E-11	40	91	0	1.1E-8	7.04E-9
40	92	0	3.57E-7	2.2848E-7	40	93	0	6.85E-6	4.384E-6
40	94	0	8.922E-5	5.71008E-5	40	95	0	6.9169E-4	4.42682E-4
40	96	0	0.00344612	0.00220552	40	97	0	0.0102728	0.00328729
40	98	0	0.0213975	0.00684719	40	99	0	0.0312852	0.0100112
40	100	0	0.0309603	0.0099073	40	101	0	0.0239712	0.00767077
40	102	0	0.0121774	0.00389677	40	103	0	0.00421054	0.00269475
40	104	0	0.00107489	6.8793E-4	40	105	0	1.75874E-4	1.1256E-4
40	106	0	2.01273E-5	1.28814E-5	40	107	0	1.38749E-6	8.87992E-7
40	108	0	6.26915E-8	4.01225E-8	40	109	0	6.74417E-10	4.31627E-10
40	110	0	1.02E-11	6.528E-12	41	91	0	6.21E-13	3.9744E-13
41	92	0	6.28E-11	4.0192E-11	41	93	0	3.02E-9	1.9328E-9
41	93	1	6.18E-10	3.9552E-10	41	94	0	8.89E-8	5.6896E-8
41	94	1	5.22E-8	3.3408E-8	41	95	0	2.66E-6	1.7024E-6
41	95	1	5.45E-7	3.488E-7	41	96	0	4.463E-5	2.85632E-5
41	97	0	2.9998E-4	1.91987E-4	41	97	1	6.144E-5	3.93216E-5
41	98	0	0.00150786	9.6503E-4	41	98	1	4.2532E-4	2.72205E-4
41	99	0	5.4752E-4	3.50413E-4	41	99	1	0.00629592	0.00402939
41	100	0	0.00816979	0.00522867	41	100	1	0.00816979	0.00522867
41	101	0	0.0294497	0.00942389	41	102	1	0.0178891	0.011449
41	102	0	0.0178891	0.011449	41	103	0	0.0302401	0.00967682
41	104	1	0.00950859	0.00608549	41	104	0	0.00950859	0.00608549
41	105	0	0.00812986	0.00520311	41	106	0	0.00243158	0.00155621
41	107	0	4.72542E-4	3.02427E-4	41	108	0	5.985E-5	3.8304E-5
41	109	0	3.31933E-6	2.12437E-6	41	110	0	1.02E-7	6.528E-8
41	111	0	3.76703E-10	2.4109E-10	42	93	1	6.45E-14	4.128E-14
42	93	0	6.45E-14	4.128E-14	42	94	0	1.52E-11	9.728E-12
42	95	0	1.05E-9	6.72E-10	42	96	0	4.26E-8	2.7264E-8
42	97	0	9.939999E-7	6.3616E-7	42	98	0	1.464E-5	9.3696E-6
42	99	0	1.3605E-4	8.7072E-5	42	100	0	8.4937E-4	5.43597E-4
42	101	0	0.00378227	0.00242065	42	102	0	0.0112612	0.00360359
42	103	0	0.0227925	0.0072936	42	104	0	0.0333179	0.0106617
42	105	0	0.0343435	0.0109899	42	106	0	0.0248325	0.0079464
42	107	0	0.0123756	0.00396019	42	108	0	0.0042339	0.0027097
42	109	0	7.0774E-4	4.52954E-4	42	110	0	6.871E-5	4.39744E-5
42	111	0	2.76962E-6	1.77256E-6	42	112	0	2.97E-14	1.9008E-14
42	113	0	3.89345E-16	2.49181E-16	42	117	0	4.11333E-12	2.63253E-12
42	118	0	3.09297E-13	1.9795E-13	43	95	0	1.88E-14	1.2032E-14
43	97	1	9.5E-11	6.08E-11	43	97	0	9.5E-11	6.08E-11
43	98	0	7.98E-9	5.1072E-9	43	99	0	1.69E-7	1.0816E-7
43	99	1	3.47E-8	2.2208E-8	43	100	0	3.55E-6	2.272E-6
43	101	0	4.205E-5	2.6912E-5	43	102	0	1.6668E-4	1.06675E-4
43	102	1	1.6668E-4	1.06675E-4	43	103	0	0.00174092	0.00111419
43	104	0	0.00620972	0.00397422	43	105	0	0.0154999	0.00495997
43	106	0	0.026116	0.00835711	43	107	0	0.0310561	0.00993794
43	108	0	0.0264503	0.00846408	43	109	0	0.0122231	0.00391139
43	110	0	0.00350356	0.00224228	43	111	0	4.677E-4	2.99328E-4
43	112	0	2.81E-7	1.7984E-7	43	113	0	6.38E-9	4.0832E-9
43	114	0	1.76E-10	1.1264E-10	43	115	0	7.88444E-14	5.04604E-14
43	116	0	3.11E-13	1.9904E-13	43	117	0	2.02449E-8	1.29567E-8
43	118	0	1.52229E-9	9.74264E-10	43	119	0	3.33185E-12	2.13238E-12
43	120	0	4.93658E-14	3.15941E-14	44	98	0	2.9E-13	1.856E-13
44	99	0	2.09E-11	1.3376E-11	44	100	0	1.04E-9	6.656E-10
44	101	0	3.42E-8	2.1888E-8	44	102	0	7.63E-7	4.8832E-7
44	103	0	1.101E-5	7.0464E-6	44	104	0	1.0355E-4	6.6272E-5
44	105	0	6.7968E-4	4.34995E-4	44	106	0	0.00284624	0.00182159
44	107	0	0.00833972	0.00533742	44	108	0	0.017445	0.0055824
44	109	1	0.0104811	0.00670789	44	109	0	0.0104811	0.00670789
44	110	0	0.0162215	0.00519089	44	111	0	0.00650668	0.00416428
44	112	0	0.00115846	7.41414E-4	44	113	0	1.4834E-4	9.49376E-5
44	114	0	1.895E-5	1.2128E-5	44	115	0	1.93E-6	1.2352E-6
44	116	0	4.42E-7	2.8288E-7	44	117	0	1.02998E-5	6.59184E-6
44	118	0	7.74477E-7	4.95666E-7	44	119	0	2.44967E-8	1.56779E-8
44	120	0	3.62951E-10	2.32288E-10	44	121	0	3.04706E-12	1.95012E-12
44	122	0	1.02E-14	6.528E-15	45	101	0	3.19E-13	2.0416E-13
45	101	1	1.56E-12	9.984E-13	45	102	0	6.02E-11	3.8528E-11
45	102	1	6.02E-11	3.8528E-11	45	103	0	5.97E-10	3.8208E-10
45	103	1	4.38E-9	2.8032E-9	45	104	0	2.84E-8	1.8176E-8
45	104	1	1.01E-7	6.464E-8	45	105	0	2.08E-6	1.3312E-6
45	105	1	2.84E-7	1.8176E-7	45	106	0	1.323E-5	8.4672E-6
45	106	1	1.323E-5	8.4672E-6	45	107	0	2.0754E-4	1.32826E-4
45	108	0	5.7712E-4	3.69357E-4	45	108	1	5.7712E-4	3.69357E-4
45	109	0	0.00190729	0.00122067	45	109	1	0.00190727	0.00122065
45	110	0	0.00400291	0.00256186	45	110	1	0.00400291	0.00256186
45	111	0	0.00913408	0.00584581	45	112	0	0.00772257	0.00347516
45	113	0	0.00344728	0.00220626	45	114	0	0.00148277	9.48973E-4
45	115	0	4.9325E-4	3.1568E-4	45	116	0	3.1986E-4	2.0471E-4
45	117	0	2.5046E-4	1.60294E-4	45	118	0	6.555E-5	4.1952E-5
45	119	0	8.12E-6	5.1968E-6	45	120	0	4.9E-7	3.136E-7
45	121	0	1.4997E-8	9.59805E-9	45	122	0	2.41E-10	1.5424E-10
45	123	0	1.71E-12	1.0944E-12	46	103	0	1.49E-13	9.536E-14
46	104	0	1.09E-11	6.976E-12	46	105	0	5.75E-10	3.68E-10
46	106	0	1.79E-8	1.1456E-8	46	107	0	1.22E-7	7.808E-8
46	107	1	2.72E-7	1.7408E-7	46	108	0	6.25E-6	4.0E-6
46	109	0	1.923E-5	1.23072E-5	46	109	1	4.28E-5	2.7392E-5
46	110	0	3.8695E-4	2.47648E-4	46	111	0	4.1826E-4	2.67686E-4
46	111	1	9.3097E-4	5.95821E-4	46	112	0	4.0695E-4	2.60448E-4
46	113	0	6.1829E-4	3.95706E-4	46	114	0	6.9343E-4	4.43795E-4
46	115	0	5.223E-4	3.34272E-4	46	116	0	6.696E-4	4.28544E-4
46	117	0	5.8756E-4	3.76038E-4	46	118	0	4.8187E-4	3.08397E-4
46	119	0	2.1207E-4	1.35725E-4	46	120	0	4.825E-5	3.088E-5
46	121	0	5.82E-6	3.7248E-6	46	122	0	3.83E-7	2.4512E-7
46	123	0	1.13E-8	7.232E-9	46	130	0	1.49E-13	9.536E-14
47	106	0	2.18E-13	1.3952E-13	47	106	1	5.9E-13	3.776E-13
47	107	0	6.19E-12	3.9616E-12	47	107	1	4.54E-11	2.9056E-11
47	108	1	1.2E-9	7.68E-10	47	108	0	1.2E-9	7.68E-10
47	109	1	3.76E-8	2.4064E-8	47	109	0	3.76E-8	2.4064E-8
47	110	0	4.04E-7	2.5856E-7	47	110	1	1.09E-6	6.976E-7
47	111	0	2.1E-6	1.344E-6	47	111	1	1.538E-5	9.8432E-6
47	112	0	2.29E-8	1.4656E-8	47	113	0	2.33E-8	1.4912E-8
47	113	1	1.71E-7	1.0944E-7	47	114	0	9.27E-7	5.9328E-7
47	115	0	1.21E-6	7.744E-7	47	115	1	1.21E-6	7.744E-7
47	116	0	4.16E-6	2.6624E-6	47	116	1	4.16E-6	2.6624E-6
47	117	0	7.368E-5	4.71552E-5	47	117	1	7.368E-5	4.71552E-5
47	118	0	1.8568E-4	1.18835E-4	47	118	1	1.8568E-4	1.18835E-4
47	119	0	5.3218E-4	3.40595E-4	47	120	1	2.0407E-4	1.30605E-4
47	120	0	2.0407E-4	1.30605E-4	47	121	0	1.762E-4	1.12768E-4
47	122	1	2.195E-5	1.4048E-5	47	122	0	2.195E-5	1.4048E-5
47	123	0	5.15E-6	3.296E-6	47	124	0	5.12E-11	3.2768E-11
47	125	0	3.36E-12	2.1504E-12	47	126	0	2.88E-13	1.8432E-13
47	127	0	1.66E-14	1.0624E-14	47	129	0	1.04173E-16	6.66705E-17
47	130	0	3.72E-9	2.3808E-9	47	131	0	9.53317E-11	6.10123E-11
47	132	0	4.56939E-12	2.92441E-12	48	108	0	6.13E-14	3.9232E-14
48	109	0	6.2E-12	3.968E-12	48	110	0	4.05E-10	2.592E-10
48	111	0	3.5E-9	2.24E-9	48	111	1	1.32E-8	8.448E-9
48	113	1	2.15E-14	1.376E-14	48	114	0	6.3E-13	4.032E-13
48	115	0	1.42E-12	9.088E-13	48	115	1	5.34E-12	3.4176E-12
48	116	0	7.43E-11	4.7552E-11	48	117	0	7.15E-7	4.576E-7
48	117	1	2.69E-6	1.7216E-6	48	118	0	2.905E-5	1.8592E-5
48	119	0	7.145E-5	4.5728E-5	48	119	1	7.145E-5	4.5728E-5
48	120	0	3.5938E-4	2.30003E-4	48	121	1	2.53065E-4	1.61962E-4
48	121	0	2.53065E-4	1.61962E-4	48	122	0	4.2766E-4	2.73702E-4
48	123	0	1.8068E-4	1.15635E-4	48	124	0	7.53E-6	4.8192E-6
48	125	0	1.86E-6	1.1904E-6	48	126	0	6.06E-7	3.8784E-7
48	127	0	1.34E-7	8.576E-8	48	128	0	2.24E-8	1.4336E-8
48	129	0	2.55E-9	1.632E-9	48	130	0	6.21E-6	3.9744E-6
48	131	0	7.00905E-7	4.48579E-7	48	132	0	3.35954E-8	2.15011E-8
48	133	0	5.07844E-10	3.2502E-10	48	134	0	6.24E-12	3.9936E-12
49	111	0	1.08E-12	6.912E-13	49	117	0	4.97E-9	3.1808E-9
49	117	1	1.02E-9	6.528E-10	49	118	2	2.075E-8	1.328E-8
49	118	0	1.47E-7	9.408E-8	49	118	1	2.075E-8	1.328E-8
49	119	0	2.95E-6	1.888E-6	49	119	1	6.05E-7	3.872E-7
49	120	2	1.08067E-5	6.91627E-6	49	120	0	1.08067E-5	6.91627E-6
49	120	1	1.08067E-5	6.91627E-6	49	121	0	1.2927E-4	8.27328E-5
49	121	1	2.648E-5	1.69472E-5	49	122	2	1.43407E-4	9.17803E-5
49	122	0	1.43407E-4	9.17803E-5	49	122	1	1.43407E-4	9.17803E-5
49	123	0	4.9334E-4	3.15738E-4	49	123	1	1.0105E-4	6.4672E-5
49	124	1	3.80455E-4	2.43491E-4	49	124	0	3.80455E-4	2.43491E-4
49	125	0	2.9211E-4	1.8695E-4	49	125	1	2.9211E-4	1.8695E-4
49	126	1	3.1344E-4	2.00602E-4	49	126	0	3.1344E-4	2.00602E-4
49	127	0	2.3904E-4	1.52986E-4	49	127	1	2.3904E-4	1.52986E-4
49	128	1	1.5278E-4	9.77792E-5	49	128	0	1.5278E-4	9.77792E-5
49	129	0	7.431E-5	4.75584E-5	49	129	1	7.431E-5	4.75584E-5
49	130	2	2.50223E-4	1.60143E-4	49	130	1	2.50223E-4	1.60143E-4
49	130	0	2.50223E-4	1.60143E-4	49	131	1	1.25945E-4	8.06048E-5
49	131	0	1.25945E-4	8.06048E-5	49	132	0	3.862E-5	2.47168E-5
49	133	0	2.49949E-6	1.59968E-6	49	134	0	8.58E-8	5.4912E-8
49	135	0	7.08528E-10	4.53458E-10	49	136	0	1.73E-11	1.1072E-11
50	117	1	3.6E-13	2.304E-13	50	117	0	3.6E-13	2.304E-13
50	118	0	8.75E-11	5.6E-11	50	119	0	1.42E-9	9.088E-10
50	119	1	5.35E-9	3.424E-9	50	120	0	2.46E-7	1.5744E-7
50	121	0	1.17E-6	7.488E-7	50	121	1	3.33E-6	2.1312E-6
50	122	0	4.473E-5	2.86272E-5	50	123	0	1.55E-4	9.92E-5
50	123	1	5.446E-5	3.48544E-5	50	124	0	4.276E-4	2.73664E-4
50	125	0	5.241E-4	3.35424E-4	50	125	1	1.8414E-4	1.1785E-4
50	126	0	0.00165266	7.43697E-4	50	127	0	0.00213087	0.00136376
50	127	1	7.4868E-4	4.79155E-4	50	128	1	0.00238705	0.00152771
50	128	0	0.00238705	0.00152771	50	129	0	0.00522191	0.00334202
50	129	1	0.0018308	0.00117171	50	130	1	0.00383251	0.0024528
50	130	0	0.00383251	0.0024528	50	131	1	0.00353959	0.00226534
50	131	0	0.00353959	0.00226534	50	132	0	0.00326242	0.00208795
50	133	0	6.917E-4	4.42688E-4	50	134	0	7.978E-5	5.10592E-5
50	135	0	5.20929E-6	3.33395E-6	50	136	0	1.91E-7	1.2224E-7
50	137	0	4.46E-9	2.8544E-9	50	138	0	6.85E-11	4.384E-11
50	139	0	3.67679E-12	2.35315E-12	51	119	0	8.84E-13	5.6576E-13
51	120	0	4.95E-11	3.168E-11	51	120	1	8.43E-11	5.3952E-11
51	121	0	1.0E-8	6.4E-9	51	122	0	1.7E-7	1.088E-7
51	122	1	2.25E-7	1.44E-7	51	123	0	7.01E-6	4.4864E-6
51	124	2	2.52667E-7	1.61707E-7	51	124	0	2.52667E-7	1.61707E-7
51	124	1	2.52667E-7	1.61707E-7	51	125	0	4.02E-6	2.5728E-6
51	126	2	8.165E-6	5.2256E-6	51	126	0	1.182E-5	7.5648E-6
51	126	1	8.165E-6	5.2256E-6	51	127	0	1.354E-4	8.6656E-5
51	128	0	2.5178E-4	1.61139E-4	51	128	1	3.477E-4	2.22528E-4
51	129	0	0.00227013	0.00145288	51	130	0	0.00338618	0.00216716
51	130	1	0.0046761	0.0029927	51	131	0	0.0190071	0.00608227
51	132	0	0.0127114	0.00406765	51	132	1	0.0112724	0.00360716
51	133	0	0.0152197	0.0048703	51	134	1	0.00275121	0.00176077
51	134	0	0.00275121	0.00176077	51	135	0	0.00117079	7.49306E-4
51	136	0	1.4359E-4	9.18976E-5	51	137	0	1.087E-5	6.9568E-6
51	138	0	5.18E-7	3.3152E-7	51	139	0	1.80963E-8	1.15816E-8
51	140	0	2.69268E-10	1.72331E-10	51	141	0	2.97928E-11	1.90674E-11
52	121	1	7.7E-13	4.928E-13	52	121	0	7.7E-13	4.928E-13
52	122	0	2.53E-10	1.6192E-10	52	123	0	3.84E-9	2.4576E-9
52	123	1	1.45E-8	9.28E-9	52	124	0	7.05E-13	4.512E-13
52	125	0	3.21E-12	2.0544E-12	52	125	1	1.21E-11	7.744E-12
52	126	0	3.7E-10	2.368E-10	52	127	0	1.7E-9	1.088E-9
52	127	1	4.85E-9	3.104E-9	52	128	0	1.12E-7	7.168E-8
52	129	0	4.45E-7	2.848E-7	52	129	1	1.27E-6	8.128E-7
52	130	0	8.7868E-4	5.62355E-4	52	131	0	0.00142069	9.09242E-4
52	131	1	0.00404349	0.00258783	52	132	0	0.0184837	0.00591479
52	133	0	0.00848874	0.00543279	52	133	1	0.0241604	0.00773134
52	134	0	0.0335271	0.0107287	52	135	0	0.0212071	0.00678627
52	136	0	0.0080944	0.00518042	52	137	0	0.00188243	0.00120476
52	138	0	2.6897E-4	1.72141E-4	52	139	0	2.722E-5	1.74208E-5
52	140	0	1.97973E-6	1.26703E-6	52	141	0	2.19045E-7	1.40189E-7
52	142	0	2.92E-9	1.8688E-9	52	143	0	8.4088E-11	5.38163E-11
52	144	0	7.10665E-12	4.54825E-12	53	123	0	3.31E-12	2.1184E-12
53	129	0	6.2E-13	3.968E-13	53	130	0	5.97E-6	3.8208E-6
53	130	1	2.21E-6	1.4144E-6	53	131	0	1.465E-4	9.376E-5
53	132	1	7.2292E-4	4.62669E-4	53	132	0	7.2292E-4	4.62669E-4
53	133	1	0.00373698	0.00239166	53	133	0	0.00373698	0.00239166
53	134	0	0.0114812	0.00367397	53	134	1	0.0101831	0.00234211
53	135	0	0.0380389	0.0121724	53	136	0	0.0205422	0.00657351
53	136	1	0.0205171	0.00656548	53	137	0	0.0268174	0.00858157
53	138	0	0.0106847	0.00341911	53	139	0	0.00296779	0.00189939
53	140	0	5.9219E-4	3.79002E-4	53	141	0	7.46009E-5	4.77446E-5
53	142	0	7.3E-6	4.672E-6	53	143	0	4.13862E-7	2.64872E-7
53	144	0	3.49773E-8	2.23855E-8	53	145	0	1.26474E-10	8.09435E-11
53	146	0	4.24301E-12	2.71552E-12	54	130	0	5.52E-9	3.5328E-9
54	131	0	7.84E-8	5.0176E-8	54	131	1	2.23E-7	1.4272E-7
54	132	0	9.38E-6	6.0032E-6	54	133	0	4.061E-5	2.59904E-5
54	133	1	1.1559E-4	7.39776E-5	54	134	0	3.7784E-4	2.41818E-4
54	134	1	0.00102157	6.53805E-4	54	135	0	0.00188536	0.00120663
54	135	1	0.00536533	0.00343381	54	136	0	0.0221725	0.00709521
54	137	0	0.0383643	0.0122766	54	138	0	0.0392981	0.0125754
54	139	0	0.0275622	0.00881991	54	140	0	0.014017	0.00448544
54	141	0	0.00478356	0.00306148	54	142	0	0.00129705	8.30112E-4
54	143	1	1.05278E-4	6.73779E-5	54	143	0	1.05278E-4	6.73779E-5
54	144	0	1.7795E-5	1.13888E-5	54	145	0	9.29874E-7	5.95119E-7
54	146	0	3.11958E-8	1.99653E-8	54	147	0	1.74458E-10	1.11653E-10
54	148	0	1.03E-11	6.592E-12	55	131	0	4.27E-11	2.7328E-11
55	132	0	4.35E-9	2.784E-9	55	133	0	2.47E-7	1.5808E-7
55	134	1	3.695E-6	2.3648E-6	55	134	0	3.695E-6	2.3648E-6
55	135	1	6.1995E-5	3.96768E-5	55	135	0	6.1995E-5	3.96768E-5
55	136	1	5.90415E-4	3.77866E-4	55	136	0	5.90415E-4	3.77866E-4
55	137	0	0.005819	0.00372416	55	138	0	0.00776373	0.00496879
55	138	1	0.00776501	0.00496961	55	139	0	0.026538	0.00849217
55	140	0	0.0321642	0.0102925	55	141	0	0.0272432	0.00871783
55	142	0	0.018928	0.00605696	55	143	0	0.00838124	0.00536399
55	144	0	0.00199454	0.00127651	55	145	0	3.0885E-4	1.97664E-4
55	146	0	3.142E-5	2.01088E-5	55	147	0	8.58641E-7	5.4953E-7
55	148	0	9.18E-8	5.8752E-8	55	149	0	6.29651E-10	4.02977E-10
55	150	0	4.73E-11	3.0272E-11	55	151	0	3.52798E-12	2.25791E-12
56	132	0	1.34E-13	8.576E-14	56	133	0	2.67E-11	1.7088E-11
56	134	0	2.76E-9	1.7664E-9	56	135	1	7.95E-8	5.088E-8
56	135	0	7.95E-8	5.088E-8	56	136	1	2.53E-6	1.6192E-6
56	136	0	2.53E-6	1.6192E-6	56	137	0	2.01E-5	1.2864E-5
56	137	1	5.722E-5	3.66208E-5	56	138	0	5.8807E-4	3.76365E-4
56	139	0	0.00263217	0.00168459	56	140	0	0.00788526	0.00504657
56	141	0	0.0164373	0.00525993	56	142	0	0.0277553	0.00888169
56	143	0	0.0308704	0.00987854	56	144	0	0.0189637	0.0060684
56	145	0	0.00806346	0.00516061	56	146	0	0.00233798	0.00149631
56	147	0	4.36841E-4	2.79578E-4	56	148	0	5.586E-5	3.57504E-5
56	149	0	4.62937E-6	2.9628E-6	56	150	0	2.52E-7	1.6128E-7
56	151	0	2.59387E-8	1.66008E-8	56	152	0	1.92E-10	1.2288E-10
56	153	0	5.03781E-12	3.2242E-12	56	154	0	2.84E-14	1.8176E-14
57	135	0	1.38E-11	8.832E-12	57	137	0	7.58E-8	4.8512E-8
57	138	0	1.75E-6	1.12E-6	57	139	0	2.209E-5	1.41376E-5
57	140	0	1.7762E-4	1.13677E-4	57	141	0	9.8781E-4	6.32198E-4
57	142	0	0.00429867	0.00275115	57	143	0	0.0121807	0.00389781
57	144	0	0.01867	0.0059744	57	145	0	0.0202381	0.0064762
57	146	1	0.00764987	0.00489591	57	146	0	0.00764987	0.00489591
57	147	0	0.00755943	0.00483804	57	148	0	0.00257726	0.00164945
57	149	0	6.046E-4	3.86944E-4	57	150	0	9.285E-5	5.9424E-5
57	151	0	8.83406E-6	5.6538E-6	57	152	0	6.13E-7	3.9232E-7
57	153	0	2.4795E-8	1.58688E-8	57	154	0	7.51E-10	4.8064E-10
57	155	0	9.91395E-12	6.34493E-12	57	156	0	3.78063E-13	2.4196E-13
58	137	0	5.02E-12	3.2128E-12	58	138	0	3.62E-10	2.3168E-10
58	139	0	3.48E-9	2.2272E-9	58	139	1	9.92E-9	6.3488E-9
58	140	0	3.04E-7	1.9456E-7	58	141	0	4.82E-6	3.0848E-6
58	142	0	5.857E-5	3.74848E-5	58	143	0	4.6127E-4	2.95213E-4
58	144	0	0.00189604	0.00121347	58	145	0	0.00543478	0.00347826
58	146	0	0.0105506	0.00337618	58	147	0	0.0129666	0.00414931
58	148	0	0.0108875	0.00348401	58	149	0	0.00662868	0.00424236
58	150	0	0.00267464	0.00171177	58	151	0	7.1141E-4	4.55302E-4
58	152	0	1.3762E-4	8.80768E-5	58	153	0	1.59E-5	1.0176E-5
58	154	0	1.33E-6	8.512E-7	58	155	0	7.28901E-8	4.66497E-8
58	156	0	2.77962E-9	1.77896E-9	58	157	0	7.6E-11	4.864E-11
58	158	0	1.21E-12	7.744E-13	58	159	0	5.0175E-14	3.2112E-14
59	139	0	5.44E-13	3.4816E-13	59	140	0	3.56E-11	2.2784E-11
59	141	0	1.67E-9	1.0688E-9	59	142	1	2.95E-8	1.888E-8
59	142	0	2.95E-8	1.888E-8	59	143	0	1.37E-6	8.768E-7
59	144	0	1.47E-6	9.408E-7	59	144	1	1.486E-5	9.5104E-6
59	145	0	1.3525E-4	8.656E-5	59	146	0	7.3232E-4	4.68685E-4
59	147	0	0.00235917	0.00150987	59	148	1	0.00245684	0.00157237
59	148	0	0.00245684	0.00157237	59	149	0	0.00745153	0.00476898
59	150	0	0.00734415	0.00470026	59	151	0	0.00499177	0.00319473
59	152	0	0.00249444	0.00159644	59	153	0	7.71E-4	4.9344E-4
59	154	0	1.6858E-4	1.07891E-4	59	155	0	2.55E-5	1.632E-5
59	156	0	2.66E-6	1.7024E-6	59	157	0	1.95E-7	1.248E-7
59	158	0	8.67E-9	5.5488E-9	59	159	0	2.4695E-10	1.58048E-10
59	160	0	4.77E-12	3.0528E-12	59	161	0	8.35002E-14	5.34401E-14
60	141	0	3.81E-14	2.4384E-14	60	142	0	4.02E-12	2.5728E-12
60	143	0	2.84E-10	1.8176E-10	60	144	0	1.02E-8	6.528E-9
60	145	0	2.57E-7	1.6448E-7	60	146	0	4.18E-6	2.6752E-6
60	147	0	3.836E-5	2.45504E-5	60	148	0	2.1547E-4	1.37901E-4
60	149	0	8.7142E-4	5.57709E-4	60	150	0	0.00215973	0.00138223
60	151	0	0.00367976	0.00235505	60	152	0	0.00447388	0.00286328
60	153	0	0.00340995	0.00218237	60	154	0	0.00180501	0.00115521
60	155	0	6.9928E-4	4.47539E-4	60	156	0	1.8812E-4	1.20397E-4
60	157	0	3.56E-5	2.2784E-5	60	158	0	4.27E-6	2.7328E-6
60	159	0	3.34E-7	2.1376E-7	60	160	0	1.79E-8	1.1456E-8
60	161	0	6.13917E-10	3.92907E-10	60	162	0	1.07E-11	6.848E-12
60	163	0	1.24E-13	7.936E-14	61	144	0	4.24E-13	2.7136E-13
61	145	0	3.36E-11	2.1504E-11	61	146	0	1.69E-9	1.0816E-9
61	147	0	4.65E-8	2.976E-8	61	148	0	2.02E-7	1.2928E-7
61	148	1	5.47E-7	3.5008E-7	61	149	0	8.75E-6	5.6E-6
61	150	0	5.936E-5	3.79904E-5	61	151	0	2.7442E-4	1.75629E-4
61	152	2	2.84127E-4	1.81841E-4	61	152	0	2.84127E-4	1.81841E-4
61	152	1	2.84127E-4	1.81841E-4	61	153	0	0.00160925	0.00102992
61	154	0	9.9225E-4	6.3504E-4	61	154	1	9.9225E-4	6.3504E-4
61	155	0	0.00183554	0.00117475	61	156	0	0.00117523	7.52147E-4
61	157	0	5.3224E-4	3.40634E-4	61	158	0	1.6153E-4	1.03379E-4
61	159	0	3.285E-5	2.1024E-5	61	160	0	4.69E-6	3.0016E-6
61	161	0	4.38E-7	2.8032E-7	61	162	0	2.1E-8	1.344E-8
61	163	0	6.62E-10	4.2368E-10	61	164	0	1.5E-11	9.6E-12
61	165	0	2.31E-13	1.4784E-13	61	166	0	2.93747E-15	1.87998E-15
61	167	0	4.4742E-17	2.86349E-17	62	146	0	4.56E-14	2.9184E-14
62	147	0	3.83E-12	2.4512E-12	62	148	0	1.82E-10	1.1648E-10
62	149	0	6.4E-9	4.096E-9	62	150	0	1.25E-7	8.0E-8
62	151	0	1.69E-6	1.0816E-6	62	152	0	1.457E-5	9.3248E-6
62	153	0	7.409E-5	4.74176E-5	62	154	0	2.2669E-4	1.45082E-4
62	155	0	5.1584E-4	3.30138E-4	62	156	0	7.7515E-4	4.96096E-4
62	157	0	7.9873E-4	5.11187E-4	62	158	0	5.688E-4	3.64032E-4
62	159	0	2.7792E-4	1.77869E-4	62	160	0	9.834E-5	6.29376E-5
62	161	0	2.346E-5	1.50144E-5	62	162	0	2.95E-6	1.888E-6
62	163	0	2.44E-7	1.5616E-7	62	164	0	1.51E-8	9.664E-9
62	165	0	6.42E-10	4.1088E-10	62	166	0	2.15971E-11	1.38221E-11
62	167	0	3.28955E-13	2.10531E-13	62	169	0	1.2757E-16	8.16451E-17
63	149	0	3.14E-13	2.0096E-13	63	151	0	7.44E-10	4.7616E-10
63	152	2	6.21333E-9	3.97653E-9	63	152	0	6.21333E-9	3.97653E-9
63	152	1	6.21333E-9	3.97653E-9	63	153	0	2.72E-7	1.7408E-7
63	154	1	1.11E-6	7.104E-7	63	154	0	1.11E-6	7.104E-7
63	155	0	1.349E-5	8.6336E-6	63	156	0	5.128E-5	3.28192E-5
63	157	0	1.265E-4	8.096E-5	63	158	0	2.1446E-4	1.37254E-4
63	159	0	2.4472E-4	1.56621E-4	63	160	0	2.0169E-4	1.29082E-4
63	161	0	1.1374E-4	7.27936E-5	63	162	0	3.476E-5	2.22464E-5
63	163	0	7.03E-6	4.4992E-6	63	164	0	1.13E-6	7.232E-7
63	165	0	1.27E-7	8.128E-8	63	166	0	1.15E-8	7.36E-9
63	167	0	4.82E-10	3.0848E-10	63	168	0	2.32E-11	1.4848E-11
63	169	0	6.27872E-13	4.01838E-13	63	170	0	1.36E-14	8.704E-15
63	171	0	7.79245E-17	4.98717E-17	63	172	0	2.05351E-18	1.31424E-18
64	151	0	2.17E-14	1.3888E-14	64	152	0	1.62E-12	1.0368E-12
64	153	0	6.98E-11	4.4672E-11	64	154	0	1.58E-9	1.0112E-9
64	155	0	2.71E-8	1.7344E-8	64	156	0	2.78E-7	1.7792E-7
64	157	0	1.77E-6	1.1328E-6	64	158	0	7.73E-6	4.9472E-6
64	159	0	2.208E-5	1.41312E-5	64	160	0	4.41E-5	2.8224E-5
64	161	0	5.87E-5	3.7568E-5	64	162	0	4.177E-5	2.67328E-5
64	163	0	1.931E-5	1.23584E-5	64	164	0	7.37E-6	4.7168E-6
64	165	0	2.03E-6	1.2992E-6	64	166	0	4.69E-7	3.0016E-7
64	167	0	5.12E-8	3.2768E-8	64	168	0	6.58E-9	4.2112E-9
64	169	0	4.73E-10	3.0272E-10	64	170	0	2.83E-11	1.8112E-11
64	171	0	5.72922E-13	3.6667E-13	64	172	0	1.50979E-14	9.66269E-15
65	155	0	3.73E-12	2.3872E-12	65	156	0	9.72E-11	6.2208E-11
65	156	1	9.61E-12	6.1504E-12	65	157	0	1.83E-9	1.1712E-9
65	158	0	1.99E-8	1.2736E-8	65	158	1	1.96E-9	1.2544E-9
65	159	0	1.67E-7	1.0688E-7	65	160	0	8.77E-7	5.6128E-7
65	161	0	2.98E-6	1.9072E-6	65	162	0	2.62E-6	1.6768E-6
65	162	1	2.62E-6	1.6768E-6	65	163	0	5.68E-6	3.6352E-6
65	164	0	5.08E-6	3.2512E-6	65	165	0	3.26E-6	2.0864E-6
65	166	0	1.77E-6	1.1328E-6	65	167	0	4.65E-7	2.976E-7
65	168	0	1.48E-7	9.472E-8	65	169	0	2.66E-8	1.7024E-8
65	170	0	4.19E-9	2.6816E-9	65	171	0	2.28E-10	1.4592E-10
65	172	0	1.64E-11	1.0496E-11	66	157	0	1.28E-13	8.192E-14
66	158	0	4.28E-12	2.7392E-12	66	159	0	9.11E-11	5.8304E-11
66	160	0	1.31E-9	8.384E-10	66	161	0	1.21E-8	7.744E-9
66	162	0	5.68E-8	3.6352E-8	66	163	0	1.56E-7	9.984E-8
66	164	0	3.53E-7	2.2592E-7	66	165	0	4.87E-7	3.1168E-7
66	165	1	6.65E-8	4.256E-8	66	166	0	7.13E-7	4.5632E-7
66	167	0	4.37E-7	2.7968E-7	66	168	0	3.25E-7	2.08E-7
66	169	0	1.35E-7	8.64E-8	66	170	0	5.18E-8	3.3152E-8
66	171	0	7.09E-9	4.5376E-9	66	172	0	1.32E-9	8.448E-10
67	161	0	3.05E-12	1.952E-12	67	161	1	4.16E-13	2.6624E-13
67	162	0	1.22E-11	7.808E-12	67	162	1	3.29E-11	2.1056E-11
67	163	0	2.9E-10	1.856E-10	67	163	1	3.96E-11	2.5344E-11
67	164	0	5.44E-10	3.4816E-10	67	164	1	1.47E-9	9.408E-10
67	165	0	8.35E-9	5.344E-9	67	166	0	7.47E-9	4.7808E-9
67	166	1	2.02E-8	1.2928E-8	67	167	0	4.24E-8	2.7136E-8
67	168	0	7.62E-8	4.8768E-8	67	169	0	7.3E-8	4.672E-8
67	170	0	3.25E-8	2.08E-8	67	170	1	3.25E-8	2.08E-8
67	171	0	2.08E-8	1.3312E-8	67	172	0	9.26E-9	5.9264E-9
68	163	0	4.8E-14	3.072E-14	68	164	0	8.17E-13	5.2288E-13
68	165	0	9.35E-12	5.984E-12	68	166	0	8.45E-11	5.408E-11
68	167	0	3.05E-10	1.952E-10	68	167	1	4.16E-11	2.6624E-11
68	168	0	1.63E-9	1.0432E-9	68	169	0	3.89E-9	2.4896E-9
68	170	0	8.55E-9	5.472E-9	68	171	0	6.55E-9	4.192E-9
68	172	0	6.83E-9	4.3712E-9	69	166	0	1.8E-14	1.152E-14
69	167	0	2.05E-13	1.312E-13	69	168	0	2.65E-12	1.696E-12
69	169	0	1.67E-11	1.0688E-11	69	170	0	9.75E-11	6.24E-11
69	171	0	1.94E-10	1.2416E-10	69	172	0	5.09E-10	3.2576E-10
70	170	0	8.15E-14	5.216E-14	70	171	0	4.44E-13	2.8416E-13
70	172	0	3.14E-12	2.0096E-12