Z	A	FPS	Yield	Uncertainty	Z	A	FPS	Yield	Uncertainty
23	66	0	2.55635E-17	1.63606E-17	23	67	0	3.87098E-18	2.47743E-18
24	66	0	3.52975E-13	2.25904E-13	24	67	0	3.92962E-14	2.51495E-14
24	69	0	2.92717E-16	1.87339E-16	25	66	0	1.52E-10	9.72801E-11
25	67	0	5.01E-11	3.2064E-11	25	68	0	1.04E-11	6.65601E-12
25	69	0	1.30971E-12	8.38213E-13	25	70	0	9.30001E-14	5.952E-14
25	72	0	2.55635E-16	1.63606E-16	26	66	0	6.6E-9	4.224E-9
26	67	0	5.38E-9	3.4432E-9	26	68	0	3.2E-9	2.048E-9
26	69	0	1.08E-9	6.91201E-10	26	70	0	2.26E-10	1.4464E-10
26	71	0	3.3E-11	2.112E-11	26	72	0	3.52975E-12	2.25904E-12
26	73	0	2.04E-13	1.3056E-13	26	74	0	1.21E-14	7.74401E-15
26	75	0	2.34621E-15	1.50157E-15	27	66	0	1.92E-8	1.2288E-8
27	67	0	4.04E-8	2.5856E-8	27	68	0	5.65E-8	3.616E-8
27	69	0	5.36E-8	3.4304E-8	27	70	0	2.82E-8	1.8048E-8
27	71	0	1.19E-8	7.61601E-9	27	72	0	3.41E-9	2.1824E-9
27	73	0	5.88E-10	3.7632E-10	27	74	0	9.30001E-11	5.952E-11
27	75	0	1.04977E-11	6.7185E-12	27	76	0	6.15E-13	3.936E-13
27	77	0	3.34894E-14	2.14332E-14	28	66	0	7.93001E-9	5.0752E-9
28	67	0	3.69E-8	2.3616E-8	28	68	0	1.29E-7	8.25601E-8
28	69	0	2.81E-7	1.7984E-7	28	70	0	3.85E-7	2.464E-7
28	71	0	3.88E-7	2.4832E-7	28	72	0	3.16E-7	2.0224E-7
28	73	0	1.38E-7	8.83201E-8	28	74	0	6.37E-8	4.0768E-8
28	75	0	1.89E-8	1.2096E-8	28	76	0	3.3E-9	2.112E-9
28	77	0	3.39967E-10	2.17579E-10	28	78	0	2.16E-11	1.3824E-11
28	79	0	1.28036E-12	8.1943E-13	28	80	0	2.61E-14	1.6704E-14
29	66	0	2.24E-10	1.4336E-10	29	67	0	2.81E-9	1.7984E-9
29	68	0	6.80001E-9	4.352E-9	29	68	1	1.59E-8	1.0176E-8
29	69	0	1.28E-7	8.19201E-8	29	70	0	9.71001E-8	6.2144E-8
29	70	1	2.91E-7	1.8624E-7	29	71	0	9.79001E-7	6.2656E-7
29	72	0	1.85E-6	1.184E-6	29	73	0	2.13E-6	1.3632E-6
29	74	0	2.38E-6	1.5232E-6	29	75	0	1.98E-6	1.2672E-6
29	76	0	8.83001E-7	5.6512E-7	29	77	0	2.74E-7	1.7536E-7
29	78	0	4.59E-8	2.9376E-8	29	79	0	5.72872E-9	3.66638E-9
29	80	0	4.45E-10	2.848E-10	29	81	0	2.54E-11	1.6256E-11
29	82	0	8.22001E-13	5.2608E-13	30	66	0	6.42E-13	4.1088E-13
30	67	0	2.07E-11	1.3248E-11	30	68	0	4.72E-10	3.0208E-10
30	69	0	1.26E-9	8.06401E-10	30	69	1	5.39E-9	3.4496E-9
30	70	0	5.37E-8	3.4368E-8	30	71	0	5.87E-8	3.7568E-8
30	71	1	2.5E-7	1.6E-7	30	72	0	1.5E-6	9.60001E-7
30	73	0	3.83E-6	2.4512E-6	30	74	0	1.075E-5	6.88001E-6
30	75	0	2.053E-5	1.31392E-5	30	76	0	2.446E-5	1.56544E-5
30	77	0	1.903E-5	1.21792E-5	30	78	0	9.05001E-6	5.792E-6
30	79	0	2.91E-6	1.8624E-6	30	80	0	6.65001E-7	4.256E-7
30	81	0	1.03E-7	6.592E-8	30	82	0	1.0E-8	6.4E-9
30	83	0	5.68E-10	3.6352E-10	30	84	0	1.82E-11	1.1648E-11
30	85	0	9.98814E-13	6.39241E-13	31	68	0	5.27E-13	3.3728E-13
31	69	0	2.23E-11	1.4272E-11	31	70	0	4.59E-10	2.9376E-10
31	71	0	7.39001E-9	4.7296E-9	31	72	1	4.435E-8	2.8384E-8
31	72	0	4.435E-8	2.8384E-8	31	73	0	5.92E-7	3.7888E-7
31	74	1	1.88E-6	1.2032E-6	31	74	0	1.88E-6	1.2032E-6
31	75	0	1.795E-5	1.1488E-5	31	76	0	4.734E-5	3.02976E-5
31	77	0	9.57601E-5	6.12864E-5	31	78	0	1.0571E-4	6.76545E-5
31	79	0	9.18801E-5	5.88032E-5	31	80	0	5.199E-5	3.32736E-5
31	81	0	2.368E-5	1.51552E-5	31	82	0	5.98E-6	3.8272E-6
31	83	0	1.0E-6	6.4E-7	31	84	0	8.54001E-8	5.4656E-8
31	85	0	4.469E-9	2.86016E-9	31	86	0	1.95E-10	1.248E-10
31	87	0	5.54545E-12	3.54909E-12	31	88	0	1.84666E-13	1.18186E-13
32	70	0	3.72E-13	2.3808E-13	32	71	0	7.85001E-12	5.024E-12
32	71	1	7.85001E-12	5.024E-12	32	72	0	5.62E-10	3.5968E-10
32	73	0	7.67001E-9	4.9088E-9	32	73	1	1.8E-9	1.152E-9
32	74	0	1.66E-7	1.0624E-7	32	75	0	2.45E-7	1.568E-7
32	75	1	1.64E-6	1.0496E-6	32	76	0	1.29E-5	8.25601E-6
32	77	0	5.2E-5	3.328E-5	32	77	1	7.77001E-6	4.9728E-6
32	78	0	1.6454E-4	1.05306E-4	32	79	1	1.59075E-4	1.01808E-4
32	79	0	1.59075E-4	1.01808E-4	32	80	0	4.622E-4	2.95808E-4
32	81	0	5.0694E-4	3.24442E-4	32	82	0	3.5081E-4	2.24519E-4
32	83	0	1.4703E-4	9.40993E-5	32	84	0	3.62E-5	2.3168E-5
32	85	0	5.06E-6	3.2384E-6	32	86	0	6.58E-7	4.2112E-7
32	87	0	5.62945E-8	3.60285E-8	32	88	0	2.54982E-9	1.63188E-9
32	89	0	8.66979E-11	5.54867E-11	32	90	0	7.25401E-12	4.64256E-12
33	72	0	1.81E-13	1.1584E-13	33	73	0	9.06001E-12	5.7984E-12
33	74	0	1.24E-10	7.93601E-11	33	74	1	2.9E-10	1.856E-10
33	75	0	1.36E-8	8.70401E-9	33	76	0	2.32E-7	1.4848E-7
33	77	0	3.01E-6	1.9264E-6	33	78	0	1.942E-5	1.24288E-5
33	79	0	9.62501E-5	6.16E-5	33	80	0	3.1084E-4	1.98938E-4
33	81	0	8.69651E-4	5.56576E-4	33	82	0	6.74411E-4	4.31623E-4
33	82	1	6.74411E-4	4.31623E-4	33	83	0	0.00146826	9.39687E-4
33	84	1	4.30445E-4	2.75485E-4	33	84	0	4.30445E-4	2.75485E-4
33	85	0	3.4244E-4	2.19162E-4	33	86	0	1.1243E-4	7.19553E-5
33	87	0	2.797E-5	1.79008E-5	33	88	0	3.41E-6	2.1824E-6
33	89	0	3.87914E-7	2.48265E-7	33	90	0	2.38622E-8	1.52718E-8
33	91	0	2.25561E-10	1.44359E-10	33	92	0	1.18765E-11	7.60098E-12
33	93	0	3.39665E-12	2.17385E-12	34	74	0	9.35001E-14	5.984E-14
34	75	0	8.12001E-12	5.1968E-12	34	76	0	4.11E-10	2.6304E-10
34	77	0	1.84E-9	1.1776E-9	34	77	1	1.23E-8	7.87201E-9
34	78	0	2.62E-7	1.6768E-7	34	79	0	2.79E-6	1.7856E-6
34	79	1	4.16E-7	2.6624E-7	34	80	0	2.795E-5	1.7888E-5
34	81	0	2.411E-5	1.54304E-5	34	81	1	1.6133E-4	1.03251E-4
34	82	0	7.29731E-4	4.67028E-4	34	83	0	0.00142458	9.11732E-4
34	83	1	3.3417E-4	2.13869E-4	34	84	0	0.00253587	0.00162296
34	85	0	0.00118726	7.59847E-4	34	85	1	0.0011825	7.56801E-4
34	86	0	0.00204809	0.00131078	34	87	0	0.00123083	7.87732E-4
34	88	0	4.3239E-4	2.7673E-4	34	89	0	1.2866E-4	8.23425E-5
34	90	0	2.19661E-5	1.40583E-5	34	91	0	2.28978E-6	1.46546E-6
34	92	0	1.63988E-7	1.04952E-7	34	93	0	3.4481E-8	2.20678E-8
34	94	0	2.33E-10	1.4912E-10	34	95	0	1.59071E-11	1.01805E-11
34	96	0	3.96E-14	2.5344E-14	35	77	0	8.72001E-13	5.5808E-13
35	77	1	2.92E-12	1.8688E-12	35	78	0	1.85E-10	1.184E-10
35	79	0	1.53E-9	9.79201E-10	35	79	1	5.14E-9	3.2896E-9
35	80	0	3.74E-8	2.3936E-8	35	80	1	1.12E-7	7.16801E-8
35	81	0	2.88E-6	1.8432E-6	35	82	0	1.94E-5	1.2416E-5
35	82	1	8.31001E-6	5.3184E-6	35	83	0	1.7813E-4	1.14003E-4
35	84	0	2.1516E-4	1.37703E-4	35	84	1	3.8251E-4	2.44807E-4
35	85	0	0.00141649	9.06554E-4	35	86	0	0.00134949	8.63674E-4
35	86	1	0.00135169	8.65082E-4	35	87	0	0.00408336	0.00261335
35	88	0	0.00335709	0.00214854	35	89	0	0.00273189	0.00174841
35	90	0	0.00114138	7.30484E-4	35	91	0	3.4603E-4	2.21459E-4
35	92	0	6.72301E-5	4.30272E-5	35	93	0	1.02855E-5	6.58273E-6
35	94	0	8.52001E-7	5.4528E-7	35	95	0	7.11732E-8	4.55508E-8
35	96	0	1.47E-9	9.40801E-10	35	97	0	2.46245E-11	1.57597E-11
36	78	0	1.15E-14	7.36001E-15	36	79	1	5.55E-13	3.552E-13
36	79	0	5.55E-13	3.552E-13	36	80	0	7.45001E-11	4.768E-11
36	81	0	3.38E-9	2.1632E-9	36	81	1	5.05E-10	3.232E-10
36	82	0	1.09E-7	6.97601E-8	36	83	0	1.45E-6	9.28001E-7
36	83	1	3.4E-7	2.176E-7	36	84	0	1.685E-5	1.0784E-5
36	85	0	8.00501E-5	5.1232E-5	36	85	1	1.878E-5	1.20192E-5
36	86	0	4.966E-4	3.17824E-4	36	87	0	0.0016892	0.00108109
36	88	0	0.00352407	0.00225541	36	89	0	0.00643825	0.00412048
36	90	0	0.00695456	0.00445092	36	91	0	0.00501024	0.00320656
36	92	0	0.0027709	0.00177338	36	93	0	0.00110891	7.09703E-4
36	94	0	2.844E-4	1.82016E-4	36	95	0	4.81688E-5	3.08281E-5
36	96	0	4.68E-6	2.9952E-6	36	97	0	2.49976E-7	1.59984E-7
36	98	0	8.46001E-9	5.4144E-9	36	99	0	1.1954E-10	7.65059E-11
36	100	0	1.66E-12	1.0624E-12	37	81	0	2.87E-13	1.8368E-13
37	83	0	1.05E-9	6.72001E-10	37	84	0	2.6E-8	1.664E-8
37	85	0	4.55E-7	2.912E-7	37	86	1	2.89E-6	1.8496E-6
37	86	0	2.89E-6	1.8496E-6	37	87	0	5.476E-5	3.50464E-5
37	88	0	2.8132E-4	1.80045E-4	37	89	0	0.00137827	8.82093E-4
37	90	0	6.2172E-4	3.97901E-4	37	90	1	0.00264981	0.00169588
37	91	0	0.00496582	0.00317813	37	92	0	0.00773383	0.00494965
37	93	0	0.00831762	0.00532327	37	94	0	0.0054124	0.00346394
37	95	0	0.00272811	0.00174599	37	96	0	7.58921E-4	4.85709E-4
37	97	0	1.3441E-4	8.60225E-5	37	98	0	1.367E-5	8.74881E-6
37	99	0	5.34861E-7	3.42311E-7	37	100	0	2.83E-8	1.8112E-8
37	101	0	2.67915E-10	1.71466E-10	37	102	0	1.09351E-11	6.99846E-12
38	83	0	4.8E-14	3.072E-14	38	84	0	3.58E-12	2.2912E-12
38	85	1	8.60001E-11	5.504E-11	38	85	0	8.60001E-11	5.504E-11
38	86	0	6.49E-9	4.1536E-9	38	87	0	1.3E-7	8.32001E-8
38	87	1	3.04E-8	1.9456E-8	38	88	0	2.44E-6	1.5616E-6
38	89	0	2.899E-5	1.85536E-5	38	90	0	1.9938E-4	1.27603E-4
38	91	0	0.00125314	8.0201E-4	38	92	0	0.00299448	0.00191647
38	93	0	0.00732552	0.00329648	38	94	0	0.0131019	0.00301343
38	95	0	0.01603	0.00512961	38	96	0	0.0131802	0.00421765
38	97	0	0.00637983	0.00408309	38	98	0	0.00207632	0.00132885
38	99	0	3.61985E-4	2.31671E-4	38	100	0	4.228E-5	2.70592E-5
38	101	0	2.71973E-6	1.74063E-6	38	102	0	1.50989E-7	9.66331E-8
38	103	0	1.32058E-9	8.45171E-10	38	104	0	3.47E-11	2.2208E-11
39	87	0	2.62E-11	1.6768E-11	39	88	0	1.09E-9	6.97601E-10
39	89	0	7.48001E-9	4.7872E-9	39	89	1	3.19E-8	2.0416E-8
39	90	1	3.505E-7	2.2432E-7	39	90	0	3.505E-7	2.2432E-7
39	91	1	3.61E-6	2.3104E-6	39	91	0	3.61E-6	2.3104E-6
39	92	0	8.72501E-5	5.584E-5	39	93	1	3.7278E-4	2.38579E-4
39	93	0	3.7278E-4	2.38579E-4	39	94	0	0.00354796	0.0022707
39	95	0	0.00978149	0.00440167	39	96	0	0.0016632	0.00106445
39	96	1	0.0149689	0.00479006	39	97	1	0.0113427	0.00725932
39	97	0	0.0113427	0.00725932	39	98	0	0.00953374	0.00610159
39	98	1	0.0095335	0.00610144	39	99	0	0.0101158	0.0064741
39	100	0	0.00330794	0.00211708	39	101	0	7.12751E-4	4.5616E-4
39	102	0	1.178E-4	7.53921E-5	39	103	0	5.90868E-6	3.78156E-6
39	104	0	2.89E-7	1.8496E-7	39	105	0	1.64984E-9	1.0559E-9
39	106	0	7.01005E-11	4.48643E-11	39	107	0	1.30139E-11	8.3289E-12
40	88	0	4.22E-14	2.7008E-14	40	89	0	4.21E-12	2.6944E-12
40	90	1	1.13E-10	7.23201E-11	40	90	0	1.13E-10	7.23201E-11
40	91	0	7.51001E-9	4.8064E-9	40	92	0	2.37E-7	1.5168E-7
40	93	0	5.5E-6	3.52E-6	40	94	0	6.66001E-5	4.2624E-5
40	95	0	4.8133E-4	3.08051E-4	40	96	0	0.00291273	0.00186415
40	97	0	0.0100733	0.004533	40	98	0	0.023823	0.00762337
40	99	0	0.0312435	0.00999792	40	100	0	0.0294088	0.00941081
40	101	0	0.017253	0.00552096	40	102	0	0.00891595	0.00570621
40	103	0	0.00131769	8.43322E-4	40	104	0	2.1476E-4	1.37447E-4
40	105	0	1.67484E-5	1.0719E-5	40	106	0	9.67931E-7	6.19476E-7
40	107	0	1.3211E-7	8.45506E-8	40	108	0	5.67E-10	3.6288E-10
40	109	0	1.85909E-11	1.18982E-11	40	110	0	3.94E-14	2.5216E-14
41	91	0	3.56E-13	2.2784E-13	41	92	0	3.19E-11	2.0416E-11
41	93	0	1.89E-9	1.2096E-9	41	93	1	4.44E-10	2.8416E-10
41	94	0	4.76E-8	3.0464E-8	41	94	1	3.31E-8	2.1184E-8
41	95	0	1.63E-6	1.0432E-6	41	95	1	3.82E-7	2.4448E-7
41	96	0	3.22E-5	2.0608E-5	41	97	0	2.8709E-4	1.83738E-4
41	97	1	6.73401E-5	4.30976E-5	41	98	0	0.00165565	0.00105962
41	98	1	5.5199E-4	3.53274E-4	41	99	0	6.74561E-4	4.31719E-4
41	99	1	0.00775713	0.00496456	41	100	0	0.00988897	0.00632894
41	100	1	0.00988897	0.00632894	41	101	0	0.0331373	0.0106039
41	102	1	0.0216247	0.0138398	41	102	0	0.0216247	0.0138398
41	103	0	0.0193742	0.00619975	41	104	1	0.00432371	0.00276718
41	104	0	0.00432371	0.00276718	41	105	0	0.00216239	0.00138393
41	106	0	3.5622E-4	2.27981E-4	41	107	0	3.94079E-5	2.52211E-5
41	108	0	1.97E-6	1.2608E-6	41	109	0	8.31815E-8	5.32361E-8
41	110	0	1.38E-9	8.83201E-10	41	111	0	1.24108E-11	7.94289E-12
42	93	1	3.815E-14	2.4416E-14	42	93	0	3.815E-14	2.4416E-14
42	94	0	8.68001E-12	5.5552E-12	42	95	0	6.29E-10	4.0256E-10
42	96	0	3.43E-8	2.1952E-8	42	97	0	1.14E-6	7.29601E-7
42	98	0	2.297E-5	1.47008E-5	42	99	0	2.4758E-4	1.58451E-4
42	100	0	0.00177835	0.00113814	42	101	0	0.00820933	0.00525397
42	102	0	0.0333032	0.010657	42	103	0	0.0334874	0.010716
42	104	0	0.0418861	0.0134036	42	105	0	0.0271356	0.0086834
42	106	0	0.0132873	0.00425195	42	107	0	0.00393432	0.00251797
42	108	0	6.2247E-4	3.98381E-4	42	109	0	7.60301E-5	4.86592E-5
42	110	0	4.17E-6	2.6688E-6	42	111	0	1.25988E-7	8.06321E-8
43	97	1	1.015E-10	6.496E-11	43	97	0	1.015E-10	6.496E-11
43	98	0	1.24E-8	7.93601E-9	43	99	0	3.9E-7	2.496E-7
43	99	1	9.14001E-8	5.8496E-8	43	100	0	9.51001E-6	6.0864E-6
43	101	0	1.5002E-4	9.60129E-5	43	102	0	7.11901E-4	4.55616E-4
43	102	1	7.11901E-4	4.55616E-4	43	103	0	0.00994248	0.00636319
43	104	0	0.0156783	0.00501705	43	105	0	0.028383	0.00652809
43	106	0	0.033785	0.00540561	43	107	0	0.0275048	0.00880154
43	108	0	0.0112793	0.00360937	43	109	0	0.00419165	0.00268266
43	110	0	6.422E-4	4.11008E-4	43	111	0	6.595E-5	4.2208E-5
43	112	0	9.94001E-11	6.3616E-11	43	113	0	4.75E-13	3.04E-13
43	115	0	1.20329E-16	7.70104E-17	43	117	0	2.2773E-19	1.45747E-19
43	118	0	4.72164E-13	3.02185E-13	44	98	0	5.83E-13	3.7312E-13
44	99	0	6.97001E-11	4.4608E-11	44	100	0	4.74E-9	3.0336E-9
44	101	0	2.33E-7	1.4912E-7	44	102	0	8.98001E-6	5.7472E-6
44	103	0	8.83901E-5	5.65696E-5	44	104	0	6.71791E-4	4.29946E-4
44	105	0	0.00615052	0.00393634	44	106	0	0.0114016	0.00364852
44	107	0	0.023523	0.00752736	44	108	0	0.0263305	0.00842578
44	109	1	0.0120547	0.00771504	44	109	0	0.0120547	0.00771504
44	110	0	0.0106347	0.0034031	44	111	0	0.00305268	0.00195372
44	112	0	4.954E-5	3.17056E-5	44	113	0	1.16E-6	7.42401E-7
44	114	0	4.44E-8	2.8416E-8	44	115	0	3.63E-9	2.3232E-9
44	116	0	1.29E-10	8.25601E-11	44	117	0	6.87E-12	4.3968E-12
44	118	0	6.51953E-9	4.1725E-9	44	119	0	3.64E-11	2.3296E-11
44	120	0	1.19E-13	7.61601E-14	45	101	0	3.75E-12	2.4E-12
45	101	1	1.6E-11	1.024E-11	45	102	0	1.16E-9	7.42401E-10
45	102	1	1.16E-9	7.42401E-10	45	103	0	1.06E-8	6.78401E-9
45	103	1	7.09001E-8	4.5376E-8	45	104	0	4.53E-7	2.8992E-7
45	104	1	1.36E-6	8.70401E-7	45	105	0	3.082E-5	1.97248E-5
45	105	1	4.6E-6	2.944E-6	45	106	0	1.3922E-4	8.91009E-5
45	106	1	1.3922E-4	8.91009E-5	45	107	0	0.00165759	0.00106086
45	108	0	0.00236203	0.0015117	45	108	1	0.00236227	0.00151185
45	109	0	0.00600734	0.0038447	45	109	1	0.00600748	0.00384479
45	110	0	0.00640928	0.00410194	45	110	1	0.00640928	0.00288418
45	111	0	0.0106068	0.00339416	45	112	0	0.0107204	0.00343054
45	113	0	0.00115525	7.39361E-4	45	114	0	1.7968E-4	1.14995E-4
45	115	0	6.02E-5	3.8528E-5	45	116	0	7.99001E-6	5.1136E-6
45	117	0	1.56E-6	9.98401E-7	45	118	0	2.21E-6	1.4144E-6
45	119	0	6.78001E-8	4.3392E-8	45	120	0	1.11E-9	7.10401E-10
45	121	0	6.57E-12	4.2048E-12	46	102	0	5.18E-14	3.3152E-14
46	103	0	5.77E-12	3.6928E-12	46	104	0	4.44E-10	2.8416E-10
46	105	0	2.44E-8	1.5616E-8	46	106	0	6.81001E-7	4.3584E-7
46	107	0	3.45E-6	2.208E-6	46	107	1	6.4E-6	4.096E-6
46	108	0	1.0086E-4	6.45504E-5	46	109	0	2.3049E-4	1.47514E-4
46	109	1	4.2805E-4	2.73952E-4	46	110	0	0.00214173	0.00137071
46	111	0	0.00161351	0.00103265	46	111	1	0.00299651	0.00191777
46	112	0	0.0127335	0.00407472	46	113	0	0.00345714	0.00221257
46	114	0	0.00152229	9.74266E-4	46	115	0	0.00139039	8.8985E-4
46	116	0	5.22E-4	3.3408E-4	46	117	0	2.6841E-4	1.71783E-4
46	118	0	7.66101E-5	4.90304E-5	46	119	0	1.049E-5	6.71361E-6
46	120	0	9.16001E-7	5.8624E-7	46	121	0	2.6E-8	1.664E-8
46	129	0	2.24559E-12	1.43718E-12	47	105	0	1.27E-13	8.12801E-14
47	105	1	8.52001E-13	5.4528E-13	47	106	0	2.46E-11	1.5744E-11
47	106	1	5.73E-11	3.6672E-11	47	107	0	5.02E-10	3.2128E-10
47	107	1	3.36E-9	2.1504E-9	47	108	1	5.8E-8	3.712E-8
47	108	0	5.8E-8	3.712E-8	47	109	1	1.23E-6	7.87201E-7
47	109	0	1.23E-6	7.87201E-7	47	110	0	6.75001E-6	4.32E-6
47	110	1	1.574E-5	1.00736E-5	47	111	0	2.033E-5	1.30112E-5
47	111	1	1.3606E-4	8.70785E-5	47	112	0	5.121E-5	3.27744E-5
47	113	0	7.32001E-6	4.6848E-6	47	113	1	4.897E-5	3.13408E-5
47	114	0	7.61701E-5	4.87488E-5	47	115	0	8.83801E-5	5.65632E-5
47	115	1	8.83801E-5	5.65632E-5	47	116	0	8.22501E-5	5.264E-5
47	116	1	8.22501E-5	5.264E-5	47	117	0	9.36401E-5	5.99296E-5
47	117	1	9.36401E-5	5.99296E-5	47	118	0	9.09601E-5	5.82144E-5
47	118	1	9.09601E-5	5.82144E-5	47	119	0	1.0993E-4	7.03553E-5
47	120	1	2.0405E-5	1.30592E-5	47	120	0	2.0405E-5	1.30592E-5
47	121	0	5.81E-6	3.7184E-6	47	122	1	4.625E-11	2.96E-11
47	122	0	4.625E-11	2.96E-11	47	123	0	1.38E-11	8.83201E-12
47	124	0	1.52E-12	9.72801E-13	47	125	0	1.81E-13	1.1584E-13
47	126	0	1.97E-14	1.2608E-14	47	129	0	1.00475E-8	6.43037E-9
47	130	0	7.32001E-11	4.6848E-11	47	131	0	4.34377E-12	2.78001E-12
48	107	0	1.16E-13	7.42401E-14	48	108	0	1.18E-11	7.55201E-12
48	109	0	7.46001E-10	4.7744E-10	48	110	0	2.27E-8	1.4528E-8
48	111	0	1.11E-7	7.10401E-8	48	111	1	3.72E-7	2.3808E-7
48	112	0	1.13E-10	7.23201E-11	48	113	0	1.97E-10	1.2608E-10
48	113	1	6.61E-10	4.2304E-10	48	114	0	5.69E-9	3.6416E-9
48	115	0	1.1E-8	7.04001E-9	48	115	1	3.69E-8	2.3616E-8
48	116	0	1.76E-7	1.1264E-7	48	117	0	1.33E-7	8.51201E-8
48	117	1	4.47E-7	2.8608E-7	48	118	0	6.1E-5	3.904E-5
48	119	0	6.88401E-5	4.40576E-5	48	119	1	6.88401E-5	4.40576E-5
48	120	0	2.169E-4	1.38816E-4	48	121	1	6.07E-5	3.8848E-5
48	121	0	6.07E-5	3.8848E-5	48	122	0	7.73001E-6	4.9472E-6
48	123	0	2.98E-6	1.9072E-6	48	124	0	1.03E-6	6.592E-7
48	125	0	3.5E-7	2.24E-7	48	126	0	1.22E-7	7.80801E-8
48	127	0	6.77001E-8	4.3328E-8	48	128	0	7.64001E-9	4.8896E-9
48	129	0	6.79996E-6	4.35197E-6	48	130	0	3.72E-7	2.3808E-7
48	131	0	4.40957E-8	2.82212E-8	48	132	0	6.93001E-10	4.4352E-10
48	133	0	4.536E-11	2.90304E-11	48	134	0	1.93E-13	1.2352E-13
49	109	0	1.2E-14	7.68001E-15	49	111	0	8.34001E-11	5.3376E-11
49	116	2	2.26667E-14	1.45067E-14	49	116	0	2.26667E-14	1.45067E-14
49	116	1	2.26667E-14	1.45067E-14	49	117	0	6.79001E-13	4.3456E-13
49	117	1	1.59E-13	1.0176E-13	49	118	2	1.715E-7	1.0976E-7
49	118	0	1.03E-6	6.592E-7	49	118	1	1.715E-7	1.0976E-7
49	119	0	1.184E-5	7.57761E-6	49	119	1	2.78E-6	1.7792E-6
49	120	2	2.962E-5	1.89568E-5	49	120	0	2.962E-5	1.89568E-5
49	120	1	2.962E-5	1.89568E-5	49	121	0	1.6493E-4	1.05555E-4
49	121	1	3.869E-5	2.47616E-5	49	122	2	1.24707E-4	7.98123E-5
49	122	0	1.24707E-4	7.98123E-5	49	122	1	1.24707E-4	7.98123E-5
49	123	0	2.8469E-4	1.82202E-4	49	123	1	6.67801E-5	4.27392E-5
49	124	1	1.46875E-4	9.40001E-5	49	124	0	1.46875E-4	9.40001E-5
49	125	0	1.4062E-4	8.99969E-5	49	125	1	1.4062E-4	8.99969E-5
49	126	1	1.2684E-4	8.11777E-5	49	126	0	1.2684E-4	8.11777E-5
49	127	0	2.4492E-4	1.56749E-4	49	127	1	2.4492E-4	1.56749E-4
49	128	1	8.72551E-5	5.58432E-5	49	128	0	8.72551E-5	5.58432E-5
49	129	0	3.2213E-4	2.06163E-4	49	129	1	3.2213E-4	2.06163E-4
49	130	2	3.146E-5	2.01344E-5	49	130	1	3.146E-5	2.01344E-5
49	130	0	3.146E-5	2.01344E-5	49	131	1	1.876E-5	1.20064E-5
49	131	0	1.876E-5	1.20064E-5	49	132	0	1.83E-6	1.1712E-6
49	133	0	2.02955E-7	1.29891E-7	49	134	0	5.87E-9	3.7568E-9
49	135	0	5.12191E-11	3.27802E-11	49	136	0	3.47E-13	2.2208E-13
50	118	0	3.1E-9	1.984E-9	50	119	0	3.56E-8	2.2784E-8
50	119	1	1.19E-7	7.61601E-8	50	120	0	4.67E-6	2.9888E-6
50	121	0	1.23E-5	7.87201E-6	50	121	1	3.012E-5	1.92768E-5
50	122	0	1.5924E-4	1.01914E-4	50	123	0	1.8199E-4	1.16474E-4
50	123	1	7.43301E-5	4.75712E-5	50	124	0	4.2805E-4	2.73952E-4
50	125	0	5.1943E-4	3.32435E-4	50	125	1	2.1216E-4	1.35783E-4
50	126	0	0.00136642	8.74509E-4	50	127	0	0.00398824	0.00255248
50	127	1	0.0016357	0.00104685	50	128	1	0.00275934	0.00176598
50	128	0	0.00275934	0.00176598	50	129	0	0.00431026	0.00275857
50	129	1	0.00176003	0.00112642	50	130	1	0.00124336	7.95748E-4
50	130	0	0.00124336	7.95748E-4	50	131	1	0.0013715	8.77757E-4
50	131	0	0.0013715	8.77757E-4	50	132	0	4.4472E-4	2.84621E-4
50	133	0	1.5383E-4	9.84513E-5	50	134	0	1.55E-5	9.92001E-6
50	135	0	5.19949E-7	3.32767E-7	50	136	0	9.97001E-9	6.3808E-9
50	137	0	3.77E-10	2.4128E-10	50	138	0	5.05E-12	3.232E-12
51	118	0	1.41E-13	9.02401E-14	51	118	1	2.03E-13	1.2992E-13
51	119	0	9.62001E-11	6.1568E-11	51	120	0	5.75E-9	3.68E-9
51	120	1	8.27001E-9	5.2928E-9	51	121	0	6.43E-7	4.1152E-7
51	122	0	5.92E-8	3.7888E-8	51	122	1	6.67001E-8	4.2688E-8
51	123	0	5.39E-7	3.4496E-7	51	124	2	7.33334E-7	4.69334E-7
51	124	0	7.33334E-7	4.69334E-7	51	124	1	7.33334E-7	4.69334E-7
51	125	0	9.87001E-6	6.3168E-6	51	126	2	1.284E-5	8.21761E-6
51	126	0	1.508E-5	9.65121E-6	51	126	1	1.284E-5	8.21761E-6
51	127	0	4.4073E-4	2.82067E-4	51	128	0	6.4921E-4	4.15495E-4
51	128	1	0.00110541	7.07463E-4	51	129	0	0.00485089	0.00310457
51	130	0	0.00871677	6.97341E-4	51	130	1	0.00713316	0.0011413
51	131	0	0.0144656	0.0033271	51	132	0	0.00334551	7.69468E-4
51	132	1	0.00295958	6.80704E-4	51	133	0	0.00709711	0.00454215
51	134	1	0.00104565	6.69213E-4	51	134	0	0.00104565	6.69213E-4
51	135	0	2.3871E-4	1.52775E-4	51	136	0	1.369E-5	8.76161E-6
51	137	0	1.73E-6	1.1072E-6	51	138	0	6.53E-8	4.1792E-8
51	139	0	1.92E-9	1.2288E-9	51	140	0	2.24495E-11	1.43677E-11
51	141	0	7.33307E-12	4.69317E-12	52	120	0	3.83E-12	2.4512E-12
52	121	1	4.22E-10	2.7008E-10	52	121	0	4.22E-10	2.7008E-10
52	122	0	6.58E-14	4.2112E-14	52	123	0	1.69E-13	1.0816E-13
52	123	1	5.67E-13	3.6288E-13	52	124	0	9.53001E-12	6.0992E-12
52	125	0	2.75E-11	1.76E-11	52	125	1	9.20001E-11	5.888E-11
52	126	0	1.54E-9	9.85601E-10	52	127	0	1.32E-8	8.44801E-9
52	127	1	3.23E-8	2.0672E-8	52	128	0	6.51E-7	4.1664E-7
52	129	0	1.4506E-4	9.28385E-5	52	129	1	3.5514E-4	2.2729E-4
52	130	0	0.00285617	0.00182795	52	131	0	0.00266083	0.00170293
52	131	1	0.0113146	0.00124461	52	132	0	0.0371839	0.00223103
52	133	0	0.0100644	0.0032206	52	133	1	0.0246404	0.00788493
52	134	0	0.0306759	0.0098163	52	135	0	0.00974142	0.00623451
52	136	0	0.00177899	0.00113855	52	137	0	6.3597E-4	4.07021E-4
52	138	0	7.45101E-5	4.76864E-5	52	139	0	6.09E-6	3.8976E-6
52	140	0	3.09978E-7	1.98386E-7	52	141	0	7.44415E-8	4.76426E-8
52	142	0	2.44E-10	1.5616E-10	52	143	0	2.2258E-11	1.42451E-11
53	121	0	6.05E-14	3.872E-14	53	128	0	9.00001E-14	5.76E-14
53	129	0	3.24E-6	2.0736E-6	53	130	0	3.41E-5	2.1824E-5
53	130	1	1.462E-5	9.35681E-6	53	131	0	7.10881E-4	4.54964E-4
53	132	1	0.00187261	0.00119847	53	132	0	0.00187261	0.00119847
53	133	1	0.00738223	0.00472462	53	133	0	0.00738223	0.00472462
53	134	0	0.0189424	0.00606156	53	134	1	0.0185627	0.0020419
53	135	0	0.0301684	0.00482695	53	136	0	0.0059909	0.00269591
53	136	1	0.00855614	0.00136898	53	137	0	0.0149102	0.00477127
53	138	0	0.0045082	0.00288525	53	139	0	0.00110472	7.07021E-4
53	140	0	1.4881E-4	9.52385E-5	53	141	0	2.22056E-5	1.42116E-5
53	142	0	9.98001E-7	6.3872E-7	53	143	0	9.95894E-8	6.37372E-8
53	144	0	4.16403E-10	2.66498E-10	53	145	0	2.98449E-11	1.91008E-11
53	146	0	7.03177E-13	4.50034E-13	54	129	1	8.70001E-10	5.568E-10
54	129	0	8.70001E-10	5.568E-10	54	130	0	8.19001E-8	5.2416E-8
54	131	0	8.80001E-7	5.632E-7	54	131	1	2.15E-6	1.376E-6
54	132	0	5.617E-5	3.59488E-5	54	133	0	2.0294E-4	1.29882E-4
54	133	1	4.9684E-4	3.17978E-4	54	134	0	0.00147284	9.42618E-4
54	134	1	0.00343663	0.00219944	54	135	0	0.0155489	0.006997
54	135	1	0.00296642	0.00133489	54	136	0	0.0258672	0.0116402
54	137	0	0.0392272	0.0125527	54	138	0	0.0316144	0.0050583
54	139	0	0.018974	0.00436403	54	140	0	0.00713154	0.00456418
54	141	0	0.00272632	0.00174485	54	142	0	3.7016E-4	2.36903E-4
54	143	1	3.37002E-5	2.15681E-5	54	143	0	3.37002E-5	2.15681E-5
54	144	0	5.74959E-6	3.67974E-6	54	145	0	3.0297E-7	1.93901E-7
54	146	0	9.7093E-9	6.21395E-9	54	147	0	8.5362E-11	5.46317E-11
54	148	0	4.19E-12	2.6816E-12	55	129	0	5.02E-14	3.2128E-14
55	131	0	8.57001E-10	5.4848E-10	55	132	0	4.93E-8	3.1552E-8
55	133	0	2.17E-6	1.3888E-6	55	134	1	2.266E-5	1.45024E-5
55	134	0	2.266E-5	1.45024E-5	55	135	1	2.18385E-4	1.39767E-4
55	135	0	2.18385E-4	1.39767E-4	55	136	1	0.00268731	0.00171988
55	136	0	0.00268731	0.00171988	55	137	0	0.00902371	0.00577517
55	138	0	0.010506	0.00672386	55	138	1	0.0101232	0.00647883
55	139	0	0.0417147	0.00959438	55	140	0	0.0228048	0.0052451
55	141	0	0.0230415	0.00737329	55	142	0	0.00777646	0.00497693
55	143	0	0.00401723	0.00257103	55	144	0	8.83921E-4	5.65709E-4
55	145	0	1.4258E-4	9.12513E-5	55	146	0	1.23E-5	7.87201E-6
55	147	0	3.81936E-7	2.44439E-7	55	148	0	4.59E-8	2.9376E-8
55	149	0	3.65428E-10	2.33874E-10	55	150	0	2.67E-11	1.7088E-11
55	151	0	2.39938E-12	1.5356E-12	56	131	0	1.85E-14	1.184E-14
56	132	0	3.81E-12	2.4384E-12	56	133	0	5.44E-10	3.4816E-10
56	134	0	3.99E-8	2.5536E-8	56	135	1	5.9E-7	3.776E-7
56	135	0	5.9E-7	3.776E-7	56	136	1	1.6025E-5	1.0256E-5
56	136	0	1.6025E-5	1.0256E-5	56	137	0	6.443E-5	4.12352E-5
56	137	1	1.5774E-4	1.00954E-4	56	138	0	0.00144293	9.23476E-4
56	139	0	0.00622535	0.00398423	56	140	0	0.0248148	0.00397037
56	141	0	0.0235798	0.00754554	56	142	0	0.0207696	0.004777
56	143	0	0.0247734	0.0079275	56	144	0	0.014631	0.00468191
56	145	0	0.00596694	0.00381884	56	146	0	0.00147893	9.46516E-4
56	147	0	2.58488E-4	1.65432E-4	56	148	0	4.457E-5	2.85248E-5
56	149	0	3.70964E-6	2.37417E-6	56	150	0	2.22E-7	1.4208E-7
56	151	0	2.43572E-8	1.55886E-8	56	152	0	1.48E-10	9.47201E-11
56	153	0	5.92138E-12	3.78968E-12	56	154	0	1.36E-14	8.70401E-15
57	135	0	1.78E-10	1.1392E-10	57	137	0	3.36E-7	2.1504E-7
57	138	0	5.94E-6	3.8016E-6	57	139	0	7.11901E-5	4.55616E-5
57	140	0	4.9835E-4	3.18944E-4	57	141	0	0.00211355	0.00135267
57	142	0	0.00858976	0.00549744	57	143	0	0.013221	0.00423071
57	144	0	0.0176407	0.00405736	57	145	0	0.018914	0.00605248
57	146	1	0.00547933	0.00350677	57	146	0	0.00547933	0.00350677
57	147	0	0.00536409	0.00343302	57	148	0	0.00231338	0.00148056
57	149	0	5.6034E-4	3.58618E-4	57	150	0	9.10301E-5	5.82592E-5
57	151	0	7.26565E-6	4.65001E-6	57	152	0	5.27E-7	3.3728E-7
57	153	0	2.64941E-8	1.69562E-8	57	154	0	4.75E-10	3.04E-10
57	155	0	5.97884E-12	3.82646E-12	57	156	0	9.05223E-14	5.79343E-14
58	137	0	4.01E-11	2.5664E-11	58	138	0	2.25E-9	1.44E-9
58	139	0	2.18E-8	1.3952E-8	58	139	1	5.34E-8	3.4176E-8
58	140	0	1.54E-6	9.85601E-7	58	141	0	1.72E-5	1.1008E-5
58	142	0	1.7367E-4	1.11149E-4	58	143	0	8.15831E-4	5.22132E-4
58	144	0	0.00401882	0.00257205	58	145	0	0.00750559	0.00480357
58	146	0	0.0111361	0.00356355	58	147	0	0.0126277	0.00404085
58	148	0	0.0141309	0.0045219	58	149	0	0.00812518	0.00520011
58	150	0	0.00375296	0.0024019	58	151	0	7.83301E-4	5.01312E-4
58	152	0	1.7131E-4	1.09638E-4	58	153	0	2.423E-5	1.55072E-5
58	154	0	1.44E-6	9.21601E-7	58	155	0	6.06941E-8	3.88442E-8
58	156	0	1.24991E-9	7.99943E-10	58	157	0	2.68E-11	1.7152E-11
58	158	0	2.86E-13	1.8304E-13	59	139	0	4.33E-12	2.7712E-12
59	140	0	2.44E-10	1.5616E-10	59	141	0	8.35001E-9	5.344E-9
59	142	1	1.17E-7	7.48801E-8	59	142	0	1.17E-7	7.48801E-8
59	143	0	3.37E-6	2.1568E-6	59	144	0	3.9E-6	2.496E-6
59	144	1	3.511E-5	2.24704E-5	59	145	0	2.2228E-4	1.42259E-4
59	146	0	9.81121E-4	6.27917E-4	59	147	0	0.00261539	0.00167385
59	148	1	0.00331551	0.00212193	59	148	0	0.00331551	0.00212193
59	149	0	0.00972385	0.00622326	59	150	0	0.0104559	0.0033459
59	151	0	0.00587881	0.00376244	59	152	0	0.00318157	0.00203621
59	153	0	0.00133602	8.55053E-4	59	154	0	2.2108E-4	1.41491E-4
59	155	0	2.934E-5	1.87776E-5	59	156	0	1.76E-6	1.1264E-6
59	157	0	1.23E-7	7.87201E-8	59	158	0	3.81E-9	2.4384E-9
59	159	0	7.94001E-11	5.0816E-11	59	160	0	1.29E-12	8.25601E-13
59	161	0	3.27014E-14	2.09289E-14	60	141	0	3.13E-13	2.0032E-13
60	142	0	2.81E-11	1.7984E-11	60	143	0	1.11E-9	7.10401E-10
60	144	0	3.93E-8	2.5152E-8	60	145	0	6.17E-7	3.9488E-7
60	146	0	8.09001E-6	5.1776E-6	60	147	0	5.602E-5	3.58528E-5
60	148	0	4.0405E-4	2.58592E-4	60	149	0	0.00142529	9.12186E-4
60	150	0	0.00411541	0.00263386	60	151	0	0.00536747	0.00241536
60	152	0	0.00759718	0.00486219	60	153	0	0.00768483	0.00491829
60	154	0	0.00366102	0.00234305	60	155	0	0.00125942	8.06029E-4
60	156	0	2.346E-4	1.50144E-4	60	157	0	4.519E-5	2.89216E-5
60	158	0	4.46E-6	2.8544E-6	60	159	0	2.59E-7	1.6576E-7
60	160	0	1.3E-8	8.32001E-9	60	161	0	3.31968E-10	2.12459E-10
60	162	0	5.94E-12	3.8016E-12	60	163	0	7.80001E-14	4.992E-14
61	143	0	1.94E-14	1.2416E-14	61	144	0	1.91E-12	1.2224E-12
61	145	0	9.55001E-11	6.112E-11	61	146	0	3.42E-9	2.1888E-9
61	147	0	8.07001E-8	5.1648E-8	61	148	0	4.26E-7	2.7264E-7
61	148	1	9.94001E-7	6.3616E-7	61	149	0	1.471E-5	9.41441E-6
61	150	0	1.1042E-4	7.06689E-5	61	151	0	4.0876E-4	2.61607E-4
61	152	2	4.65947E-4	2.98206E-4	61	152	0	4.65947E-4	2.98206E-4
61	152	1	4.65947E-4	2.98206E-4	61	153	0	0.00382959	0.00245094
61	154	0	0.00220641	0.0014121	61	154	1	0.00220641	0.0014121
61	155	0	0.00408443	0.00261404	61	156	0	0.00191181	0.00122356
61	157	0	0.00105964	6.7817E-4	61	158	0	2.7705E-4	1.77312E-4
61	159	0	4.827E-5	3.08928E-5	61	160	0	6.41E-6	4.1024E-6
61	161	0	4.97E-7	3.1808E-7	61	162	0	2.43E-8	1.5552E-8
61	163	0	9.61001E-10	6.1504E-10	61	164	0	1.46E-11	9.34401E-12
61	165	0	1.63E-13	1.0432E-13	61	166	0	1.84666E-15	1.18186E-15
62	146	0	1.25E-13	8.00001E-14	62	147	0	8.41001E-12	5.3824E-12
62	148	0	4.57E-10	2.9248E-10	62	149	0	1.29E-8	8.25601E-9
62	150	0	3.0E-7	1.92E-7	62	151	0	2.9E-6	1.856E-6
62	152	0	3.061E-5	1.95904E-5	62	153	0	2.1971E-4	1.40615E-4
62	154	0	7.37301E-4	4.71872E-4	62	155	0	0.00165814	0.00106121
62	156	0	0.00212517	0.00136011	62	157	0	0.00279174	0.00178671
62	158	0	0.00199308	0.00127557	62	159	0	8.49781E-4	5.4386E-4
62	160	0	3.1502E-4	2.01613E-4	62	161	0	6.241E-5	3.99424E-5
62	162	0	9.00001E-6	5.76E-6	62	163	0	9.26001E-7	5.9264E-7
62	164	0	4.31E-8	2.7584E-8	62	165	0	1.28E-9	8.19201E-10
62	166	0	2.54982E-11	1.63188E-11	62	167	0	3.91E-13	2.5024E-13
63	149	0	6.11E-13	3.9104E-13	63	151	0	1.23E-9	7.87201E-10
63	152	2	1.20667E-8	7.72267E-9	63	152	0	1.20667E-8	7.72267E-9
63	152	1	1.20667E-8	7.72267E-9	63	153	0	8.20001E-7	5.248E-7
63	154	1	3.87E-6	2.4768E-6	63	154	0	3.87E-6	2.4768E-6
63	155	0	5.221E-5	3.34144E-5	63	156	0	1.7563E-4	1.12403E-4
63	157	0	6.4134E-4	4.10458E-4	63	158	0	0.00109495	7.00769E-4
63	159	0	0.00121732	7.79085E-4	63	160	0	0.00103057	6.59565E-4
63	161	0	5.4017E-4	3.45709E-4	63	162	0	1.8905E-4	1.20992E-4
63	163	0	5.374E-5	3.43936E-5	63	164	0	6.46E-6	4.1344E-6
63	165	0	5.57E-7	3.5648E-7	63	166	0	2.9E-8	1.856E-8
63	167	0	1.33E-9	8.51201E-10	63	168	0	4.23E-11	2.7072E-11
63	169	0	8.16001E-13	5.2224E-13	63	170	0	1.08E-14	6.91201E-15
63	171	0	2.01921E-16	1.2923E-16	64	151	0	4.03E-14	2.5792E-14
64	152	0	3.78E-12	2.4192E-12	64	153	0	2.49E-10	1.5936E-10
64	154	0	7.80001E-9	4.992E-9	64	155	0	1.49E-7	9.53601E-8
64	156	0	1.6E-6	1.024E-6	64	157	0	1.579E-5	1.01056E-5
64	158	0	7.91601E-5	5.06624E-5	64	159	0	2.1536E-4	1.37831E-4
64	160	0	4.7572E-4	3.04461E-4	64	161	0	5.6536E-4	3.61831E-4
64	162	0	5.0552E-4	3.23533E-4	64	163	0	3.2388E-4	2.07283E-4
64	164	0	1.0436E-4	6.67905E-5	64	165	0	2.161E-5	1.38304E-5
64	166	0	3.15E-6	2.016E-6	64	167	0	3.65E-7	2.336E-7
64	168	0	3.49E-8	2.2336E-8	64	169	0	1.77E-9	1.1328E-9
64	170	0	7.01001E-11	4.4864E-11	64	171	0	2.0498E-12	1.31187E-12
64	172	0	3.61E-14	2.3104E-14	65	155	0	2.37E-11	1.5168E-11
65	156	0	6.80001E-10	4.352E-10	65	156	1	7.56001E-11	4.8384E-11
65	157	0	2.39E-8	1.5296E-8	65	158	0	3.01E-7	1.9264E-7
65	158	1	3.34E-8	2.1376E-8	65	159	0	2.73E-6	1.7472E-6
65	160	0	1.52E-5	9.72801E-6	65	161	0	4.962E-5	3.17568E-5
65	162	0	5.221E-5	3.34144E-5	65	162	1	5.221E-5	3.34144E-5
65	163	0	1.6885E-4	1.08064E-4	65	164	0	1.23E-4	7.87201E-5
65	165	0	6.395E-5	4.0928E-5	65	166	0	2.121E-5	1.35744E-5
65	167	0	6.52E-6	4.1728E-6	65	168	0	1.56E-6	9.98401E-7
65	169	0	2.23E-7	1.4272E-7	65	170	0	2.26E-8	1.4464E-8
65	171	0	1.94E-9	1.2416E-9	65	172	0	9.26001E-11	5.9264E-11
66	156	0	3.1E-14	1.984E-14	66	157	0	2.85E-12	1.824E-12
66	158	0	1.3E-10	8.32001E-11	66	159	0	2.97E-9	1.9008E-9
66	160	0	4.98E-8	3.1872E-8	66	161	0	4.27E-7	2.7328E-7
66	162	0	2.6E-6	1.664E-6	66	163	0	1.017E-5	6.5088E-6
66	164	0	2.007E-5	1.28448E-5	66	165	0	2.062E-5	1.31968E-5
66	165	1	3.08E-6	1.9712E-6	66	166	0	1.97E-5	1.2608E-5
66	167	0	1.34E-5	8.57601E-6	66	168	0	8.27001E-6	5.2928E-6
66	169	0	2.73E-6	1.7472E-6	66	170	0	7.44001E-7	4.7616E-7
66	171	0	1.57E-7	1.0048E-7	66	172	0	2.19E-8	1.4016E-8
67	159	0	1.53E-13	9.79201E-14	67	159	1	2.28E-14	1.4592E-14
67	161	0	1.86E-10	1.1904E-10	67	161	1	2.78E-11	1.7792E-11
67	162	0	1.05E-9	6.72001E-10	67	162	1	2.45E-9	1.568E-9
67	163	0	3.48E-8	2.2272E-8	67	163	1	5.2E-9	3.328E-9
67	164	0	6.16E-8	3.9424E-8	67	164	1	1.44E-7	9.21601E-8
67	165	0	6.75001E-7	4.32E-7	67	166	0	4.03E-7	2.5792E-7
67	166	1	9.40001E-7	6.016E-7	67	167	0	2.39E-6	1.5296E-6
67	168	0	3.39E-6	2.1696E-6	67	169	0	2.79E-6	1.7856E-6
67	170	0	8.44001E-7	5.4016E-7	67	170	1	8.44001E-7	5.4016E-7
67	171	0	9.09001E-7	5.8176E-7	67	172	0	3.04E-7	1.9456E-7
68	162	0	4.21E-13	2.6944E-13	68	163	0	1.28E-11	8.19201E-12
68	164	0	2.02E-10	1.2928E-10	68	165	0	1.73E-9	1.1072E-9
68	166	0	9.96001E-9	6.3744E-9	68	167	0	3.87E-8	2.4768E-8
68	167	1	5.78E-9	3.6992E-9	68	168	0	1.78E-7	1.1392E-7
68	169	0	3.47E-7	2.2208E-7	68	170	0	5.41E-7	3.4624E-7
68	171	0	6.49E-7	4.1536E-7	68	172	0	5.53E-7	3.5392E-7
69	165	0	2.47E-13	1.5808E-13	69	166	0	3.78E-12	2.4192E-12
69	167	0	5.0E-11	3.2E-11	69	168	0	5.34E-10	3.4176E-10
69	169	0	2.99E-9	1.9136E-9	69	170	0	1.16E-8	7.42401E-9
69	171	0	3.78E-8	2.4192E-8	69	172	0	7.70001E-8	4.928E-8
70	168	0	1.46E-13	9.34401E-14	70	169	0	1.88E-12	1.2032E-12
70	169	1	2.81E-13	1.7984E-13	70	170	0	2.48E-11	1.5872E-11
70	171	0	2.09E-10	1.3376E-10	70	172	0	1.24E-9	7.93601E-10
71	171	0	3.29E-14	2.1056E-14	71	171	1	3.29E-14	2.1056E-14
71	172	0	5.3E-13	3.392E-13	71	172	1	5.3E-13	3.392E-13