Z	A	FPS	Yield	Uncertainty	Z	A	FPS	Yield	Uncertainty
23	66	0	4.08394E-17	2.61372E-17	24	66	0	2.59959E-13	1.66374E-13
24	67	0	1.88E-14	1.2032E-14	24	69	0	7.53958E-17	4.82533E-17
25	66	0	1.78E-10	1.1392E-10	25	67	0	3.73E-11	2.3872E-11
25	68	0	4.72E-12	3.0208E-12	25	69	0	4.79925E-13	3.07152E-13
25	70	0	3.36E-14	2.1504E-14	26	66	0	1.14E-8	7.296E-9
26	67	0	6.09E-9	3.8976E-9	26	68	0	2.23E-9	1.4272E-9
26	69	0	6.0E-10	3.84E-10	26	70	0	1.22E-10	7.808E-11
26	71	0	1.47E-11	9.408E-12	26	72	0	1.16E-12	7.424E-13
26	73	0	6.14E-14	3.9296E-14	27	66	0	5.13E-8	3.2832E-8
27	67	0	6.94E-8	4.4416E-8	27	68	0	6.33E-8	4.0512E-8
27	69	0	4.61E-8	2.9504E-8	27	70	0	2.41E-8	1.5424E-8
27	71	0	8.25E-9	5.28E-9	27	72	0	1.77E-9	1.1328E-9
27	73	0	2.74E-10	1.7536E-10	27	74	0	2.94E-11	1.8816E-11
27	75	0	2.08E-12	1.3312E-12	27	76	0	8.34E-14	5.3376E-14
27	77	0	8.8433E-15	5.65971E-15	28	66	0	3.07E-8	1.9648E-8
28	67	0	9.33E-8	5.9712E-8	28	68	0	2.13E-7	1.3632E-7
28	69	0	3.58E-7	2.2912E-7	28	70	0	4.82E-7	3.0848E-7
28	71	0	4.05E-7	2.592E-7	28	72	0	2.45E-7	1.568E-7
28	73	0	9.8E-8	6.272E-8	28	74	0	3.0E-8	1.92E-8
28	75	0	5.69E-9	3.6416E-9	28	76	0	6.84E-10	4.3776E-10
28	77	0	5.62912E-11	3.60263E-11	28	78	0	2.99E-12	1.9136E-12
28	79	0	1.64928E-13	1.05554E-13	29	66	0	1.41E-9	9.024E-10
29	67	0	1.1E-8	7.04E-9	29	68	0	1.61E-8	1.0304E-8
29	68	1	4.35E-8	2.784E-8	29	69	0	2.45E-7	1.568E-7
29	70	0	1.63E-7	1.0432E-7	29	70	1	5.79E-7	3.7056E-7
29	71	0	1.54E-6	9.856E-7	29	72	0	2.21E-6	1.4144E-6
29	73	0	2.31E-6	1.4784E-6	29	74	0	1.77E-6	1.1328E-6
29	75	0	9.25E-7	5.92E-7	29	76	0	2.98E-7	1.9072E-7
29	77	0	7.04E-8	4.5056E-8	29	78	0	1.0E-8	6.4E-9
29	79	0	1.04984E-9	6.71895E-10	29	80	0	6.27E-11	4.0128E-11
29	81	0	2.77E-12	1.7728E-12	29	82	0	7.55E-14	4.832E-14
30	66	0	6.47E-12	4.1408E-12	30	67	0	1.31E-10	8.384E-11
30	68	0	1.97E-9	1.2608E-9	30	69	0	3.36E-9	2.1504E-9
30	69	1	1.64E-8	1.0496E-8	30	70	0	1.52E-7	9.728E-8
30	71	0	1.23E-7	7.872E-8	30	71	1	5.99E-7	3.8336E-7
30	72	0	2.59E-6	1.6576E-6	30	73	0	6.1E-6	3.904E-6
30	74	0	1.156E-5	7.3984E-6	30	75	0	1.43E-5	9.152E-6
30	76	0	1.247E-5	7.9808E-6	30	77	0	7.41E-6	4.7424E-6
30	78	0	2.95E-6	1.888E-6	30	79	0	8.13E-7	5.2032E-7
30	80	0	1.43E-7	9.152E-8	30	81	0	1.7E-8	1.088E-8
30	82	0	1.37E-9	8.768E-10	30	83	0	6.31E-11	4.0384E-11
30	84	0	1.97E-12	1.2608E-12	31	67	0	9.5E-14	6.08E-14
31	68	0	3.89E-12	2.4896E-12	31	69	0	1.1E-10	7.04E-11
31	70	0	2.16E-9	1.3824E-9	31	71	0	2.76E-8	1.7664E-8
31	72	1	1.22E-7	7.808E-8	31	72	0	1.22E-7	7.808E-8
31	73	0	1.45E-6	9.28E-7	31	74	1	3.115E-6	1.9936E-6
31	74	0	3.115E-6	1.9936E-6	31	75	0	1.874E-5	1.19936E-5
31	76	0	3.781E-5	2.41984E-5	31	77	0	5.644E-5	3.61216E-5
31	78	0	5.376E-5	3.44064E-5	31	79	0	3.958E-5	2.53312E-5
31	80	0	1.82E-5	1.1648E-5	31	81	0	6.09E-6	3.8976E-6
31	82	0	1.29E-6	8.256E-7	31	83	0	1.77E-7	1.1328E-7
31	84	0	1.53E-8	9.792E-9	31	85	0	8.48E-10	5.4272E-10
31	86	0	2.67E-11	1.7088E-11	31	87	0	1.44666E-12	9.25861E-13
32	69	0	5.04E-14	3.2256E-14	32	70	0	2.87E-12	1.8368E-12
32	71	0	4.82E-11	3.0848E-11	32	71	1	4.82E-11	3.0848E-11
32	72	0	2.45E-9	1.568E-9	32	73	0	3.05E-8	1.952E-8
32	73	1	6.24E-9	3.9936E-9	32	74	0	4.19E-7	2.6816E-7
32	75	0	3.6E-7	2.304E-7	32	75	1	2.64E-6	1.6896E-6
32	76	0	1.543E-5	9.8752E-6	32	77	0	4.57E-5	2.9248E-5
32	77	1	6.23E-6	3.9872E-6	32	78	0	1.2044E-4	7.70816E-5
32	79	1	1.0105E-4	6.4672E-5	32	79	0	1.0105E-4	6.4672E-5
32	80	0	2.4165E-4	1.54656E-4	32	81	0	1.9578E-4	1.25299E-4
32	82	0	1.1238E-4	7.19232E-5	32	83	0	4.062E-5	2.59968E-5
32	84	0	1.023E-5	6.5472E-6	32	85	0	1.59E-6	1.0176E-6
32	86	0	1.54E-7	9.856E-8	32	87	0	9.20855E-9	5.89347E-9
32	88	0	3.22E-10	2.0608E-10	32	89	0	9.4716E-12	6.06183E-12
33	71	0	1.96E-14	1.2544E-14	33	72	0	1.38E-12	8.832E-13
33	73	0	5.94E-11	3.8016E-11	33	74	0	4.79E-10	3.0656E-10
33	74	1	1.3E-9	8.32E-10	33	75	0	3.53E-8	2.2592E-8
33	76	0	4.65E-7	2.976E-7	33	77	0	4.11E-6	2.6304E-6
33	78	0	2.233E-5	1.42912E-5	33	79	0	9.259E-5	5.92576E-5
33	80	0	2.5439E-4	1.6281E-4	33	81	0	5.0363E-4	3.22323E-4
33	82	0	3.3267E-4	2.12909E-4	33	82	1	3.3267E-4	2.12909E-4
33	83	0	6.3343E-4	4.05395E-4	33	84	1	2.0074E-4	1.28474E-4
33	84	0	2.0074E-4	1.28474E-4	33	85	0	1.7949E-4	1.14874E-4
33	86	0	4.744E-5	3.03616E-5	33	87	0	8.58E-6	5.4912E-6
33	88	0	8.7E-7	5.568E-7	33	89	0	6.02905E-8	3.85859E-8
33	90	0	7.96369E-10	5.09676E-10	33	91	0	5.84318E-11	3.73963E-11
33	92	0	2.87447E-12	1.83966E-12	34	74	0	6.64E-13	4.2496E-13
34	75	0	3.53E-11	2.2592E-11	34	76	0	1.37E-9	8.768E-10
34	77	0	3.77E-9	2.4128E-9	34	77	1	2.76E-8	1.7664E-8
34	78	0	4.7E-7	3.008E-7	34	79	0	4.24E-6	2.7136E-6
34	79	1	5.78E-7	3.6992E-7	34	80	0	3.509E-5	2.24576E-5
34	81	0	1.931E-5	1.23584E-5	34	81	1	1.4161E-4	9.06304E-5
34	82	0	5.212E-4	3.33568E-4	34	83	0	9.4556E-4	6.05158E-4
34	83	1	1.9367E-4	1.23949E-4	34	84	0	0.00179224	0.00114703
34	85	0	9.9207E-4	6.34925E-4	34	85	1	9.9207E-4	6.34925E-4
34	86	0	0.00143727	9.19853E-4	34	87	0	6.8166E-4	4.36262E-4
34	88	0	2.074E-4	1.32736E-4	34	89	0	4.075E-5	2.608E-5
34	90	0	5.0692E-6	3.24429E-6	34	91	0	3.71942E-7	2.38043E-7
34	92	0	1.82971E-8	1.17102E-8	34	93	0	2.57602E-10	1.64866E-10
34	94	0	9.69E-12	6.2016E-12	35	77	0	3.03E-12	1.9392E-12
35	77	1	1.14E-11	7.296E-12	35	78	0	5.75E-10	3.68E-10
35	79	0	3.52E-9	2.2528E-9	35	79	1	1.32E-8	8.448E-9
35	80	0	7.11E-8	4.5504E-8	35	80	1	2.52E-7	1.6128E-7
35	81	0	4.04E-6	2.5856E-6	35	82	0	2.33E-5	1.4912E-5
35	82	1	8.62E-6	5.5168E-6	35	83	0	1.8272E-4	1.16941E-4
35	84	0	2.1856E-4	1.39878E-4	35	84	1	4.6443E-4	2.97235E-4
35	85	0	0.00190138	0.00121688	35	86	0	0.00162332	0.00103892
35	86	1	0.00162285	0.00103862	35	87	0	0.00400878	0.00256562
35	88	0	0.0031061	0.0019879	35	89	0	0.00174934	0.00111958
35	90	0	5.9517E-4	3.80909E-4	35	91	0	1.3302E-4	8.51328E-5
35	92	0	1.873E-5	1.19872E-5	35	93	0	1.63974E-6	1.04944E-6
35	94	0	9.16E-8	5.8624E-8	35	95	0	1.14665E-9	7.33853E-10
35	96	0	6.84E-11	4.3776E-11	35	97	0	3.50276E-12	2.24177E-12
36	78	0	5.98E-14	3.8272E-14	36	79	1	2.36E-12	1.5104E-12
36	79	0	2.36E-12	1.5104E-12	36	80	0	2.72E-10	1.7408E-10
36	81	0	7.92E-9	5.0688E-9	36	81	1	1.08E-9	6.912E-10
36	82	0	2.01E-7	1.2864E-7	36	83	0	2.5E-6	1.6E-6
36	83	1	5.13E-7	3.2832E-7	36	84	0	3.112E-5	1.99168E-5
36	85	0	1.8154E-4	1.16186E-4	36	85	1	3.718E-5	2.37952E-5
36	86	0	9.8567E-4	6.30829E-4	36	87	0	0.00286894	0.00183612
36	88	0	0.00576487	0.00368952	36	89	0	0.00792097	0.00506942
36	90	0	0.00734714	0.00470217	36	91	0	0.00427502	0.00273601
36	92	0	0.00176036	0.00112663	36	93	0	4.2805E-4	2.73952E-4
36	94	0	7.36E-5	4.7104E-5	36	95	0	7.29885E-6	4.67127E-6
36	96	0	5.03E-7	3.2192E-7	36	97	0	2.22965E-8	1.42698E-8
36	98	0	5.98E-10	3.8272E-10	36	99	0	3.63362E-11	2.32551E-11
36	100	0	1.6E-13	1.024E-13	37	81	0	1.15E-12	7.36E-13
37	83	0	3.1E-9	1.984E-9	37	84	0	8.66E-8	5.5424E-8
37	85	0	1.8E-6	1.152E-6	37	86	1	1.075E-5	6.88E-6
37	86	0	1.075E-5	6.88E-6	37	87	0	1.7525E-4	1.1216E-4
37	88	0	8.9624E-4	5.73594E-4	37	89	0	0.00325708	0.00208453
37	90	0	0.00123095	7.87808E-4	37	90	1	0.00601014	0.00384649
37	91	0	0.0110032	0.00352102	37	92	0	0.0111787	0.00357719
37	93	0	0.0075362	0.00482317	37	94	0	0.00344296	0.00220349
37	95	0	0.00101525	6.4976E-4	37	96	0	1.9694E-4	1.26042E-4
37	97	0	2.641E-5	1.69024E-5	37	98	0	2.06E-6	1.3184E-6
37	99	0	2.31294E-7	1.48028E-7	37	100	0	4.79E-9	3.0656E-9
37	101	0	1.29901E-10	8.31365E-11	37	102	0	6.40865E-12	4.10153E-12
38	83	0	2.49E-13	1.5936E-13	38	84	0	2.1E-11	1.344E-11
38	85	1	6.15E-10	3.936E-10	38	85	0	6.15E-10	3.936E-10
38	86	0	4.48E-8	2.8672E-8	38	87	0	8.35E-7	5.344E-7
38	87	1	1.71E-7	1.0944E-7	38	88	0	1.54E-5	9.856E-6
38	89	0	1.499E-4	9.5936E-5	38	90	0	9.3071E-4	5.95654E-4
38	91	0	0.00351587	0.00225016	38	92	0	0.00935339	0.00598617
38	93	0	0.0150981	0.00483139	38	94	0	0.0182762	0.00584839
38	95	0	0.0135738	0.0043436	38	96	0	0.00746083	0.00477493
38	97	0	0.00264141	0.0016905	38	98	0	6.2187E-4	3.97997E-4
38	99	0	1.00009E-4	6.40056E-5	38	100	0	1.19E-5	7.616E-6
38	101	0	8.2687E-7	5.29197E-7	38	102	0	4.07936E-8	2.61079E-8
38	103	0	5.98454E-10	3.83011E-10	38	104	0	1.78E-11	1.1392E-11
39	85	0	4.75E-14	3.04E-14	39	87	0	3.43E-10	2.1952E-10
39	88	0	1.52E-8	9.728E-9	39	89	0	7.78E-8	4.9792E-8
39	89	1	3.8E-7	2.432E-7	39	90	1	3.97E-6	2.5408E-6
39	90	0	3.97E-6	2.5408E-6	39	91	1	4.4115E-5	2.82336E-5
39	91	0	4.4115E-5	2.82336E-5	39	92	0	6.1651E-4	3.94566E-4
39	93	1	0.00136492	8.73546E-4	39	93	0	0.00136492	8.73546E-4
39	94	0	0.0080534	0.00515418	39	95	0	0.015566	0.00498111
39	96	0	0.00185944	0.00119004	39	96	1	0.0188011	0.00601634
39	97	1	0.00959124	0.00613839	39	97	0	0.00959124	0.00613839
39	98	0	0.00579951	0.00371169	39	98	1	0.00579944	0.00371164
39	99	0	0.0052661	0.0033703	39	100	0	0.00163224	0.00104463
39	101	0	3.3712E-4	2.15757E-4	39	102	0	4.528E-5	2.89792E-5
39	103	0	3.8094E-6	2.43802E-6	39	104	0	1.78E-7	1.1392E-7
39	105	0	1.81421E-9	1.1611E-9	39	106	0	8.34066E-11	5.33803E-11
40	88	0	1.27E-12	8.128E-13	40	89	0	1.12E-10	7.168E-11
40	90	1	3.075E-9	1.968E-9	40	90	0	3.075E-9	1.968E-9
40	91	0	1.97E-7	1.2608E-7	40	92	0	4.2E-6	2.688E-6
40	93	0	5.117E-5	3.27488E-5	40	94	0	4.3581E-4	2.78918E-4
40	95	0	0.00216065	0.00138282	40	96	0	0.00769965	0.00492778
40	97	0	0.0168786	0.00540116	40	98	0	0.0265556	0.00849779
40	99	0	0.0288153	0.00922088	40	100	0	0.0232822	0.00745031
40	101	0	0.0122734	0.00392748	40	102	0	0.00459502	0.00294081
40	103	0	0.00104734	6.70298E-4	40	104	0	1.5082E-4	9.65248E-5
40	105	0	1.15482E-5	7.39084E-6	40	106	0	5.30917E-7	3.39787E-7
40	107	0	2.78808E-9	1.78437E-9	40	108	0	1.3E-10	8.32E-11
40	109	0	2.35612E-12	1.50792E-12	41	90	0	2.47E-13	1.5808E-13
41	91	0	2.52E-11	1.6128E-11	41	92	0	1.57E-9	1.0048E-9
41	93	0	4.99E-8	3.1936E-8	41	93	1	1.02E-8	6.528E-9
41	94	0	9.19E-7	5.8816E-7	41	94	1	5.39E-7	3.4496E-7
41	95	0	1.833E-5	1.17312E-5	41	95	1	3.75E-6	2.4E-6
41	96	0	2.1023E-4	1.34547E-4	41	97	0	0.0010566	6.76224E-4
41	97	1	2.1641E-4	1.38502E-4	41	98	0	0.00393305	0.00251715
41	98	1	0.0011094	7.10016E-4	41	99	0	0.00112991	7.23142E-4
41	99	1	0.0129937	0.00415799	41	100	0	0.0131041	0.00419332
41	100	1	0.0131041	0.00419332	41	101	0	0.0353666	0.0113173
41	102	1	0.0156562	0.0100199	41	102	0	0.0156562	0.0100199
41	103	0	0.0193645	0.00619662	41	104	1	0.00371076	0.00237488
41	104	0	0.00371076	0.00237488	41	105	0	0.00178331	0.00114132
41	106	0	2.4368E-4	1.55955E-4	41	107	0	1.77472E-5	1.13582E-5
41	108	0	6.76E-7	4.3264E-7	41	109	0	1.49976E-8	9.59849E-9
41	110	0	2.03E-10	1.2992E-10	41	111	0	4.2096E-12	2.69414E-12
42	92	0	4.9E-14	3.136E-14	42	93	1	2.77E-12	1.7728E-12
42	93	0	2.77E-12	1.7728E-12	42	94	0	4.27E-10	2.7328E-10
42	95	0	1.88E-8	1.2032E-8	42	96	0	5.56E-7	3.5584E-7
42	97	0	9.24E-6	5.9136E-6	42	98	0	1.088E-4	6.9632E-5
42	99	0	7.899E-4	5.05536E-4	42	100	0	0.00387977	0.00248305
42	101	0	0.0126621	0.00405188	42	102	0	0.0280482	0.00897541
42	103	0	0.0407483	0.0130395	42	104	0	0.0413004	0.0132161
42	105	0	0.0262615	0.00840368	42	106	0	0.0107246	0.00343187
42	107	0	0.00235619	0.00150796	42	108	0	3.0288E-4	1.93843E-4
42	109	0	2.148E-5	1.37472E-5	42	110	0	9.67E-7	6.1888E-7
42	111	0	2.67958E-8	1.71493E-8	42	112	0	5.39E-10	3.4496E-10
43	95	0	7.49E-13	4.7936E-13	43	95	1	1.53E-13	9.792E-14
43	97	1	2.01E-9	1.2864E-9	43	97	0	2.01E-9	1.2864E-9
43	98	0	1.37E-7	8.768E-8	43	99	0	2.47E-6	1.5808E-6
43	99	1	5.06E-7	3.2384E-7	43	100	0	3.86E-5	2.4704E-5
43	101	0	3.5987E-4	2.30317E-4	43	102	0	9.92E-4	6.3488E-4
43	102	1	9.92E-4	6.3488E-4	43	103	0	0.00768581	0.00491892
43	104	0	0.0190176	0.00608564	43	105	0	0.0329054	0.0105297
43	106	0	0.0340387	0.0108924	43	107	0	0.0221928	0.00710169
43	108	0	0.00817288	0.00523064	43	109	0	0.00187826	0.00120209
43	110	0	2.4847E-4	1.59021E-4	43	111	0	2.187E-5	1.39968E-5
43	112	0	1.24E-6	7.936E-7	43	113	0	5.34E-14	3.4176E-14
43	115	0	7.48954E-17	4.79331E-17	43	119	0	1.55504E-13	9.95225E-14
44	97	0	1.34E-13	8.576E-14	44	98	0	1.46E-11	9.344E-12
44	99	0	9.09E-10	5.8176E-10	44	100	0	3.52E-8	2.2528E-8
44	101	0	9.15E-7	5.856E-7	44	102	0	1.46E-5	9.344E-6
44	103	0	1.5147E-4	9.69408E-5	44	104	0	0.00108047	6.91501E-4
44	105	0	0.00502089	0.00321337	44	106	0	0.0145338	0.00465083
44	107	0	0.0249639	0.00798846	44	108	0	0.0262719	0.00840701
44	109	1	0.00819429	0.00524434	44	109	0	0.00819429	0.00524434
44	110	0	0.00634252	0.00405921	44	111	0	0.00153048	9.79507E-4
44	112	0	2.5226E-4	1.61446E-4	44	113	0	3.52E-7	2.2528E-7
44	114	0	2.57E-8	1.6448E-8	44	115	0	1.5E-9	9.6E-10
44	116	0	8.67E-11	5.5488E-11	44	117	0	5.16E-12	3.3024E-12
44	118	0	3.05E-13	1.952E-13	44	119	0	9.89845E-10	6.33501E-10
44	120	0	2.64E-12	1.6896E-12	45	99	0	1.53E-14	9.792E-15
45	101	0	2.29E-11	1.4656E-11	45	101	1	1.12E-10	7.168E-11
45	102	0	2.97E-9	1.9008E-9	45	102	1	2.97E-9	1.9008E-9
45	103	0	2.25E-8	1.44E-8	45	103	1	1.65E-7	1.056E-7
45	104	0	8.38E-7	5.3632E-7	45	104	1	2.97E-6	1.9008E-6
45	105	0	4.94E-5	3.1616E-5	45	105	1	6.74E-6	4.3136E-6
45	106	0	2.3021E-4	1.47334E-4	45	106	1	2.3021E-4	1.47334E-4
45	107	0	0.00244646	0.00156573	45	108	0	0.00351497	0.00224958
45	108	1	0.00351497	0.00224958	45	109	0	0.00628308	0.00402117
45	109	1	0.00628306	0.00402116	45	110	0	0.00611284	0.00391222
45	110	1	0.00611284	0.00275078	45	111	0	0.00801315	0.00512842
45	112	0	0.00326879	0.00209203	45	113	0	8.8759E-4	5.68058E-4
45	114	0	2.2015E-4	1.40896E-4	45	115	0	4.878E-5	3.12192E-5
45	116	0	9.26E-6	5.9264E-6	45	117	0	1.84E-6	1.1776E-6
45	118	0	3.39E-7	2.1696E-7	45	119	0	8.28E-7	5.2992E-7
45	120	0	1.23E-8	7.872E-9	45	121	0	6.86E-11	4.3904E-11
45	122	0	1.38E-13	8.832E-14	46	102	0	2.01E-13	1.2864E-13
46	103	0	1.83E-11	1.1712E-11	46	104	0	1.18E-9	7.552E-10
46	105	0	5.32E-8	3.4048E-8	46	106	0	1.43E-6	9.152E-7
46	107	0	7.31E-6	4.6784E-6	46	107	1	1.628E-5	1.04192E-5
46	108	0	2.2095E-4	1.41408E-4	46	109	0	3.5313E-4	2.26003E-4
46	109	1	7.8599E-4	5.03034E-4	46	110	0	0.00316096	0.00202301
46	111	0	0.00159833	0.00102293	46	111	1	0.00355758	0.00227685
46	112	0	0.00535045	0.00342429	46	113	0	0.0048414	0.0030985
46	114	0	0.00301601	0.00193025	46	115	0	0.0016862	0.00107917
46	116	0	8.9425E-4	5.7232E-4	46	117	0	4.5876E-4	2.93606E-4
46	118	0	2.4735E-4	1.58304E-4	46	119	0	5.944E-5	3.80416E-5
46	120	0	4.95E-6	3.168E-6	46	121	0	1.51E-7	9.664E-8
46	122	0	1.79E-9	1.1456E-9	47	105	0	3.42E-13	2.1888E-13
47	105	1	2.51E-12	1.6064E-12	47	106	0	6.41E-11	4.1024E-11
47	106	1	1.73E-10	1.1072E-10	47	107	0	1.66E-9	1.0624E-9
47	107	1	1.22E-8	7.808E-9	47	108	1	2.07E-7	1.3248E-7
47	108	0	2.07E-7	1.3248E-7	47	109	1	3.615E-6	2.3136E-6
47	109	0	3.615E-6	2.3136E-6	47	110	0	1.562E-5	9.9968E-6
47	110	1	4.223E-5	2.70272E-5	47	111	0	3.33E-5	2.1312E-5
47	111	1	2.4417E-4	1.56269E-4	47	112	0	7.1687E-4	4.58797E-4
47	113	0	2.05E-5	1.312E-5	47	113	1	1.5031E-4	9.61984E-5
47	114	0	2.6387E-4	1.68877E-4	47	115	0	1.8244E-4	1.16762E-4
47	115	1	1.8244E-4	1.16762E-4	47	116	0	1.9793E-4	1.26675E-4
47	116	1	1.9793E-4	1.26675E-4	47	117	0	2.0876E-4	1.33606E-4
47	117	1	2.0876E-4	1.33606E-4	47	118	0	2.1346E-4	1.36614E-4
47	118	1	2.1346E-4	1.36614E-4	47	119	0	3.1853E-4	2.03859E-4
47	120	1	6.045E-5	3.8688E-5	47	120	0	6.045E-5	3.8688E-5
47	121	0	1.993E-5	1.27552E-5	47	122	1	6.15E-7	3.936E-7
47	122	0	6.15E-7	3.936E-7	47	123	0	3.06E-12	1.9584E-12
47	124	0	2.93E-13	1.8752E-13	47	125	0	3.45E-14	2.208E-14
47	129	0	4.30385E-10	2.75446E-10	47	130	0	3.78E-11	2.4192E-11
47	131	0	1.94773E-12	1.24654E-12	48	107	0	6.24E-13	3.9936E-13
48	108	0	6.66E-11	4.2624E-11	48	109	0	3.79E-9	2.4256E-9
48	110	0	1.0E-7	6.4E-8	48	111	0	2.94E-7	1.8816E-7
48	111	1	1.1E-6	7.04E-7	48	112	0	1.057E-5	6.7648E-6
48	113	0	1.43E-9	9.152E-10	48	113	1	5.38E-9	3.4432E-9
48	114	0	3.96E-8	2.5344E-8	48	115	0	3.88E-8	2.4832E-8
48	115	1	1.46E-7	9.344E-8	48	116	0	6.59E-7	4.2176E-7
48	117	0	3.96E-7	2.5344E-7	48	117	1	1.49E-6	9.536E-7
48	118	0	5.4E-6	3.456E-6	48	119	0	1.048E-4	6.7072E-5
48	119	1	1.048E-4	6.7072E-5	48	120	0	3.5498E-4	2.27187E-4
48	121	1	1.2708E-4	8.13312E-5	48	121	0	1.2708E-4	8.13312E-5
48	122	0	7.883E-5	5.04512E-5	48	123	0	1.5E-6	9.6E-7
48	124	0	4.84E-7	3.0976E-7	48	125	0	1.79E-7	1.1456E-7
48	126	0	3.65E-8	2.336E-8	48	127	0	7.21E-9	4.6144E-9
48	128	0	8.73E-10	5.5872E-10	48	129	0	2.73957E-6	1.75332E-6
48	130	0	2.78E-7	1.7792E-7	48	131	0	1.23981E-8	7.93475E-9
48	132	0	2.67E-10	1.7088E-10	48	133	0	7.05265E-12	4.5137E-12
48	134	0	1.94E-14	1.2416E-14	49	109	0	1.11E-13	7.104E-14
49	111	0	4.17E-10	2.6688E-10	49	112	0	1.51E-9	9.664E-10
49	112	1	7.38E-9	4.7232E-9	49	115	0	3.05E-14	1.952E-14
49	116	2	1.48E-13	9.472E-14	49	116	0	1.48E-13	9.472E-14
49	116	1	1.48E-13	9.472E-14	49	117	0	3.56E-12	2.2784E-12
49	117	1	7.29E-13	4.6656E-13	49	118	2	4.17E-12	2.6688E-12
49	118	0	2.96E-11	1.8944E-11	49	118	1	4.17E-12	2.6688E-12
49	119	0	9.59E-6	6.1376E-6	49	119	1	1.96E-6	1.2544E-6
49	120	2	2.89E-5	1.8496E-5	49	120	0	2.89E-5	1.8496E-5
49	120	1	2.89E-5	1.8496E-5	49	121	0	2.3116E-4	1.47942E-4
49	121	1	4.735E-5	3.0304E-5	49	122	2	1.1772E-4	7.53408E-5
49	122	0	1.1772E-4	7.53408E-5	49	122	1	1.1772E-4	7.53408E-5
49	123	0	3.0248E-4	1.93587E-4	49	123	1	6.195E-5	3.9648E-5
49	124	1	1.60135E-4	1.02486E-4	49	124	0	1.60135E-4	1.02486E-4
49	125	0	1.8146E-4	1.16134E-4	49	125	1	1.8146E-4	1.16134E-4
49	126	1	1.1595E-4	7.4208E-5	49	126	0	1.1595E-4	7.4208E-5
49	127	0	7.983E-5	5.10912E-5	49	127	1	7.983E-5	5.10912E-5
49	128	1	3.696E-5	2.36544E-5	49	128	0	3.696E-5	2.36544E-5
49	129	0	1.9553E-4	1.25139E-4	49	129	1	1.9553E-4	1.25139E-4
49	130	2	3.625E-5	2.32E-5	49	130	1	3.625E-5	2.32E-5
49	130	0	3.625E-5	2.32E-5	49	131	1	7.99E-6	5.1136E-6
49	131	0	7.99E-6	5.1136E-6	49	132	0	1.11E-6	7.104E-7
49	133	0	4.4893E-8	2.87315E-8	49	134	0	9.52E-10	6.0928E-10
49	135	0	2.51319E-11	1.60844E-11	49	136	0	1.04E-13	6.656E-14
50	112	0	6.31E-13	4.0384E-13	50	119	0	1.26E-8	8.064E-9
50	119	1	4.72E-8	3.0208E-8	50	120	0	2.47E-6	1.5808E-6
50	121	0	9.6E-6	6.144E-6	50	121	1	2.731E-5	1.74784E-5
50	122	0	2.1144E-4	1.35322E-4	50	123	0	3.1522E-4	2.01741E-4
50	123	1	1.1075E-4	7.088E-5	50	124	0	7.7069E-4	4.93242E-4
50	125	0	0.00125442	8.02829E-4	50	125	1	4.4406E-4	2.84198E-4
50	126	0	0.00256337	0.00164056	50	127	0	0.00304658	0.00194981
50	127	1	0.00107042	6.85069E-4	50	128	1	0.00294912	0.00188744
50	128	0	0.00294912	0.00188744	50	129	0	0.00396551	0.00253793
50	129	1	0.00139272	8.91341E-4	50	130	1	0.00206059	0.00131877
50	130	0	0.00206059	0.00131877	50	131	1	8.6307E-4	5.52365E-4
50	131	0	8.6307E-4	5.52365E-4	50	132	0	4.041E-4	2.58624E-4
50	133	0	5.176E-5	3.31264E-5	50	134	0	3.85E-6	2.464E-6
50	135	0	1.59975E-7	1.02384E-7	50	136	0	4.55E-9	2.912E-9
50	137	0	6.86E-11	4.3904E-11	50	138	0	8.79E-13	5.6256E-13
51	119	0	1.83E-11	1.1712E-11	51	120	0	1.54E-9	9.856E-10
51	120	1	2.62E-9	1.6768E-9	51	121	0	3.54E-7	2.2656E-7
51	122	0	4.16E-6	2.6624E-6	51	122	1	5.52E-6	3.5328E-6
51	123	0	1.88E-6	1.2032E-6	51	124	2	2.9E-6	1.856E-6
51	124	0	2.9E-6	1.856E-6	51	124	1	2.9E-6	1.856E-6
51	125	0	5.051E-5	3.23264E-5	51	126	2	5.2445E-5	3.35648E-5
51	126	0	7.596E-5	4.86144E-5	51	126	1	5.2445E-5	3.35648E-5
51	127	0	6.9605E-4	4.45472E-4	51	128	0	9.5508E-4	6.11251E-4
51	128	1	0.00131887	8.44077E-4	51	129	0	0.00627901	0.00401857
51	130	0	0.00479173	0.00306671	51	130	1	0.00661714	0.00423497
51	131	0	0.0134531	0.00430498	51	132	0	0.0047431	0.00303558
51	132	1	0.00420614	0.00269193	51	133	0	0.00368806	0.00236036
51	134	1	4.21925E-4	2.70032E-4	51	134	0	4.21925E-4	2.70032E-4
51	135	0	1.1727E-4	7.50528E-5	51	136	0	1.017E-5	6.5088E-6
51	137	0	5.0E-7	3.2E-7	51	138	0	1.84E-8	1.1776E-8
51	139	0	4.33E-10	2.7712E-10	51	140	0	1.63358E-11	1.04549E-11
52	120	0	6.0E-13	3.84E-13	52	121	1	1.43E-10	9.152E-11
52	121	0	1.43E-10	9.152E-11	52	122	0	4.45E-8	2.848E-8
52	123	0	1.23E-12	7.872E-13	52	123	1	4.62E-12	2.9568E-12
52	124	0	9.07E-11	5.8048E-11	52	125	0	3.09E-10	1.9776E-10
52	125	1	1.16E-9	7.424E-10	52	126	0	2.01E-8	1.2864E-8
52	127	0	6.36E-8	4.0704E-8	52	127	1	1.81E-7	1.1584E-7
52	128	0	3.06E-6	1.9584E-6	52	129	0	2.3218E-4	1.48595E-4
52	129	1	6.6082E-4	4.22925E-4	52	130	0	0.00425179	0.00272115
52	131	0	0.00329124	0.00210639	52	131	1	0.00936737	0.00599512
52	132	0	0.0240057	0.00768183	52	133	0	0.00693587	0.00443896
52	133	1	0.0197406	0.00631698	52	134	0	0.0185937	0.00594999
52	135	0	0.0074141	0.00474502	52	136	0	0.0020211	0.0012935
52	137	0	2.8787E-4	1.84237E-4	52	138	0	3.214E-5	2.05696E-5
52	139	0	2.15E-6	1.376E-6	52	140	0	1.03984E-7	6.65496E-8
52	141	0	1.07282E-9	6.86605E-10	52	142	0	6.32E-11	4.0448E-11
52	143	0	7.86244E-12	5.03196E-12	53	121	0	1.3E-14	8.32E-15
53	127	0	3.27E-14	2.0928E-14	53	128	0	1.63E-12	1.0432E-12
53	129	0	9.25E-6	5.92E-6	53	130	0	8.475E-5	5.424E-5
53	130	1	3.134E-5	2.00576E-5	53	131	0	0.00102562	6.56397E-4
53	132	1	0.00267519	0.00171212	53	132	0	0.00267519	0.00171212
53	133	1	0.00855311	0.00547399	53	133	0	0.00855311	0.00547399
53	134	0	0.0166039	0.00531323	53	134	1	0.0147246	0.00338666
53	135	0	0.0353798	0.0113215	53	136	0	0.0127829	0.00409054
53	136	1	0.0127791	0.00408931	53	137	0	0.0106327	0.00340245
53	138	0	0.00315061	0.00201639	53	139	0	6.2152E-4	3.97773E-4
53	140	0	8.13E-5	5.2032E-5	53	141	0	6.82893E-6	4.37051E-6
53	142	0	4.07E-7	2.6048E-7	53	143	0	5.00476E-8	3.20305E-8
53	144	0	2.37183E-10	1.51797E-10	53	145	0	9.51872E-12	6.09198E-12
54	129	1	4.045E-9	2.5888E-9	54	129	0	4.045E-9	2.5888E-9
54	130	0	3.07E-7	1.9648E-7	54	131	0	2.09E-6	1.3376E-6
54	131	1	5.95E-6	3.808E-6	54	132	0	1.3767E-4	8.81088E-5
54	133	0	3.3271E-4	2.12934E-4	54	133	1	9.4696E-4	6.06054E-4
54	134	0	0.00190454	0.00121891	54	134	1	0.00514931	0.00329556
54	135	0	0.00541186	0.00346359	54	135	1	0.0154028	0.00492889
54	136	0	0.0409217	0.0130949	54	137	0	0.0421345	0.0134831
54	138	0	0.0329516	0.0105445	54	139	0	0.0164038	0.00524922
54	140	0	0.00592166	0.00378986	54	141	0	0.00130301	8.33926E-4
54	142	0	2.2547E-4	1.44301E-4	54	143	1	1.082E-5	6.92478E-6
54	143	0	1.082E-5	6.92478E-6	54	144	0	1.50976E-6	9.66248E-7
54	145	0	6.05905E-8	3.87779E-8	54	146	0	1.58E-9	1.0112E-9
54	147	0	3.88265E-11	2.48489E-11	54	148	0	2.5E-13	1.6E-13
55	129	0	3.99E-13	2.5536E-13	55	131	0	3.8E-9	2.432E-9
55	132	0	2.08E-7	1.3312E-7	55	133	0	6.6E-6	4.224E-6
55	134	1	5.5475E-5	3.5504E-5	55	134	0	5.5475E-5	3.5504E-5
55	135	1	5.0818E-4	3.25235E-4	55	135	0	5.0818E-4	3.25235E-4
55	136	1	0.00267808	0.00171397	55	136	0	0.00267808	0.00171397
55	137	0	0.0150723	0.00482314	55	138	0	0.0138828	0.0044425
55	138	1	0.0138835	0.00319321	55	139	0	0.0352205	0.0112706
55	140	0	0.0297877	0.00953207	55	141	0	0.0171565	0.00549007
55	142	0	0.00742317	0.00475083	55	143	0	0.00210168	0.00134508
55	144	0	3.9941E-4	2.55622E-4	55	145	0	4.939E-5	3.16096E-5
55	146	0	3.73E-6	2.3872E-6	55	147	0	2.47146E-7	1.58173E-7
55	148	0	5.52E-9	3.5328E-9	55	149	0	8.78047E-11	5.6195E-11
55	150	0	1.22E-12	7.808E-13	56	131	0	1.38E-13	8.832E-14
56	132	0	2.7E-11	1.728E-11	56	133	0	2.79E-9	1.7856E-9
56	134	0	1.64E-7	1.0496E-7	56	135	1	2.305E-6	1.4752E-6
56	135	0	2.305E-6	1.4752E-6	56	136	1	3.85E-5	2.464E-5
56	136	0	3.85E-5	2.464E-5	56	137	0	1.5646E-4	1.00134E-4
56	137	1	4.4532E-4	2.85005E-4	56	138	0	0.00302316	0.00193482
56	139	0	0.00937246	0.00599837	56	140	0	0.0199503	0.00638409
56	141	0	0.0263814	0.00844205	56	142	0	0.0286149	0.00915678
56	143	0	0.0201491	0.00644772	56	144	0	0.0104464	0.00334284
56	145	0	0.00345601	0.00221185	56	146	0	7.7996E-4	4.99174E-4
56	147	0	1.06863E-4	6.83922E-5	56	148	0	1.018E-5	6.5152E-6
56	149	0	5.58912E-7	3.57704E-7	56	150	0	2.1E-8	1.344E-8
56	151	0	1.93202E-10	1.23649E-10	56	152	0	5.93E-12	3.7952E-12
57	133	0	6.54E-14	4.1856E-14	57	135	0	1.23E-9	7.872E-10
57	137	0	1.57E-6	1.0048E-6	57	138	0	2.153E-5	1.37792E-5
57	139	0	1.9252E-4	1.23213E-4	57	140	0	0.00103144	6.60122E-4
57	141	0	0.00360685	0.00230838	57	142	0	0.00918525	0.00587856
57	143	0	0.0168949	0.00540638	57	144	0	0.0205989	0.00659163
57	145	0	0.0180956	0.00579058	57	146	1	0.00517671	0.00331309
57	146	0	0.00517671	0.00331309	57	147	0	0.00405669	0.00259628
57	148	0	0.0010505	6.7232E-4	57	149	0	1.749E-4	1.11936E-4
57	150	0	1.876E-5	1.20064E-5	57	151	0	1.22981E-6	7.87076E-7
57	152	0	4.89E-8	3.1296E-8	57	153	0	1.28E-9	8.192E-10
57	154	0	1.99E-11	1.2736E-11	57	155	0	6.0945E-13	3.90048E-13
58	135	0	2.51E-14	1.6064E-14	58	137	0	3.28E-10	2.0992E-10
58	138	0	1.38E-8	8.832E-9	58	139	0	9.01E-8	5.7664E-8
58	139	1	2.57E-7	1.6448E-7	58	140	0	5.41E-6	3.4624E-6
58	141	0	4.964E-5	3.17696E-5	58	142	0	3.5218E-4	2.25395E-4
58	143	0	0.00168503	0.00107842	58	144	0	0.00544961	0.00348775
58	145	0	0.0116433	0.00372585	58	146	0	0.0173301	0.00554562
58	147	0	0.0164648	0.00526872	58	148	0	0.0115263	0.00368841
58	149	0	0.00497066	0.00318122	58	150	0	0.0015517	9.93088E-4
58	151	0	2.8289E-4	1.8105E-4	58	152	0	3.438E-5	2.20032E-5
58	153	0	2.6E-6	1.664E-6	58	154	0	1.28E-7	8.192E-8
58	155	0	3.87939E-9	2.48281E-9	58	156	0	7.91E-11	5.0624E-11
58	157	0	1.1E-12	7.04E-13	59	139	0	3.58E-11	2.2912E-11
59	140	0	1.55E-9	9.92E-10	59	141	0	4.35E-8	2.784E-8
59	142	1	4.075E-7	2.608E-7	59	142	0	4.075E-7	2.608E-7
59	143	0	1.186E-5	7.5904E-6	59	144	0	9.19E-6	5.8816E-6
59	144	1	9.294E-5	5.94816E-5	59	145	0	6.2658E-4	4.01011E-4
59	146	0	0.00237678	0.00152114	59	147	0	0.00602097	0.00385342
59	148	1	0.00507524	0.00324815	59	148	0	0.00507524	0.00324815
59	149	0	0.0114187	0.00365399	59	150	0	0.00876801	0.00561153
59	151	0	0.00441142	0.00282331	59	152	0	0.00141802	9.07533E-4
59	153	0	3.175E-4	2.032E-4	59	154	0	4.388E-5	2.80832E-5
59	155	0	4.02E-6	2.5728E-6	59	156	0	2.32E-7	1.4848E-7
59	157	0	9.67E-9	6.1888E-9	59	158	0	2.42E-10	1.5488E-10
59	159	0	4.69E-12	3.0016E-12	59	160	0	5.04E-14	3.2256E-14
60	140	0	3.66E-14	2.3424E-14	60	141	0	2.88E-12	1.8432E-12
60	142	0	1.63E-10	1.0432E-10	60	143	0	6.93E-9	4.4352E-9
60	144	0	1.82E-7	1.1648E-7	60	145	0	3.16E-6	2.0224E-6
60	146	0	3.596E-5	2.30144E-5	60	147	0	2.4481E-4	1.56678E-4
60	148	0	0.00115893	7.41715E-4	60	149	0	0.00325475	0.00208304
60	150	0	0.00656809	0.00420358	60	151	0	0.00793395	0.00507773
60	152	0	0.00671807	0.00429957	60	153	0	0.00376948	0.00241247
60	154	0	0.00146888	9.40083E-4	60	155	0	3.5398E-4	2.26547E-4
60	156	0	5.974E-5	3.82336E-5	60	157	0	6.71E-6	4.2944E-6
60	158	0	4.97E-7	3.1808E-7	60	159	0	2.59E-8	1.6576E-8
60	160	0	8.41E-10	5.3824E-10	60	161	0	1.77E-11	1.1328E-11
60	162	0	2.67E-13	1.7088E-13	61	143	0	2.26E-13	1.4464E-13
61	144	0	1.7E-11	1.088E-11	61	145	0	9.41E-10	6.0224E-10
61	146	0	3.11E-8	1.9904E-8	61	147	0	6.55E-7	4.192E-7
61	148	0	2.35E-6	1.504E-6	61	148	1	6.34E-6	4.0576E-6
61	149	0	7.208E-5	4.61312E-5	61	150	0	3.8326E-4	2.45286E-4
61	151	0	0.00127249	8.14394E-4	61	152	2	8.807E-4	5.63648E-4
61	152	0	8.807E-4	5.63648E-4	61	152	1	8.807E-4	5.63648E-4
61	153	0	0.00386309	0.00247238	61	154	0	0.00181501	0.00116161
61	154	1	0.00181501	0.00116161	61	155	0	0.00228603	0.00146306
61	156	0	9.6261E-4	6.1607E-4	61	157	0	2.9553E-4	1.89139E-4
61	158	0	5.689E-5	3.64096E-5	61	159	0	8.34E-6	5.3376E-6
61	160	0	7.33E-7	4.6912E-7	61	161	0	4.48E-8	2.8672E-8
61	162	0	1.82E-9	1.1648E-9	61	163	0	5.05E-11	3.232E-11
61	164	0	8.79E-13	5.6256E-13	62	145	0	2.14E-14	1.3696E-14
62	146	0	2.27E-12	1.4528E-12	62	147	0	1.41E-10	9.024E-11
62	148	0	5.89E-9	3.7696E-9	62	149	0	1.41E-7	9.024E-8
62	150	0	2.29E-6	1.4656E-6	62	151	0	2.1E-5	1.344E-5
62	152	0	1.2647E-4	8.09408E-5	62	153	0	4.7699E-4	3.05274E-4
62	154	0	0.00120732	7.72685E-4	62	155	0	0.00179908	0.00115141
62	156	0	0.00192745	0.00123357	62	157	0	0.00137634	8.80858E-4
62	158	0	6.8649E-4	4.39354E-4	62	159	0	2.4289E-4	1.5545E-4
62	160	0	5.91E-5	3.7824E-5	62	161	0	9.24E-6	5.9136E-6
62	162	0	1.06E-6	6.784E-7	62	163	0	7.82E-8	5.0048E-8
62	164	0	3.96E-9	2.5344E-9	62	165	0	1.17E-10	7.488E-11
62	166	0	2.54E-12	1.6256E-12	62	167	0	3.57E-14	2.2848E-14
63	149	0	1.57E-11	1.0048E-11	63	151	0	2.16E-8	1.3824E-8
63	152	2	1.23333E-7	7.89333E-8	63	152	0	1.23333E-7	7.89333E-8
63	152	1	1.23333E-7	7.89333E-8	63	153	0	4.23E-6	2.7072E-6
63	154	1	1.4555E-5	9.3152E-6	63	154	0	1.4555E-5	9.3152E-6
63	155	0	1.2033E-4	7.70112E-5	63	156	0	3.1839E-4	2.0377E-4
63	157	0	5.7628E-4	3.68819E-4	63	158	0	6.6097E-4	4.23021E-4
63	159	0	5.7073E-4	3.65267E-4	63	160	0	3.2627E-4	2.08813E-4
63	161	0	1.3076E-4	8.36864E-5	63	162	0	3.678E-5	2.35392E-5
63	163	0	7.39E-6	4.7296E-6	63	164	0	9.65E-7	6.176E-7
63	165	0	8.34E-8	5.3376E-8	63	166	0	4.82E-9	3.0848E-9
63	167	0	1.98E-10	1.2672E-10	63	168	0	4.91E-12	3.1424E-12
63	169	0	7.99E-14	5.1136E-14	64	151	0	1.73E-12	1.1072E-12
64	152	0	9.49E-11	6.0736E-11	64	153	0	3.15E-9	2.016E-9
64	154	0	6.75E-8	4.32E-8	64	155	0	7.67E-7	4.9088E-7
64	156	0	5.9E-6	3.776E-6	64	157	0	2.716E-5	1.73824E-5
64	158	0	8.297E-5	5.31008E-5	64	159	0	1.6644E-4	1.06522E-4
64	160	0	2.39E-4	1.5296E-4	64	161	0	2.1503E-4	1.37619E-4
64	162	0	1.4844E-4	9.50016E-5	64	163	0	6.918E-5	4.42752E-5
64	164	0	2.345E-5	1.5008E-5	64	165	0	5.14E-6	3.2896E-6
64	166	0	8.2E-7	5.248E-7	64	167	0	8.75E-8	5.6E-8
64	168	0	6.22E-9	3.9808E-9	64	169	0	2.78E-10	1.7792E-10
64	170	0	9.5E-12	6.08E-12	64	171	0	1.93E-13	1.2352E-13
65	153	0	1.32E-13	8.448E-14	65	155	0	2.92E-10	1.8688E-10
65	156	0	5.75E-9	3.68E-9	65	156	1	5.69E-10	3.6416E-10
65	157	0	8.51E-8	5.4464E-8	65	158	0	6.28E-7	4.0192E-7
65	158	1	6.21E-8	3.9744E-8	65	159	0	3.78E-6	2.4192E-6
65	160	0	1.361E-5	8.7104E-6	65	161	0	3.142E-5	2.01088E-5
65	162	0	2.492E-5	1.59488E-5	65	162	1	2.492E-5	1.59488E-5
65	163	0	5.671E-5	3.62944E-5	65	164	0	4.321E-5	2.76544E-5
65	165	0	2.398E-5	1.53472E-5	65	166	0	8.98E-6	5.7472E-6
65	167	0	2.52E-6	1.6128E-6	65	168	0	4.48E-7	2.8672E-7
65	169	0	5.73E-8	3.6672E-8	65	170	0	5.12E-9	3.2768E-9
65	171	0	2.99E-10	1.9136E-10	65	172	0	1.11E-11	7.104E-12
66	156	0	5.74E-13	3.6736E-13	66	157	0	2.15E-11	1.376E-11
66	158	0	5.2E-10	3.328E-10	66	159	0	7.57E-9	4.8448E-9
66	160	0	7.93E-8	5.0752E-8	66	161	0	4.68E-7	2.9952E-7
66	162	0	2.01E-6	1.2864E-6	66	163	0	5.52E-6	3.5328E-6
66	164	0	1.067E-5	6.8288E-6	66	165	0	1.214E-5	7.7696E-6
66	165	1	1.66E-6	1.0624E-6	66	166	0	1.257E-5	8.0448E-6
66	167	0	7.96E-6	5.0944E-6	66	168	0	3.53E-6	2.2592E-6
66	169	0	1.1E-6	7.04E-7	66	170	0	2.62E-7	1.6768E-7
66	171	0	3.87E-8	2.4768E-8	66	172	0	4.14E-9	2.6496E-9
67	159	0	7.66E-13	4.9024E-13	67	159	1	1.05E-13	6.72E-14
67	161	0	3.81E-10	2.4384E-10	67	161	1	5.19E-11	3.3216E-11
67	162	0	1.32E-9	8.448E-10	67	162	1	3.58E-9	2.2912E-9
67	163	0	3.33E-8	2.1312E-8	67	163	1	4.55E-9	2.912E-9
67	164	0	5.01E-8	3.2064E-8	67	164	1	1.36E-7	8.704E-8
67	165	0	6.57E-7	4.2048E-7	67	166	0	3.86E-7	2.4704E-7
67	166	1	1.04E-6	6.656E-7	67	167	0	2.27E-6	1.4528E-6
67	168	0	2.28E-6	1.4592E-6	67	169	0	1.76E-6	1.1264E-6
67	170	0	4.77E-7	3.0528E-7	67	170	1	4.77E-7	3.0528E-7
67	171	0	3.56E-7	2.2784E-7	67	172	0	9.41E-8	6.0224E-8
68	161	0	3.12E-14	1.9968E-14	68	162	0	1.04E-12	6.656E-13
68	163	0	2.15E-11	1.376E-11	68	164	0	3.05E-10	1.952E-10
68	165	0	2.91E-9	1.8624E-9	68	166	0	1.76E-8	1.1264E-8
68	167	0	6.18E-8	3.9552E-8	68	167	1	8.42E-9	5.3888E-9
68	168	0	1.86E-7	1.1904E-7	68	169	0	3.48E-7	2.2272E-7
68	170	0	4.66E-7	2.9824E-7	68	171	0	3.91E-7	2.5024E-7
68	172	0	2.58E-7	1.6512E-7	69	165	0	7.56E-13	4.8384E-13
69	166	0	1.23E-11	7.872E-12	69	167	0	1.4E-10	8.96E-11
69	168	0	9.7E-10	6.208E-10	69	169	0	5.14E-9	3.2896E-9
69	170	0	1.71E-8	1.0944E-8	69	171	0	3.74E-8	2.3936E-8
69	172	0	5.89E-8	3.7696E-8	70	167	0	2.23E-14	1.4272E-14
70	168	0	4.51E-13	2.8864E-13	70	169	0	5.77E-12	3.6928E-12
70	169	1	7.86E-13	5.0304E-13	70	170	0	6.22E-11	3.9808E-11
70	171	0	3.52E-10	2.2528E-10	70	172	0	1.55E-9	9.92E-10
71	171	0	1.0E-13	6.4E-14	71	171	1	1.0E-13	6.4E-14
71	172	0	1.21E-12	7.744E-13	71	172	1	1.21E-12	7.744E-13