Z	A	FPS	Yield	Uncertainty	Z	A	FPS	Yield	Uncertainty
23	66	0	1.37782E-17	8.81805E-18	23	67	0	6.56914E-19	4.20425E-19
24	66	0	7.33989E-13	4.69753E-13	24	67	0	2.58994E-14	1.65756E-14
24	69	0	2.47981E-17	1.58708E-17	25	66	0	6.74002E-10	4.31361E-10
25	67	0	9.96003E-11	6.37442E-11	25	68	0	7.17002E-12	4.58881E-12
25	69	0	4.52977E-13	2.89905E-13	25	70	0	1.60001E-14	1.024E-14
25	72	0	1.32338E-17	8.46965E-18	26	66	0	7.53002E-8	4.81922E-8
26	67	0	2.90001E-8	1.85601E-8	26	68	0	8.22003E-9	5.26082E-9
26	69	0	1.38E-9	8.83203E-10	26	70	0	2.00001E-10	1.28E-10
26	71	0	1.32E-11	8.44803E-12	26	72	0	7.04989E-13	4.51193E-13
26	73	0	1.78001E-14	1.1392E-14	27	66	0	2.07001E-7	1.3248E-7
27	67	0	2.77001E-7	1.77281E-7	27	68	0	1.85001E-7	1.184E-7
27	69	0	1.16E-7	7.42402E-8	27	70	0	4.28001E-8	2.73921E-8
27	71	0	1.16E-8	7.42402E-9	27	72	0	1.66001E-9	1.0624E-9
27	73	0	1.72001E-10	1.1008E-10	27	74	0	8.90003E-12	5.69602E-12
27	75	0	4.22001E-13	2.70081E-13	27	77	0	2.56171E-16	1.63949E-16
28	66	0	1.14E-7	7.29602E-8	28	67	0	3.34001E-7	2.13761E-7
28	68	0	7.16002E-7	4.58241E-7	28	69	0	9.78003E-7	6.25922E-7
28	70	0	1.25E-6	8.00003E-7	28	71	0	8.35003E-7	5.34402E-7
28	72	0	4.53001E-7	2.89921E-7	28	73	0	1.21E-7	7.74402E-8
28	74	0	2.51001E-8	1.60641E-8	28	75	0	3.32001E-9	2.12481E-9
28	76	0	3.17001E-10	2.02881E-10	28	77	0	1.00998E-11	6.46386E-12
28	78	0	3.68001E-13	2.35521E-13	28	79	0	9.14189E-15	5.85081E-15
29	66	0	1.63001E-9	1.0432E-9	29	67	0	1.76001E-8	1.1264E-8
29	68	0	2.56001E-8	1.63841E-8	29	68	1	5.97002E-8	3.82081E-8
29	69	0	3.81001E-7	2.43841E-7	29	70	0	2.58001E-7	1.65121E-7
29	70	1	7.74002E-7	4.95362E-7	29	71	0	2.29001E-6	1.4656E-6
29	72	0	2.75001E-6	1.76001E-6	29	73	0	2.59001E-6	1.65761E-6
29	74	0	1.31E-6	8.38403E-7	29	75	0	6.86002E-7	4.39041E-7
29	76	0	1.71001E-7	1.0944E-7	29	77	0	2.28001E-8	1.4592E-8
29	78	0	2.39001E-9	1.5296E-9	29	79	0	1.66991E-10	1.06874E-10
29	80	0	4.33001E-12	2.77121E-12	29	81	0	8.53003E-14	5.45922E-14
30	66	0	2.93001E-12	1.87521E-12	30	67	0	8.52003E-11	5.45282E-11
30	68	0	1.59001E-9	1.0176E-9	30	69	0	3.30001E-9	2.11201E-9
30	69	1	1.4E-8	8.96003E-9	30	70	0	1.65001E-7	1.056E-7
30	71	0	1.59001E-7	1.0176E-7	30	71	1	6.77002E-7	4.33281E-7
30	72	0	3.25001E-6	2.08001E-6	30	73	0	6.50002E-6	4.16001E-6
30	74	0	1.076E-5	6.88642E-6	30	75	0	1.303E-5	8.33923E-6
30	76	0	1.167E-5	7.46882E-6	30	77	0	3.98001E-6	2.54721E-6
30	78	0	1.72001E-6	1.1008E-6	30	79	0	3.39001E-7	2.16961E-7
30	80	0	4.06001E-8	2.59841E-8	30	81	0	2.47001E-9	1.58081E-9
30	82	0	1.02E-10	6.52802E-11	30	83	0	2.30001E-12	1.472E-12
30	84	0	2.24001E-14	1.4336E-14	31	67	0	1.09E-14	6.97602E-15
31	68	0	5.45002E-13	3.48801E-13	31	69	0	2.39001E-11	1.5296E-11
31	70	0	5.90002E-10	3.77601E-10	31	71	0	1.16E-8	7.42402E-9
31	72	1	5.45002E-8	3.48801E-8	31	72	0	5.45002E-8	3.48801E-8
31	73	0	7.51002E-7	4.80642E-7	31	74	1	1.36E-6	8.70403E-7
31	74	0	1.36E-6	8.70403E-7	31	75	0	1.083E-5	6.93122E-6
31	76	0	2.06401E-5	1.32096E-5	31	77	0	2.40101E-5	1.53664E-5
31	78	0	2.53501E-5	1.62241E-5	31	79	0	1.93501E-5	1.2384E-5
31	80	0	6.62002E-6	4.23681E-6	31	81	0	1.80001E-6	1.152E-6
31	82	0	2.19001E-7	1.4016E-7	31	83	0	2.16001E-8	1.3824E-8
31	84	0	6.13002E-10	3.92321E-10	31	85	0	3.32001E-11	2.12481E-11
31	86	0	3.82001E-13	2.44481E-13	31	87	0	1.64355E-14	1.05187E-14
32	70	0	2.43001E-13	1.5552E-13	32	71	0	6.63002E-12	4.24321E-12
32	71	1	6.63002E-12	4.24321E-12	32	72	0	4.93002E-10	3.15521E-10
32	73	0	7.05002E-9	4.51201E-9	32	73	1	1.65001E-9	1.056E-9
32	74	0	1.18E-7	7.55202E-8	32	75	0	1.48E-7	9.47203E-8
32	75	1	9.88003E-7	6.32322E-7	32	76	0	7.34002E-6	4.69761E-6
32	77	0	1.64101E-5	1.05024E-5	32	77	1	2.45001E-6	1.56801E-6
32	78	0	6.70502E-5	4.29121E-5	32	79	1	5.80202E-5	3.71329E-5
32	79	0	5.80202E-5	3.71329E-5	32	80	0	1.5047E-4	9.63011E-5
32	81	0	1.0911E-4	6.98306E-5	32	82	0	5.46402E-5	3.49697E-5
32	83	0	1.477E-5	9.45283E-6	32	84	0	1.79001E-6	1.1456E-6
32	85	0	2.69001E-7	1.72161E-7	32	86	0	1.32E-8	8.44803E-9
32	87	0	6.47986E-10	4.14711E-10	32	88	0	1.48E-11	9.47203E-12
32	89	0	3.91404E-13	2.50499E-13	32	90	0	4.94996E-14	3.16797E-14
33	72	0	3.84001E-14	2.45761E-14	33	73	0	2.77001E-12	1.77281E-12
33	74	0	2.99001E-11	1.91361E-11	33	74	1	6.98002E-11	4.46721E-11
33	75	0	3.91001E-9	2.50241E-9	33	76	0	6.39002E-8	4.08961E-8
33	77	0	6.20002E-7	3.96801E-7	33	78	0	5.37002E-6	3.43681E-6
33	79	0	3.25001E-5	2.08001E-5	33	80	0	9.91403E-5	6.34498E-5
33	81	0	2.56261E-4	1.64007E-4	33	82	0	1.5319E-4	9.80419E-5
33	82	1	1.5319E-4	9.80419E-5	33	83	0	3.07391E-4	1.9673E-4
33	84	1	4.81602E-5	3.08225E-5	33	84	0	4.81602E-5	3.08225E-5
33	85	0	5.73802E-5	3.67233E-5	33	86	0	7.59002E-6	4.85762E-6
33	87	0	1.55E-6	9.92003E-7	33	88	0	9.93003E-8	6.35522E-8
33	89	0	7.14963E-9	4.57576E-9	33	90	0	6.69182E-10	4.28277E-10
33	91	0	1.89972E-12	1.21582E-12	33	92	0	6.47613E-14	4.14472E-14
34	75	0	1.02E-12	6.52802E-13	34	76	0	6.76002E-11	4.32641E-11
34	77	0	4.64001E-10	2.96961E-10	34	77	1	3.11001E-9	1.99041E-9
34	78	0	6.40002E-8	4.09601E-8	34	79	0	8.87003E-7	5.67682E-7
34	79	1	1.33E-7	8.51203E-8	34	80	0	1.244E-5	7.96163E-6
34	81	0	1.042E-5	6.66882E-6	34	81	1	6.97302E-5	4.46273E-5
34	82	0	3.35821E-4	2.14925E-4	34	83	0	6.07772E-4	3.88974E-4
34	83	1	1.4256E-4	9.12387E-5	34	84	0	8.09773E-4	5.18254E-4
34	85	0	5.60192E-4	3.58523E-4	34	85	1	5.60192E-4	3.58523E-4
34	86	0	5.48382E-4	3.50964E-4	34	87	0	2.87881E-4	1.84244E-4
34	88	0	7.38802E-5	4.72834E-5	34	89	0	1.45E-5	9.28003E-6
34	90	0	1.50934E-6	9.65975E-7	34	91	0	7.48983E-8	4.79349E-8
34	92	0	3.44995E-9	2.20797E-9	34	93	0	2.64951E-11	1.69568E-11
34	94	0	1.0E-12	6.40002E-13	34	95	0	1.28154E-13	8.20188E-14
35	77	0	6.11002E-14	3.91041E-14	35	77	1	2.04001E-13	1.3056E-13
35	78	0	1.37E-11	8.76803E-12	35	79	0	2.16001E-10	1.3824E-10
35	79	1	7.23002E-10	4.62721E-10	35	80	0	8.45003E-9	5.40802E-9
35	80	1	2.54001E-8	1.62561E-8	35	81	0	9.37003E-7	5.99682E-7
35	82	0	7.23002E-6	4.62721E-6	35	82	1	3.10001E-6	1.98401E-6
35	83	0	8.44303E-5	5.40354E-5	35	84	0	7.54402E-5	4.82818E-5
35	84	1	1.3412E-4	8.58371E-5	35	85	0	9.54653E-4	6.10978E-4
35	86	0	5.10352E-4	3.26625E-4	35	86	1	5.10352E-4	3.26625E-4
35	87	0	0.00183132	0.00117204	35	88	0	0.00111655	7.14594E-4
35	89	0	8.28763E-4	5.30408E-4	35	90	0	2.24251E-4	1.4352E-4
35	91	0	4.53601E-5	2.90305E-5	35	92	0	5.74002E-6	3.67361E-6
35	93	0	4.83975E-7	3.09744E-7	35	94	0	2.00001E-8	1.28E-8
35	95	0	2.34095E-9	1.49821E-9	35	96	0	1.51E-11	9.66403E-12
35	97	0	3.55088E-13	2.27257E-13	36	79	1	3.11001E-14	1.99041E-14
36	79	0	3.11001E-14	1.99041E-14	36	80	0	1.05E-11	6.72002E-12
36	81	0	7.70002E-10	4.92802E-10	36	81	1	1.15E-10	7.36002E-11
36	82	0	4.26001E-8	2.72641E-8	36	83	0	7.66002E-7	4.90242E-7
36	83	1	1.80001E-7	1.152E-7	36	84	0	9.33003E-6	5.97122E-6
36	85	0	8.33603E-5	5.33506E-5	36	85	1	1.95501E-5	1.2512E-5
36	86	0	3.82561E-4	2.44839E-4	36	87	0	0.00150042	9.60272E-4
36	88	0	0.00300292	0.00192187	36	89	0	0.00494041	0.00316186
36	90	0	0.00469063	0.00300201	36	91	0	0.00230699	0.00147647
36	92	0	0.00112668	7.21077E-4	36	93	0	2.51321E-4	1.60845E-4
36	94	0	4.25701E-5	2.72449E-5	36	95	0	3.90767E-6	2.50091E-6
36	96	0	3.79001E-7	2.42561E-7	36	97	0	1.39997E-8	8.9598E-9
36	98	0	3.43001E-10	2.19521E-10	36	99	0	4.49884E-12	2.87926E-12
36	100	0	4.90002E-14	3.13601E-14	37	81	0	2.08001E-14	1.3312E-14
37	83	0	2.92001E-10	1.86881E-10	37	84	0	8.16003E-9	5.22242E-9
37	85	0	3.65001E-7	2.33601E-7	37	86	1	6.06502E-6	3.88161E-6
37	86	0	6.06502E-6	3.88161E-6	37	87	0	5.25902E-5	3.36577E-5
37	88	0	2.49211E-4	1.59495E-4	37	89	0	0.00139072	8.90064E-4
37	90	0	5.44842E-4	3.48699E-4	37	90	1	0.00232266	0.0014865
37	91	0	0.00464695	0.00297405	37	92	0	0.00509781	0.0032626
37	93	0	0.00405964	0.00259817	37	94	0	0.00170864	0.00109353
37	95	0	6.15872E-4	3.94158E-4	37	96	0	1.59951E-4	1.02368E-4
37	97	0	2.45401E-5	1.57057E-5	37	98	0	1.67001E-6	1.0688E-6
37	99	0	8.21786E-8	5.25943E-8	37	100	0	2.90001E-9	1.85601E-9
37	101	0	2.96752E-11	1.89922E-11	37	102	0	9.57341E-13	6.12698E-13
38	84	0	7.80002E-13	4.99202E-13	38	85	1	4.90502E-11	3.13921E-11
38	85	0	4.90502E-11	3.13921E-11	38	86	0	3.97001E-9	2.54081E-9
38	87	0	1.31E-7	8.38403E-8	38	87	1	3.06001E-8	1.95841E-8
38	88	0	3.06001E-6	1.95841E-6	38	89	0	4.36601E-5	2.79425E-5
38	90	0	3.31541E-4	2.12186E-4	38	91	0	0.0012431	7.95587E-4
38	92	0	0.00456068	0.00291884	38	93	0	0.00785637	0.00502807
38	94	0	0.0110469	0.00353502	38	95	0	0.00913507	0.00584644
38	96	0	0.00867019	0.00554892	38	97	0	0.00337237	0.00215832
38	98	0	9.16493E-4	5.86555E-4	38	99	0	1.37178E-4	8.77941E-5
38	100	0	1.80001E-5	1.152E-5	38	101	0	1.16997E-6	7.48783E-7
38	102	0	5.09992E-8	3.26395E-8	38	103	0	2.23894E-10	1.43292E-10
38	104	0	7.30002E-12	4.67201E-12	38	105	0	7.32545E-13	4.68829E-13
39	87	0	1.28E-11	8.19203E-12	39	88	0	6.77002E-10	4.33281E-10
39	89	0	7.64002E-9	4.88962E-9	39	89	1	3.26001E-8	2.08641E-8
39	90	1	4.11501E-7	2.63361E-7	39	90	0	4.11501E-7	2.63361E-7
39	91	1	6.09002E-6	3.89761E-6	39	91	0	6.09002E-6	3.89761E-6
39	92	0	1.1211E-4	7.17506E-5	39	93	1	3.49196E-4	2.23486E-4
39	93	0	3.49196E-4	2.23486E-4	39	94	0	0.00221607	0.00141828
39	95	0	0.00605601	0.00387585	39	96	0	0.00125012	8.00079E-4
39	96	1	0.0112511	0.00360034	39	97	1	0.00821784	0.00525942
39	97	0	0.00821784	0.00525942	39	98	0	0.00523559	0.00335078
39	98	1	0.00523551	0.00335072	39	99	0	0.00585603	0.00374786
39	100	0	0.00198175	0.00126832	39	101	0	5.20072E-4	3.32846E-4
39	102	0	6.40402E-5	4.09857E-5	39	103	0	4.08979E-6	2.61747E-6
39	104	0	1.32E-7	8.44803E-8	39	105	0	1.33811E-8	8.56392E-9
39	106	0	1.65751E-11	1.06081E-11	39	107	0	1.25151E-12	8.00964E-13
40	88	0	1.58001E-14	1.0112E-14	40	89	0	2.67001E-12	1.70881E-12
40	90	1	1.16E-10	7.42402E-11	40	90	0	1.16E-10	7.42402E-11
40	91	0	9.54003E-9	6.10562E-9	40	92	0	3.62001E-7	2.31681E-7
40	93	0	6.00002E-6	3.84001E-6	40	94	0	7.40102E-5	4.73666E-5
40	95	0	4.96192E-4	3.17563E-4	40	96	0	0.00360635	0.00230806
40	97	0	0.0105408	0.00337307	40	98	0	0.0220568	0.00705818
40	99	0	0.0270775	0.0086648	40	100	0	0.0315882	0.0101082
40	101	0	0.019884	0.00636288	40	102	0	0.0096142	0.00615309
40	103	0	0.00176576	0.00113008	40	104	0	2.55901E-4	1.63777E-4
40	105	0	2.23367E-5	1.42955E-5	40	106	0	8.82986E-7	5.65111E-7
40	107	0	4.93418E-8	3.15787E-8	40	108	0	2.76001E-10	1.76641E-10
40	109	0	3.53085E-12	2.25974E-12	40	110	0	1.58001E-14	1.0112E-14
41	91	0	1.85001E-13	1.184E-13	41	92	0	1.99001E-11	1.2736E-11
41	93	0	1.13E-9	7.23202E-10	41	93	1	2.65001E-10	1.69601E-10
41	94	0	2.80001E-8	1.79201E-8	41	94	1	1.95001E-8	1.248E-8
41	95	0	1.05E-6	6.72002E-7	41	95	1	2.47001E-7	1.58081E-7
41	96	0	2.47901E-5	1.58657E-5	41	97	0	2.23821E-4	1.43245E-4
41	97	1	5.25002E-5	3.36001E-5	41	98	0	0.0010406	6.65986E-4
41	98	1	3.46881E-4	2.22004E-4	41	99	0	4.69281E-4	3.0034E-4
41	99	1	0.00539658	0.00345381	41	100	0	0.00750365	0.00480234
41	100	1	0.00750365	0.00480234	41	101	0	0.0310445	0.00993423
41	102	1	0.0171382	0.0109685	41	102	0	0.0171382	0.0109685
41	103	0	0.0241309	0.00772188	41	104	1	0.00470478	0.00301106
41	104	0	0.00470478	0.00301106	41	105	0	0.00351961	0.00225255
41	106	0	4.08911E-4	2.61703E-4	41	107	0	3.81608E-5	2.44229E-5
41	108	0	1.68001E-6	1.0752E-6	41	109	0	6.44967E-8	4.12779E-8
41	110	0	1.17E-9	7.48802E-10	41	111	0	8.44603E-12	5.40546E-12
41	112	0	1.61622E-13	1.03438E-13	42	93	1	1.13E-14	7.23202E-15
42	93	0	1.13E-14	7.23202E-15	42	94	0	3.30001E-12	2.11201E-12
42	95	0	2.54001E-10	1.62561E-10	42	96	0	2.04001E-8	1.3056E-8
42	97	0	6.23002E-7	3.98721E-7	42	98	0	1.262E-5	8.07683E-6
42	99	0	1.3776E-4	8.81667E-5	42	100	0	0.00131592	8.42191E-4
42	101	0	0.00638117	0.00408395	42	102	0	0.024432	0.00781825
42	103	0	0.0403387	0.0129084	42	104	0	0.0563388	0.0180284
42	105	0	0.0522464	0.0167189	42	106	0	0.0241584	0.00773068
42	107	0	0.00627893	0.00401852	42	108	0	0.00113986	7.29513E-4
42	109	0	1.1906E-4	7.61986E-5	42	110	0	9.07003E-6	5.80482E-6
42	111	0	3.32993E-7	2.13115E-7	42	112	0	8.60987E-9	5.51031E-9
43	97	1	1.79501E-11	1.1488E-11	43	97	0	1.79501E-11	1.1488E-11
43	98	0	2.04001E-9	1.3056E-9	43	99	0	7.53002E-8	4.81922E-8
43	99	1	1.77001E-8	1.1328E-8	43	100	0	2.41001E-6	1.5424E-6
43	101	0	4.65201E-5	2.97729E-5	43	102	0	2.32271E-4	1.48653E-4
43	102	1	2.32271E-4	1.48653E-4	43	103	0	0.00303475	0.00194224
43	104	0	0.0104518	0.00334456	43	105	0	0.0343602	0.0109953
43	106	0	0.0375913	0.0120292	43	107	0	0.035893	0.0114858
43	108	0	0.0158374	0.00506798	43	109	0	0.00623135	0.00398806
43	110	0	0.00123316	7.89225E-4	43	111	0	1.83801E-4	1.17632E-4
43	112	0	1.306E-5	8.35843E-6	43	113	0	1.02E-11	6.52802E-12
43	114	0	1.70001E-13	1.088E-13	43	115	0	2.2193E-15	1.42035E-15
43	117	0	3.01118E-18	1.92716E-18	43	118	0	5.91094E-20	3.783E-20
43	119	0	3.52552E-15	2.25633E-15	44	98	0	3.45001E-14	2.20801E-14
44	99	0	4.48001E-12	2.86721E-12	44	100	0	4.94002E-10	3.16161E-10
44	101	0	2.66001E-8	1.70241E-8	44	102	0	1.14E-6	7.29602E-7
44	103	0	2.17901E-5	1.39456E-5	44	104	0	3.19951E-4	2.04769E-4
44	105	0	0.00285305	0.00182595	44	106	0	0.0117339	0.00375485
44	107	0	0.0268072	0.0085783	44	108	0	0.0398331	0.0127466
44	109	1	0.0172762	0.0110568	44	109	0	0.0172762	0.0110568
44	110	0	0.0237758	0.00760827	44	111	0	0.00858003	0.00549122
44	112	0	0.00234259	0.00149926	44	113	0	9.87003E-6	6.31682E-6
44	114	0	7.69002E-7	4.92162E-7	44	115	0	6.53002E-8	4.17921E-8
44	116	0	2.02001E-9	1.2928E-9	44	117	0	8.86003E-11	5.67042E-11
44	118	0	2.35001E-12	1.504E-12	44	119	0	1.38997E-10	8.8958E-11
44	120	0	5.28002E-14	3.37921E-14	44	121	0	4.33556E-17	2.77476E-17
45	101	0	7.13002E-14	4.56321E-14	45	101	1	3.04001E-13	1.94561E-13
45	102	0	2.35001E-11	1.504E-11	45	102	1	2.35001E-11	1.504E-11
45	103	0	5.45002E-10	3.48801E-10	45	103	1	3.65001E-9	2.33601E-9
45	104	0	4.67001E-8	2.98881E-8	45	104	1	1.4E-7	8.96003E-8
45	105	0	6.33002E-6	4.05121E-6	45	105	1	9.46003E-7	6.05442E-7
45	106	0	4.40701E-5	2.82049E-5	45	106	1	4.40701E-5	2.82049E-5
45	107	0	8.32483E-4	5.32789E-4	45	108	0	0.00151155	9.67395E-4
45	108	1	0.00151155	9.67395E-4	45	109	0	0.00448135	0.00286807
45	109	1	0.00448143	0.00286812	45	110	0	0.00673554	0.00431075
45	110	1	0.00673554	0.00303099	45	111	0	0.0160061	0.00512196
45	112	0	0.0097886	0.0062647	45	113	0	0.00309064	0.00197801
45	114	0	6.52332E-4	4.17493E-4	45	115	0	2.36511E-4	1.51367E-4
45	116	0	2.12601E-5	1.36064E-5	45	117	0	3.90001E-6	2.49601E-6
45	118	0	3.14001E-7	2.00961E-7	45	119	0	1.3E-7	8.32003E-8
45	120	0	3.78001E-10	2.41921E-10	45	121	0	7.91959E-13	5.06854E-13
46	103	0	5.59002E-14	3.57761E-14	46	104	0	1.18E-11	7.55202E-12
46	105	0	1.42E-9	9.08803E-10	46	106	0	7.97003E-8	5.10082E-8
46	107	0	7.90003E-7	5.05602E-7	46	107	1	1.47E-6	9.40803E-7
46	108	0	3.39401E-5	2.17217E-5	46	109	0	9.02403E-5	5.77538E-5
46	109	1	1.67591E-4	1.07258E-4	46	110	0	0.00143401	9.17769E-4
46	111	0	0.00138501	8.86409E-4	46	111	1	0.00257217	0.00164619
46	112	0	0.00812543	0.00365644	46	113	0	0.00568109	0.00255649
46	114	0	0.00328585	0.00210294	46	115	0	0.00224074	0.00100833
46	116	0	6.19602E-4	3.96545E-4	46	117	0	2.37081E-4	1.51732E-4
46	118	0	6.90802E-5	4.42113E-5	46	119	0	9.92003E-6	6.34882E-6
46	120	0	2.99001E-7	1.91361E-7	46	121	0	4.13001E-9	2.64321E-9
46	122	0	9.06003E-11	5.79842E-11	46	129	0	1.38315E-13	8.85216E-14
47	106	0	3.54001E-13	2.26561E-13	47	106	1	8.27003E-13	5.29282E-13
47	107	0	2.05001E-11	1.312E-11	47	107	1	1.37E-10	8.76803E-11
47	108	1	3.42001E-9	2.18881E-9	47	108	0	3.42001E-9	2.18881E-9
47	109	1	1.08E-7	6.91202E-8	47	109	0	1.08E-7	6.91202E-8
47	110	0	9.74003E-7	6.23362E-7	47	110	1	2.27001E-6	1.4528E-6
47	111	0	4.61001E-6	2.95041E-6	47	111	1	3.08801E-5	1.97633E-5
47	112	0	1.83231E-4	1.17268E-4	47	113	0	4.20001E-6	2.68801E-6
47	113	1	2.81401E-5	1.80097E-5	47	114	0	4.41401E-5	2.82497E-5
47	115	0	5.02202E-5	3.21409E-5	47	115	1	5.02202E-5	3.21409E-5
47	116	0	2.80801E-5	1.79713E-5	47	116	1	2.80801E-5	1.79713E-5
47	117	0	2.90301E-5	1.85793E-5	47	117	1	2.90301E-5	1.85793E-5
47	118	0	1.509E-5	9.65763E-6	47	118	1	1.509E-5	9.65763E-6
47	119	0	2.86301E-5	1.83233E-5	47	120	1	2.39001E-6	1.5296E-6
47	120	0	2.39001E-6	1.5296E-6	47	121	0	5.76002E-7	3.68641E-7
47	122	1	3.24001E-8	2.07361E-8	47	122	0	3.24001E-8	2.07361E-8
47	123	0	1.2E-12	7.68002E-13	47	124	0	2.54001E-13	1.62561E-13
47	125	0	5.05002E-14	3.23201E-14	47	126	0	1.11E-14	7.10402E-15
47	129	0	2.52655E-9	1.61699E-9	47	130	0	5.54002E-11	3.54561E-11
47	131	0	1.05005E-12	6.7203E-13	48	108	0	1.45E-13	9.28003E-14
48	109	0	1.3E-11	8.32003E-12	48	110	0	8.33003E-10	5.33122E-10
48	111	0	5.82002E-9	3.72481E-9	48	111	1	1.95001E-8	1.248E-8
48	112	0	5.40002E-7	3.45601E-7	48	113	0	4.56001E-11	2.91841E-11
48	113	1	1.53E-10	9.79203E-11	48	114	0	1.24E-9	7.93603E-10
48	115	0	1.93001E-9	1.2352E-9	48	115	1	6.46002E-9	4.13441E-9
48	116	0	2.06001E-8	1.3184E-8	48	117	0	1.29E-8	8.25603E-9
48	117	1	4.31001E-8	2.75841E-8	48	118	0	1.19E-7	7.61602E-8
48	119	0	5.51002E-6	3.52641E-6	48	119	1	5.51002E-6	3.52641E-6
48	120	0	1.364E-5	8.72963E-6	48	121	1	3.83501E-6	2.45441E-6
48	121	0	3.83501E-6	2.45441E-6	48	122	0	5.74002E-6	3.67361E-6
48	123	0	2.84001E-7	1.81761E-7	48	124	0	1.88001E-7	1.2032E-7
48	125	0	8.44003E-8	5.40162E-8	48	126	0	7.43002E-8	4.75522E-8
48	127	0	3.47001E-8	2.22081E-8	48	128	0	1.07E-8	6.84802E-9
48	129	0	4.21749E-6	2.69919E-6	48	130	0	8.89003E-7	5.68962E-7
48	131	0	4.13991E-8	2.64954E-8	48	132	0	1.07E-9	6.84802E-10
48	133	0	1.03462E-11	6.62158E-12	48	134	0	6.68002E-14	4.27521E-14
49	111	0	4.46001E-13	2.85441E-13	49	112	0	5.12002E-12	3.27681E-12
49	112	1	2.18001E-11	1.3952E-11	49	117	0	1.24E-14	7.93603E-15
49	118	2	1.26E-14	8.06403E-15	49	118	0	7.56002E-14	4.83842E-14
49	118	1	1.26E-14	8.06403E-15	49	119	0	1.32E-7	8.44803E-8
49	119	1	3.09001E-8	1.97761E-8	49	120	2	3.94668E-7	2.52587E-7
49	120	0	3.94668E-7	2.52587E-7	49	120	1	3.94668E-7	2.52587E-7
49	121	0	3.72001E-6	2.38081E-6	49	121	1	8.73003E-7	5.58722E-7
49	122	2	4.26001E-6	2.72641E-6	49	122	0	4.26001E-6	2.72641E-6
49	122	1	4.26001E-6	2.72641E-6	49	123	0	2.14201E-5	1.37088E-5
49	123	1	5.03002E-6	3.21921E-6	49	124	1	1.58901E-5	1.01696E-5
49	124	0	1.58901E-5	1.01696E-5	49	125	0	2.15701E-5	1.38048E-5
49	125	1	2.15701E-5	1.38048E-5	49	126	1	4.52651E-5	2.89697E-5
49	126	0	4.52651E-5	2.89697E-5	49	127	0	7.84903E-5	5.02338E-5
49	127	1	7.84903E-5	5.02338E-5	49	128	1	6.58552E-5	4.21473E-5
49	128	0	6.58552E-5	4.21473E-5	49	129	0	2.11911E-4	1.35623E-4
49	129	1	2.11911E-4	1.35623E-4	49	130	2	8.12603E-5	5.20066E-5
49	130	1	8.12603E-5	5.20066E-5	49	130	0	8.12603E-5	5.20066E-5
49	131	1	2.48601E-5	1.59105E-5	49	131	0	2.48601E-5	1.59105E-5
49	132	0	3.93001E-6	2.51521E-6	49	133	0	1.8899E-7	1.20954E-7
49	134	0	3.96001E-9	2.53441E-9	49	135	0	2.78998E-11	1.78559E-11
49	136	0	3.82001E-13	2.44481E-13	50	119	0	4.53001E-11	2.89921E-11
50	119	1	1.52E-10	9.72803E-11	50	120	0	1.54E-8	9.85603E-9
50	121	0	9.77003E-8	6.25282E-8	50	121	1	2.39001E-7	1.5296E-7
50	122	0	5.75002E-6	3.68001E-6	50	123	0	1.555E-5	9.95203E-6
50	123	1	6.35002E-6	4.06401E-6	50	124	0	5.56302E-5	3.56033E-5
50	125	0	7.86603E-5	5.03426E-5	50	125	1	3.21301E-5	2.05633E-5
50	126	0	5.79662E-4	3.70984E-4	50	127	0	0.00123399	7.89756E-4
50	127	1	5.04032E-4	3.2258E-4	50	128	1	0.00214858	0.00137509
50	128	0	0.00214858	0.00137509	50	129	0	0.00298038	0.00190744
50	129	1	0.0012162	7.7837E-4	50	130	1	0.00444448	0.00284447
50	130	0	0.00444448	0.00284447	50	131	1	0.00239669	0.00153388
50	131	0	0.00239669	0.00153388	50	132	0	0.0016343	0.00104595
50	133	0	2.47691E-4	1.58522E-4	50	134	0	2.45401E-5	1.57057E-5
50	135	0	1.09998E-6	7.03984E-7	50	136	0	3.45001E-8	2.20801E-8
50	137	0	5.36002E-10	3.43041E-10	50	138	0	5.77002E-12	3.69281E-12
50	139	0	1.56562E-13	1.002E-13	51	120	0	1.49E-12	9.53603E-13
51	120	1	2.14001E-12	1.3696E-12	51	121	0	7.81002E-10	4.99842E-10
51	122	0	3.06001E-8	1.95841E-8	51	122	1	3.45001E-8	2.20801E-8
51	123	0	3.62001E-8	2.31681E-8	51	124	2	5.67335E-8	3.63094E-8
51	124	0	5.67335E-8	3.63094E-8	51	124	1	5.67335E-8	3.63094E-8
51	125	0	9.78003E-7	6.25922E-7	51	126	2	3.32001E-6	2.12481E-6
51	126	0	3.90001E-6	2.49601E-6	51	126	1	3.32001E-6	2.12481E-6
51	127	0	9.20403E-5	5.89058E-5	51	128	0	1.59621E-4	1.02157E-4
51	128	1	2.71781E-4	1.7394E-4	51	129	0	0.00188162	0.00120423
51	130	0	0.00332485	0.0021279	51	130	1	0.00566124	0.00362319
51	131	0	0.0170382	0.00545223	51	132	0	0.00844245	0.00540317
51	132	1	0.00611349	0.00391263	51	133	0	0.00940762	0.00602088
51	134	1	0.00135132	8.64848E-4	51	134	0	0.00135132	8.64848E-4
51	135	0	5.53152E-4	3.54017E-4	51	136	0	5.06402E-5	3.24097E-5
51	137	0	3.54001E-6	2.26561E-6	51	138	0	1.11E-7	7.10402E-8
51	139	0	2.85985E-9	1.83031E-9	51	140	0	1.74011E-11	1.11367E-11
51	141	0	1.47718E-12	9.45393E-13	52	121	1	6.75002E-14	4.32001E-14
52	121	0	6.75002E-14	4.32001E-14	52	122	0	9.11003E-11	5.83042E-11
52	123	0	1.25E-14	8.00003E-15	52	123	1	4.19001E-14	2.68161E-14
52	124	0	8.04003E-13	5.14562E-13	52	125	0	2.38001E-12	1.5232E-12
52	125	1	7.95003E-12	5.08802E-12	52	126	0	4.34001E-10	2.77761E-10
52	127	0	2.80001E-9	1.79201E-9	52	127	1	6.85002E-9	4.38401E-9
52	128	0	1.84001E-7	1.1776E-7	52	129	0	2.96301E-5	1.89633E-5
52	129	1	7.25502E-5	4.64321E-5	52	130	0	0.00178746	0.00114397
52	131	0	0.00229296	0.00146749	52	131	1	0.00571668	0.00365867
52	132	0	0.0244711	0.00562836	52	133	0	0.0113816	0.00364211
52	133	1	0.0278654	0.00891693	52	134	0	0.0430465	0.0137749
52	135	0	0.0236946	0.00758226	52	136	0	0.00881746	0.00564317
52	137	0	0.00172913	0.00110664	52	138	0	2.29501E-4	1.4688E-4
52	139	0	1.68901E-5	1.08096E-5	52	140	0	9.26986E-7	5.93271E-7
52	141	0	5.8239E-8	3.7273E-8	52	142	0	4.30001E-10	2.75201E-10
52	143	0	4.32808E-12	2.76997E-12	52	144	0	4.09109E-13	2.6183E-13
53	128	0	1.35E-14	8.64003E-15	53	129	0	1.69001E-7	1.0816E-7
53	130	0	5.67002E-6	3.62881E-6	53	130	1	2.43001E-6	1.5552E-6
53	131	0	1.497E-4	9.58083E-5	53	132	1	6.34442E-4	4.06043E-4
53	132	0	6.34442E-4	4.06043E-4	53	133	1	0.00377138	0.00241368
53	133	0	0.00377138	0.00241368	53	134	0	0.0118678	0.00379769
53	134	1	0.00859591	0.00386816	53	135	0	0.040893	0.00654287
53	136	0	0.01794	0.00574079	53	136	1	0.0179173	0.00573355
53	137	0	0.0264117	0.00845175	53	138	0	0.0089456	0.00572518
53	139	0	0.00265963	0.00170216	53	140	0	3.91051E-4	2.50273E-4
53	141	0	4.50419E-5	2.88268E-5	53	142	0	2.17001E-6	1.3888E-6
53	143	0	7.90594E-8	5.0598E-8	53	144	0	5.53073E-9	3.53966E-9
53	145	0	1.15404E-11	7.38584E-12	53	146	0	1.68942E-13	1.08123E-13
54	129	1	1.03E-11	6.59202E-12	54	129	0	1.03E-11	6.59202E-12
54	130	0	4.30001E-9	2.75201E-9	54	131	0	6.48002E-8	4.14721E-8
54	131	1	1.59001E-7	1.0176E-7	54	132	0	8.48003E-6	5.42722E-6
54	133	0	4.64501E-5	2.97281E-5	54	133	1	1.1373E-4	7.27874E-5
54	134	0	5.38382E-4	3.44564E-4	54	134	1	0.00125623	8.0399E-4
54	135	0	0.00291355	0.00186467	54	135	1	0.00668359	0.0042775
54	136	0	0.0290382	0.00929223	54	137	0	0.048443	0.0155018
54	138	0	0.0563344	0.0129569	54	139	0	0.0394696	0.0126303
54	140	0	0.0211991	0.00678371	54	141	0	0.00619839	0.00396697
54	142	0	0.00122412	7.83439E-4	54	143	1	6.59857E-5	4.22308E-5
54	143	0	6.59857E-5	4.22308E-5	54	144	0	1.24745E-5	7.98369E-6
54	145	0	4.5499E-7	2.91194E-7	54	146	0	8.99986E-9	5.75991E-9
54	147	0	8.71581E-12	5.57812E-12	54	148	0	4.29001E-13	2.74561E-13
55	131	0	8.78003E-12	5.61922E-12	55	132	0	1.03E-9	6.59202E-10
55	133	0	9.44003E-8	6.04162E-8	55	134	1	1.64001E-6	1.0496E-6
55	134	0	1.64001E-6	1.0496E-6	55	135	1	3.83601E-5	2.45505E-5
55	135	0	3.83601E-5	2.45505E-5	55	136	1	3.18261E-4	2.03687E-4
55	136	0	3.18261E-4	2.03687E-4	55	137	0	0.00411093	0.002631
55	138	0	0.00550634	0.00352406	55	138	1	0.00550962	0.00352616
55	139	0	0.0259023	0.00828873	55	140	0	0.030562	0.00977986
55	141	0	0.0302071	0.00966627	55	142	0	0.0143797	0.00460151
55	143	0	0.00579972	0.00371182	55	144	0	0.00141598	9.0623E-4
55	145	0	2.28851E-4	1.46464E-4	55	146	0	1.454E-5	9.30563E-6
55	147	0	1.59208E-7	1.01893E-7	55	148	0	1.1E-8	7.04002E-9
55	149	0	4.21033E-11	2.69461E-11	55	150	0	1.37E-12	8.76803E-13
55	151	0	7.3695E-14	4.71648E-14	56	132	0	1.3E-14	8.32003E-15
56	133	0	4.00001E-12	2.56001E-12	56	134	0	6.74002E-10	4.31361E-10
56	135	1	2.49001E-8	1.59361E-8	56	135	0	2.49001E-8	1.59361E-8
56	136	1	9.10003E-7	5.82402E-7	56	136	0	9.10003E-7	5.82402E-7
56	137	0	9.46003E-6	6.05442E-6	56	137	1	2.31601E-5	1.48224E-5
56	138	0	3.57451E-4	2.28769E-4	56	139	0	0.00214785	0.00137462
56	140	0	0.00881352	0.00564065	56	141	0	0.0192481	0.00615938
56	142	0	0.0310597	0.00993911	56	143	0	0.0275374	0.00881197
56	144	0	0.0231802	0.00741767	56	145	0	0.0098044	0.00627482
56	146	0	0.00276718	0.00177099	56	147	0	2.65762E-4	1.70087E-4
56	148	0	3.01901E-5	1.93217E-5	56	149	0	1.65996E-6	1.06238E-6
56	150	0	5.21002E-8	3.33441E-8	56	151	0	2.9055E-9	1.85952E-9
56	152	0	1.13E-11	7.23202E-12	56	153	0	1.60394E-13	1.02652E-13
57	135	0	7.97003E-13	5.10082E-13	57	137	0	7.12002E-9	4.55681E-9
57	138	0	2.22001E-7	1.4208E-7	57	139	0	5.53002E-6	3.53921E-6
57	140	0	5.97102E-5	3.82145E-5	57	141	0	5.07862E-4	3.25031E-4
57	142	0	0.00200635	0.00128406	57	143	0	0.00639431	0.00409236
57	144	0	0.0111136	0.00355635	57	145	0	0.0169458	0.00542266
57	146	1	0.00609713	0.00390216	57	146	0	0.00609713	0.00390216
57	147	0	0.00508535	0.00325462	57	148	0	0.00153225	9.80643E-4
57	149	0	3.65281E-4	2.3378E-4	57	150	0	3.29101E-5	2.10625E-5
57	151	0	2.2471E-6	1.43815E-6	57	152	0	8.92003E-8	5.70882E-8
57	153	0	2.92985E-9	1.8751E-9	57	154	0	4.64001E-11	2.96961E-11
57	155	0	4.4386E-13	2.84071E-13	57	156	0	7.45224E-15	4.76943E-15
58	137	0	1.08E-13	6.91202E-14	58	138	0	1.5E-11	9.60003E-12
58	139	0	3.14001E-10	2.00961E-10	58	139	1	7.69002E-10	4.92162E-10
58	140	0	4.92002E-8	3.14881E-8	58	141	0	1.14E-6	7.29602E-7
58	142	0	1.88301E-5	1.20512E-5	58	143	0	1.4791E-4	9.46627E-5
58	144	0	0.00104956	6.71721E-4	58	145	0	0.00387156	0.0024778
58	146	0	0.0106483	0.00340746	58	147	0	0.0132545	0.00596452
58	148	0	0.0122215	0.00391088	58	149	0	0.00733208	0.00469253
58	150	0	0.00259336	0.00165975	58	151	0	4.70211E-4	3.00935E-4
58	152	0	7.74202E-5	4.9549E-5	58	153	0	7.16002E-6	4.58241E-6
58	154	0	4.77002E-7	3.05281E-7	58	155	0	1.74996E-8	1.11998E-8
58	156	0	3.96994E-10	2.54076E-10	58	157	0	5.37002E-12	3.43681E-12
58	158	0	4.52001E-14	2.89281E-14	58	159	0	1.24264E-15	7.9529E-16
59	140	0	6.61002E-13	4.23041E-13	59	141	0	6.41002E-11	4.10241E-11
59	142	1	1.57001E-9	1.0048E-9	59	142	0	1.57001E-9	1.0048E-9
59	143	0	1.06E-7	6.78402E-8	59	144	0	1.81001E-7	1.1584E-7
59	144	1	1.63001E-6	1.0432E-6	59	145	0	3.17801E-5	2.03393E-5
59	146	0	2.54111E-4	1.62631E-4	59	147	0	0.00119521	7.64937E-4
59	148	1	0.0015027	9.61731E-4	59	148	0	0.0015027	9.61731E-4
59	149	0	0.00611114	0.00391113	59	150	0	0.00521398	0.00333695
59	151	0	0.00333125	0.002132	59	152	0	0.00134797	8.62704E-4
59	153	0	4.88312E-4	3.12519E-4	59	154	0	8.53403E-5	5.46178E-5
59	155	0	1.239E-5	7.92963E-6	59	156	0	7.74002E-7	4.95362E-7
59	157	0	4.29001E-8	2.74561E-8	59	158	0	9.88003E-10	6.32322E-10
59	159	0	2.26988E-11	1.45273E-11	59	160	0	2.12001E-13	1.3568E-13
59	161	0	3.09434E-15	1.98038E-15	60	142	0	5.48002E-14	3.50721E-14
60	143	0	5.26002E-12	3.36641E-12	60	144	0	3.84001E-10	2.45761E-10
60	145	0	2.06001E-8	1.3184E-8	60	146	0	7.96003E-7	5.09442E-7
60	147	0	1.23E-5	7.87203E-6	60	148	0	1.2639E-4	8.08899E-5
60	149	0	7.09782E-4	4.54261E-4	60	150	0	0.00211263	0.00135208
60	151	0	0.00304453	0.0019485	60	152	0	0.00415067	0.0018678
60	153	0	0.0033722	0.00215821	60	154	0	0.00210665	0.00134825
60	155	0	7.27832E-4	4.65813E-4	60	156	0	1.76321E-4	1.12845E-4
60	157	0	2.51901E-5	1.61217E-5	60	158	0	2.32001E-6	1.4848E-6
60	159	0	1.43E-7	9.15203E-8	60	160	0	5.67002E-9	3.62881E-9
60	161	0	1.21997E-10	7.80783E-11	60	162	0	1.91001E-12	1.2224E-12
60	163	0	1.49E-14	9.53603E-15	61	145	0	3.30001E-13	2.11201E-13
61	146	0	4.24001E-11	2.71361E-11	61	147	0	4.38001E-9	2.80321E-9
61	148	0	3.12001E-8	1.99681E-8	61	148	1	7.27002E-8	4.65281E-8
61	149	0	2.69001E-6	1.72161E-6	61	150	0	2.12801E-5	1.36192E-5
61	151	0	1.1835E-4	7.57442E-5	61	152	2	1.29987E-4	8.31917E-5
61	152	0	1.29987E-4	8.31917E-5	61	152	1	1.29987E-4	8.31917E-5
61	153	0	0.00109621	7.01577E-4	61	154	0	7.48352E-4	4.78946E-4
61	154	1	7.48352E-4	4.78946E-4	61	155	0	0.0016661	0.0010663
61	156	0	9.12113E-4	5.83752E-4	61	157	0	4.55291E-4	2.91387E-4
61	158	0	1.0146E-4	6.49346E-5	61	159	0	2.38601E-5	1.52704E-5
61	160	0	2.55001E-6	1.63201E-6	61	161	0	2.20001E-7	1.408E-7
61	162	0	9.34003E-9	5.97762E-9	61	163	0	3.01001E-10	1.92641E-10
61	164	0	4.98002E-12	3.18721E-12	61	165	0	7.10002E-14	4.54401E-14
61	166	0	6.85156E-16	4.385E-16	62	147	0	8.59003E-14	5.49762E-14
62	148	0	9.32003E-12	5.96482E-12	62	149	0	6.94002E-10	4.44161E-10
62	150	0	2.63001E-8	1.68321E-8	62	151	0	4.10001E-7	2.62401E-7
62	152	0	5.56002E-6	3.55841E-6	62	153	0	4.16901E-5	2.66817E-5
62	154	0	2.03931E-4	1.30516E-4	62	155	0	5.07742E-4	3.24955E-4
62	156	0	9.26883E-4	5.93205E-4	62	157	0	9.79353E-4	6.26786E-4
62	158	0	7.10222E-4	4.54542E-4	62	159	0	3.74041E-4	2.39386E-4
62	160	0	1.4621E-4	9.35747E-5	62	161	0	3.10801E-5	1.98913E-5
62	162	0	5.12002E-6	3.27681E-6	62	163	0	4.33001E-7	2.77121E-7
62	164	0	3.00001E-8	1.92001E-8	62	165	0	1.16E-9	7.42402E-10
62	166	0	3.64994E-11	2.33596E-11	62	167	0	5.72002E-13	3.66081E-13
62	169	0	9.19663E-17	5.88584E-17	63	151	0	3.69001E-11	2.36161E-11
63	152	2	4.80002E-10	3.07201E-10	63	152	0	4.80002E-10	3.07201E-10
63	152	1	4.80002E-10	3.07201E-10	63	153	0	4.51001E-8	2.88641E-8
63	154	1	3.03501E-7	1.94241E-7	63	154	0	3.03501E-7	1.94241E-7
63	155	0	5.76002E-6	3.68641E-6	63	156	0	2.33201E-5	1.49248E-5
63	157	0	9.64403E-5	6.17218E-5	63	158	0	1.5368E-4	9.83555E-5
63	159	0	2.60641E-4	1.6681E-4	63	160	0	2.21781E-4	1.4194E-4
63	161	0	1.5555E-4	9.95523E-5	63	162	0	5.84602E-5	3.74145E-5
63	163	0	1.79601E-5	1.14944E-5	63	164	0	3.20001E-6	2.04801E-6
63	165	0	4.84002E-7	3.09761E-7	63	166	0	4.04001E-8	2.58561E-8
63	167	0	2.58001E-9	1.65121E-9	63	168	0	6.39002E-11	4.08961E-11
63	169	0	1.67991E-12	1.07514E-12	63	170	0	2.01001E-14	1.2864E-14
63	171	0	2.11531E-16	1.3538E-16	63	172	0	3.20991E-18	2.05434E-18
64	152	0	3.95001E-14	2.52801E-14	64	153	0	3.62001E-12	2.31681E-12
64	154	0	2.07001E-10	1.3248E-10	64	155	0	5.28002E-9	3.37921E-9
64	156	0	8.99003E-8	5.75362E-8	64	157	0	9.35003E-7	5.98402E-7
64	158	0	5.60002E-6	3.58401E-6	64	159	0	2.25601E-5	1.44384E-5
64	160	0	6.74302E-5	4.31553E-5	64	161	0	1.0236E-4	6.55106E-5
64	162	0	1.2325E-4	7.88803E-5	64	163	0	8.09303E-5	5.17954E-5
64	164	0	4.96602E-5	3.17825E-5	64	165	0	1.75001E-5	1.12E-5
64	166	0	5.39002E-6	3.44961E-6	64	167	0	8.74003E-7	5.59362E-7
64	168	0	8.82003E-8	5.64482E-8	64	169	0	6.20002E-9	3.96801E-9
64	170	0	3.03001E-10	1.93921E-10	64	171	0	8.33982E-12	5.33748E-12
64	172	0	1.70997E-13	1.09438E-13	65	155	0	1.2E-13	7.68002E-14
65	156	0	5.21002E-12	3.33441E-12	65	156	1	5.79002E-13	3.70561E-13
65	157	0	2.47001E-10	1.58081E-10	65	158	0	3.55001E-9	2.27201E-9
65	158	1	3.94001E-10	2.52161E-10	65	159	0	6.28002E-8	4.01921E-8
65	160	0	4.92002E-7	3.14881E-7	65	161	0	2.76001E-6	1.76641E-6
65	162	0	3.87001E-6	2.47681E-6	65	162	1	3.87001E-6	2.47681E-6
65	163	0	1.70801E-5	1.09312E-5	65	164	0	2.30101E-5	1.47264E-5
65	165	0	2.59701E-5	1.66209E-5	65	166	0	1.73001E-5	1.1072E-5
65	167	0	9.57003E-6	6.12482E-6	65	168	0	2.36001E-6	1.5104E-6
65	169	0	6.22002E-7	3.98081E-7	65	170	0	7.80002E-8	4.99202E-8
65	171	0	8.58003E-9	5.49122E-9	65	172	0	4.86002E-10	3.11041E-10
66	158	0	3.01001E-13	1.92641E-13	66	159	0	1.31E-11	8.38403E-12
66	160	0	4.31001E-10	2.75841E-10	66	161	0	6.41002E-9	4.10241E-9
66	162	0	7.05002E-8	4.51201E-8	66	163	0	3.90001E-7	2.49601E-7
66	164	0	1.96001E-6	1.2544E-6	66	165	0	4.40001E-6	2.81601E-6
66	165	1	6.58002E-7	4.21121E-7	66	166	0	1.114E-5	7.12962E-6
66	167	0	1.309E-5	8.37763E-6	66	168	0	1.064E-5	6.80962E-6
66	169	0	6.16002E-6	3.94241E-6	66	170	0	2.69001E-6	1.72161E-6
66	171	0	7.14002E-7	4.56961E-7	66	172	0	1.59001E-7	1.0176E-7
67	161	0	3.32001E-13	2.12481E-13	67	161	1	4.96002E-14	3.17441E-14
67	162	0	3.41001E-12	2.18241E-12	67	162	1	7.97003E-12	5.10082E-12
67	163	0	2.22001E-10	1.4208E-10	67	163	1	3.32001E-11	2.12481E-11
67	164	0	1.04E-9	6.65602E-10	67	164	1	2.44001E-9	1.5616E-9
67	165	0	3.48001E-8	2.22721E-8	67	166	0	5.67002E-8	3.62881E-8
67	166	1	1.32E-7	8.44803E-8	67	167	0	7.92003E-7	5.06882E-7
67	168	0	1.48E-6	9.47203E-7	67	169	0	2.80001E-6	1.79201E-6
67	170	0	1.29E-6	8.25603E-7	67	170	1	1.29E-6	8.25603E-7
67	171	0	2.23001E-6	1.4272E-6	67	172	0	1.14E-6	7.29602E-7
68	163	0	1.19E-14	7.61602E-15	68	164	0	6.92002E-13	4.42881E-13
68	165	0	1.87001E-11	1.1968E-11	68	166	0	4.09001E-10	2.61761E-10
68	167	0	3.88001E-9	2.48321E-9	68	167	1	5.80002E-10	3.71201E-10
68	168	0	3.29001E-8	2.10561E-8	68	169	0	1.51E-7	9.66403E-8
68	170	0	4.87002E-7	3.11681E-7	68	171	0	9.26003E-7	5.92642E-7
68	172	0	1.56E-6	9.98403E-7	69	166	0	1.48E-14	9.47203E-15
69	167	0	6.67002E-13	4.26881E-13	69	168	0	1.37E-11	8.76803E-12
69	169	0	2.50001E-10	1.60001E-10	69	170	0	2.08001E-9	1.3312E-9
69	171	0	1.49E-8	9.53603E-9	69	172	0	6.17002E-8	3.94881E-8
70	169	0	2.64001E-14	1.68961E-14	70	170	0	1.04E-12	6.65602E-13
70	171	0	1.98001E-11	1.2672E-11	70	172	0	3.35001E-10	2.14401E-10
71	172	0	1.58001E-14	1.0112E-14	71	172	1	1.58001E-14	1.0112E-14