Z	A	FPS	Yield	Uncertainty	Z	A	FPS	Yield	Uncertainty
23	66	0	1.12871E-17	7.22376E-18	23	67	0	1.15379E-18	7.38428E-19
24	66	0	1.95989E-13	1.25433E-13	24	67	0	1.69989E-14	1.08793E-14
24	69	0	6.12332E-17	3.91892E-17	25	66	0	7.74001E-11	4.95361E-11
25	67	0	2.14E-11	1.3696E-11	25	68	0	3.61001E-12	2.3104E-12
25	69	0	5.5694E-13	3.56441E-13	25	70	0	5.23001E-14	3.34721E-14
25	72	0	1.20934E-16	7.73975E-17	26	66	0	2.82E-9	1.8048E-9
26	67	0	2.0E-9	1.28E-9	26	68	0	1.04E-9	6.65601E-10
26	69	0	4.32001E-10	2.7648E-10	26	70	0	1.31E-10	8.38401E-11
26	71	0	2.16E-11	1.3824E-11	26	72	0	2.09988E-12	1.34392E-12
26	73	0	1.32E-13	8.44801E-14	26	75	0	4.73815E-16	3.03242E-16
27	66	0	5.88001E-9	3.76321E-9	27	67	0	1.13E-8	7.23201E-9
27	68	0	1.41E-8	9.02402E-9	27	69	0	1.72E-8	1.1008E-8
27	70	0	1.35E-8	8.64001E-9	27	71	0	6.97001E-9	4.46081E-9
27	72	0	1.83E-9	1.1712E-9	27	73	0	3.73001E-10	2.3872E-10
27	74	0	5.09001E-11	3.25761E-11	27	75	0	4.30953E-12	2.7581E-12
27	76	0	3.30001E-13	2.112E-13	27	77	0	1.66282E-14	1.0642E-14
27	78	0	1.11144E-15	7.1132E-16	28	66	0	1.64E-9	1.0496E-9
28	67	0	7.24001E-9	4.63361E-9	28	68	0	2.4E-8	1.536E-8
28	69	0	6.66001E-8	4.26241E-8	28	70	0	1.43E-7	9.15202E-8
28	71	0	1.8E-7	1.152E-7	28	72	0	1.41E-7	9.02402E-8
28	73	0	7.50001E-8	4.80001E-8	28	74	0	3.22001E-8	2.0608E-8
28	75	0	7.24001E-9	4.63361E-9	28	76	0	1.8E-9	1.152E-9
28	77	0	2.44984E-10	1.5679E-10	28	78	0	1.92989E-11	1.23513E-11
28	79	0	6.02437E-13	3.8556E-13	28	80	0	2.63E-14	1.6832E-14
29	66	0	2.48E-11	1.5872E-11	29	67	0	3.22001E-10	2.0608E-10
29	68	0	7.76001E-10	4.96641E-10	29	68	1	1.81E-9	1.1584E-9
29	69	0	1.97E-8	1.2608E-8	29	70	0	2.41E-8	1.5424E-8
29	70	1	7.22001E-8	4.62081E-8	29	71	0	3.22001E-7	2.0608E-7
29	72	0	5.77001E-7	3.69281E-7	29	73	0	8.57001E-7	5.48481E-7
29	74	0	9.10002E-7	5.82401E-7	29	75	0	5.99001E-7	3.83361E-7
29	76	0	3.92001E-7	2.5088E-7	29	77	0	1.69E-7	1.0816E-7
29	78	0	3.65001E-8	2.336E-8	29	79	0	5.47941E-9	3.50682E-9
29	80	0	4.56001E-10	2.91841E-10	29	81	0	2.71E-11	1.7344E-11
29	82	0	9.36002E-13	5.99041E-13	29	83	0	5.68752E-14	3.64001E-14
30	66	0	3.32001E-14	2.1248E-14	30	67	0	1.17E-12	7.48801E-13
30	68	0	2.92001E-11	1.8688E-11	30	69	0	1.08E-10	6.91201E-11
30	69	1	4.62001E-10	2.95681E-10	30	70	0	8.14001E-9	5.20961E-9
30	71	0	1.23E-8	7.87201E-9	30	71	1	5.26001E-8	3.36641E-8
30	72	0	3.15001E-7	2.016E-7	30	73	0	1.06E-6	6.78401E-7
30	74	0	3.00001E-6	1.92E-6	30	75	0	4.47001E-6	2.8608E-6
30	76	0	8.27001E-6	5.29281E-6	30	77	0	8.94002E-6	5.72161E-6
30	78	0	5.87001E-6	3.75681E-6	30	79	0	2.34E-6	1.4976E-6
30	80	0	6.22001E-7	3.98081E-7	30	81	0	1.02E-7	6.52801E-8
30	82	0	1.15E-8	7.36001E-9	30	83	0	8.37945E-10	5.36285E-10
30	84	0	3.04001E-11	1.9456E-11	30	85	0	1.04767E-12	6.70509E-13
30	86	0	1.24E-14	7.93601E-15	31	68	0	1.37E-14	8.76802E-15
31	69	0	8.61001E-13	5.51041E-13	31	70	0	3.30001E-11	2.112E-11
31	71	0	8.10001E-10	5.18401E-10	31	72	1	4.99501E-9	3.19681E-9
31	72	0	4.99501E-9	3.19681E-9	31	73	0	9.65002E-8	6.17601E-8
31	74	1	3.21001E-7	2.0544E-7	31	74	0	3.21001E-7	2.0544E-7
31	75	0	2.51E-6	1.6064E-6	31	76	0	1.048E-5	6.70721E-6
31	77	0	3.03801E-5	1.94432E-5	31	78	0	4.69001E-5	3.00161E-5
31	79	0	5.36901E-5	3.43617E-5	31	80	0	3.62001E-5	2.3168E-5
31	81	0	1.825E-5	1.168E-5	31	82	0	5.54001E-6	3.54561E-6
31	83	0	1.29E-6	8.25601E-7	31	84	0	1.3E-7	8.32001E-8
31	85	0	9.52897E-9	6.09854E-9	31	86	0	4.90001E-10	3.13601E-10
31	87	0	7.94081E-12	5.08212E-12	31	88	0	3.8526E-13	2.46566E-13
32	70	0	1.11E-14	7.10401E-15	32	71	0	3.76001E-13	2.4064E-13
32	71	1	3.76001E-13	2.4064E-13	32	72	0	2.96001E-11	1.8944E-11
32	73	0	6.18001E-10	3.95521E-10	32	73	1	1.45E-10	9.28002E-11
32	74	0	1.55E-8	9.92002E-9	32	75	0	1.92E-8	1.2288E-8
32	75	1	1.28E-7	8.19201E-8	32	76	0	1.75E-6	1.12E-6
32	77	0	1.026E-5	6.56641E-6	32	77	1	1.53E-6	9.79202E-7
32	78	0	4.85001E-5	3.10401E-5	32	79	1	6.27601E-5	4.01665E-5
32	79	0	6.27601E-5	4.01665E-5	32	80	0	2.2888E-4	1.46483E-4
32	81	0	2.7496E-4	1.75975E-4	32	82	0	2.4287E-4	1.55437E-4
32	83	0	1.4552E-4	9.3133E-5	32	84	0	4.54401E-5	2.90816E-5
32	85	0	9.02002E-6	5.77281E-6	32	86	0	1.5E-6	9.60002E-7
32	87	0	1.16992E-7	7.4875E-8	32	88	0	6.68963E-9	4.28136E-9
32	89	0	9.88305E-11	6.32515E-11	32	90	0	6.62331E-12	4.23892E-12
32	91	0	6.24826E-13	3.99889E-13	33	73	0	2.91E-13	1.8624E-13
33	74	0	4.86001E-12	3.11041E-12	33	74	1	1.13E-11	7.23201E-12
33	75	0	4.77001E-10	3.05281E-10	33	76	0	1.49E-8	9.53602E-9
33	77	0	3.03001E-7	1.9392E-7	33	78	0	3.09001E-6	1.9776E-6
33	79	0	2.232E-5	1.42848E-5	33	80	0	9.36302E-5	5.99233E-5
33	81	0	2.98551E-4	1.91072E-4	33	82	0	2.99401E-4	1.91616E-4
33	82	1	2.99401E-4	1.91616E-4	33	83	0	9.809521E-4	6.27809E-4
33	84	1	3.70496E-4	2.37117E-4	33	84	0	3.70496E-4	2.37117E-4
33	85	0	4.34301E-4	2.77952E-4	33	86	0	1.874E-4	1.19936E-4
33	87	0	4.56801E-5	2.92353E-5	33	88	0	7.14001E-6	4.56961E-6
33	89	0	8.98903E-7	5.75298E-7	33	90	0	5.11141E-8	3.2713E-8
33	91	0	5.68304E-9	3.63715E-9	33	92	0	2.52233E-11	1.61429E-11
33	93	0	3.47932E-12	2.22676E-12	34	75	0	1.08E-13	6.91201E-14
34	76	0	1.1E-11	7.04001E-12	34	77	0	7.90001E-11	5.05601E-11
34	77	1	5.29001E-10	3.38561E-10	34	78	0	1.95E-8	1.248E-8
34	79	0	3.21001E-7	2.0544E-7	34	79	1	4.80001E-8	3.07201E-8
34	80	0	4.61001E-6	2.95041E-6	34	81	0	4.66001E-6	2.98241E-6
34	81	1	3.11601E-5	1.99424E-5	34	82	0	1.9803E-4	1.26739E-4
34	83	0	5.99481E-4	3.83668E-4	34	83	1	1.4062E-4	8.9997E-5
34	84	0	0.00149874	9.59195E-4	34	85	0	9.93132E-4	6.35604E-4
34	85	1	9.93132E-4	6.35604E-4	34	86	0	0.00236947	0.00151646
34	87	0	0.0014203	9.08994E-4	34	88	0	6.63651E-4	4.24737E-4
34	89	0	2.2587E-4	1.44557E-4	34	90	0	4.9549E-5	3.17113E-5
34	91	0	4.67432E-6	2.99157E-6	34	92	0	4.37976E-7	2.80304E-7
34	93	0	5.12609E-8	3.2807E-8	34	94	0	6.22001E-10	3.98081E-10
34	95	0	1.37315E-11	8.78815E-12	34	96	0	1.39E-13	8.89602E-14
35	77	0	1.29E-14	8.25601E-15	35	77	1	4.30001E-14	2.752E-14
35	78	0	4.99001E-12	3.19361E-12	35	79	0	7.03001E-11	4.49921E-11
35	79	1	2.35E-10	1.504E-10	35	80	0	2.59E-9	1.6576E-9
35	80	1	7.77001E-9	4.97281E-9	35	81	0	2.52E-7	1.6128E-7
35	82	0	2.52E-6	1.6128E-6	35	82	1	1.08E-6	6.91201E-7
35	83	0	3.95201E-5	2.52928E-5	35	84	0	6.84601E-5	4.38145E-5
35	84	1	1.217E-4	7.78881E-5	35	85	0	6.94191E-4	4.44282E-4
35	86	0	9.40462E-4	6.01895E-4	35	86	1	9.40462E-4	6.01895E-4
35	87	0	0.00276832	0.00177173	35	88	0	0.00322196	0.00206205
35	89	0	0.00316454	0.0020253	35	90	0	0.00177808	0.00113797
35	91	0	5.22871E-4	3.34637E-4	35	92	0	1.3758E-4	8.80514E-5
35	93	0	2.60288E-5	1.66584E-5	35	94	0	1.93E-6	1.2352E-6
35	95	0	1.24893E-7	7.99317E-8	35	96	0	4.74001E-9	3.03361E-9
35	97	0	5.14456E-11	3.29252E-11	35	98	0	1.95221E-12	1.24942E-12
36	79	1	8.50001E-15	5.44001E-15	36	79	0	8.50001E-15	5.44001E-15
36	80	0	1.9E-12	1.216E-12	36	81	0	1.11E-10	7.10401E-11
36	81	1	1.66E-11	1.0624E-11	36	82	0	5.89001E-9	3.76961E-9
36	83	0	1.2E-7	7.68001E-8	36	83	1	2.81E-8	1.7984E-8
36	84	0	2.6E-6	1.664E-6	36	85	0	1.963E-5	1.25632E-5
36	85	1	4.60001E-6	2.94401E-6	36	86	0	1.9007E-4	1.21645E-4
36	87	0	7.15841E-4	4.58138E-4	36	88	0	0.00193705	0.00123971
36	89	0	0.00468689	0.0021091	36	90	0	0.00721072	0.00230743
36	91	0	0.00511249	0.00327199	36	92	0	0.00406495	0.00260157
36	93	0	0.00206319	0.00132044	36	94	0	4.96201E-4	3.17569E-4
36	95	0	1.02725E-4	6.57442E-5	36	96	0	1.254E-5	8.02561E-6
36	97	0	7.5795E-7	4.85088E-7	36	98	0	3.38981E-8	2.16948E-8
36	99	0	1.18578E-10	7.589E-11	36	100	0	9.83002E-12	6.29121E-12
37	83	0	3.07001E-11	1.9648E-11	37	84	0	1.49E-9	9.53602E-10
37	85	0	4.46001E-8	2.8544E-8	37	86	1	3.18001E-7	2.0352E-7
37	86	0	3.18001E-7	2.0352E-7	37	87	0	1.11E-5	7.10401E-6
37	88	0	7.92001E-5	5.06881E-5	37	89	0	5.25631E-4	3.36404E-4
37	90	0	3.88101E-4	2.48384E-4	37	90	1	0.00166954	0.00106851
37	91	0	0.00290452	0.0018589	37	92	0	0.00692625	0.00311681
37	93	0	0.0100913	0.00322922	37	94	0	0.00609513	0.00390088
37	95	0	0.00399653	0.00255778	37	96	0	0.00136683	8.74773E-4
37	97	0	2.8075E-4	1.7968E-4	37	98	0	3.83301E-5	2.45312E-5
37	99	0	1.07851E-6	6.90249E-7	37	100	0	1.31E-7	8.38401E-8
37	101	0	9.42038E-10	6.02904E-10	37	102	0	4.40544E-11	2.81948E-11
37	103	0	5.17228E-12	3.31026E-12	38	84	0	6.71001E-14	4.29441E-14
38	85	1	2.815E-12	1.8016E-12	38	85	0	2.815E-12	1.8016E-12
38	86	0	3.86001E-10	2.4704E-10	38	87	0	1.02E-8	6.52801E-9
38	87	1	2.39E-9	1.5296E-9	38	88	0	2.86E-7	1.8304E-7
38	89	0	5.33001E-6	3.41121E-6	38	90	0	6.26301E-5	4.00833E-5
38	91	0	2.91381E-4	1.86484E-4	38	92	0	0.0016015	0.00102496
38	93	0	0.00529659	0.00238347	38	94	0	0.00919842	0.00294349
38	95	0	0.015007	0.00480224	38	96	0	0.0152535	0.00488113
38	97	0	0.00828138	0.00530009	38	98	0	0.00376374	0.00240879
38	99	0	8.87083E-4	5.67733E-4	38	100	0	1.3818E-4	8.84354E-5
38	101	0	1.38791E-5	8.88261E-6	38	102	0	7.64957E-7	4.89573E-7
38	103	0	7.62034E-8	4.87702E-8	38	104	0	5.03001E-10	3.21921E-10
38	105	0	1.59785E-11	1.02262E-11	39	87	0	6.45001E-13	4.12801E-13
39	88	0	4.10001E-11	2.624E-11	39	89	0	4.87001E-10	3.11681E-10
39	89	1	2.07E-9	1.3248E-9	39	90	1	4.23501E-8	2.7104E-8
39	90	0	4.23501E-8	2.7104E-8	39	91	1	5.35001E-7	3.42401E-7
39	91	0	5.35001E-7	3.42401E-7	39	92	0	1.958E-5	1.25312E-5
39	93	1	1.0678E-4	6.83393E-5	39	93	0	1.0678E-4	6.83393E-5
39	94	0	9.18742E-4	5.87995E-4	39	95	0	0.00416958	0.00266853
39	96	0	0.00107557	6.88366E-4	39	96	1	0.00968025	0.00619536
39	97	1	0.00830721	0.00531661	39	97	0	0.00830721	0.00531661
39	98	0	0.00961017	0.00615051	39	98	1	0.0096096	0.00615014
39	99	0	0.0141556	0.0045298	39	100	0	0.00630359	0.0040343
39	101	0	0.00210219	0.0013454	39	102	0	3.46841E-4	2.21978E-4
39	103	0	3.86939E-5	2.47641E-5	39	104	0	2.48E-6	1.5872E-6
39	105	0	1.4533E-7	9.30115E-8	39	106	0	5.22318E-10	3.34283E-10
39	107	0	3.49653E-11	2.23778E-11	39	108	0	1.05961E-12	6.78149E-13
40	89	0	8.16001E-14	5.22241E-14	40	90	1	4.58501E-12	2.93441E-12
40	90	0	4.58501E-12	2.93441E-12	40	91	0	3.32001E-10	2.1248E-10
40	92	0	2.09E-8	1.3376E-8	40	93	0	6.54001E-7	4.18561E-7
40	94	0	1.054E-5	6.74561E-6	40	95	0	1.2284E-4	7.86177E-5
40	96	0	9.57272E-4	6.12654E-4	40	97	0	0.00378602	0.00242305
40	98	0	0.0129856	0.00415538	40	99	0	0.0238773	0.00764073
40	100	0	0.0320102	0.0102433	40	101	0	0.0272003	0.0087041
40	102	0	0.014429	0.00461727	40	103	0	0.00461552	0.00295393
40	104	0	9.99192E-4	6.39483E-4	40	105	0	1.19535E-4	7.65023E-5
40	106	0	9.06949E-6	5.80448E-6	40	107	0	5.15145E-7	3.29693E-7
40	108	0	1.8399E-8	1.17753E-8	40	109	0	1.55007E-10	9.92043E-11
40	110	0	3.83001E-12	2.4512E-12	41	92	0	8.52001E-13	5.45281E-13
41	93	0	7.55001E-11	4.83201E-11	41	93	1	1.77E-11	1.1328E-11
41	94	0	2.6E-9	1.664E-9	41	94	1	1.81E-9	1.1584E-9
41	95	0	2.8058E-4	1.26261E-4	41	95	1	3.38001E-8	2.1632E-8
41	96	0	4.10001E-6	2.624E-6	41	97	0	4.38601E-5	2.80704E-5
41	97	1	1.029E-5	6.58561E-6	41	98	0	3.90801E-4	2.50112E-4
41	98	1	1.3027E-4	8.33729E-5	41	99	0	2.3952E-4	1.53293E-4
41	99	1	0.00275225	0.00176144	41	100	0	0.00528616	0.00338314
41	100	1	0.00528616	0.00338314	41	101	0	0.0256375	0.00820399
41	102	1	0.0169555	0.0108515	41	102	0	0.0169555	0.0108515
41	103	0	0.032717	0.0104694	41	104	1	0.00927455	0.00593571
41	104	0	0.00927455	0.00593571	41	105	0	0.00714496	0.00457278
41	106	0	0.00153913	9.85045E-4	41	107	0	2.61575E-4	1.67408E-4
41	108	0	2.92801E-5	1.87392E-5	41	109	0	1.40985E-6	9.02302E-7
41	110	0	6.44001E-8	4.12161E-8	41	111	0	3.37993E-10	2.16316E-10
41	112	0	6.91049E-12	4.42271E-12	42	94	0	1.44E-13	9.21602E-14
42	95	0	1.78E-11	1.1392E-11	42	96	0	1.46E-9	9.34402E-10
42	97	0	5.81001E-8	3.71841E-8	42	98	0	1.99E-6	1.2736E-6
42	99	0	3.38201E-5	2.16448E-5	42	100	0	4.10681E-4	2.62836E-4
42	101	0	0.00264695	0.00169405	42	102	0	0.0106858	0.00341945
42	103	0	0.024447	0.00782303	42	104	0	0.0416915	0.0133413
42	105	0	0.0396958	0.0127027	42	106	0	0.0257847	0.0082511
42	107	0	0.0114869	0.0036758	42	108	0	0.00399024	0.00255375
42	109	0	5.37421E-4	3.43949E-4	42	110	0	8.54601E-5	5.46945E-5
42	111	0	4.97967E-6	3.18699E-6	42	112	0	1.19993E-7	7.67957E-8
42	113	0	5.56265E-10	3.5601E-10	43	97	1	1.4E-12	8.96002E-13
43	97	0	1.4E-12	8.96002E-13	43	98	0	3.03001E-10	1.9392E-10
43	99	0	1.52E-8	9.72802E-9	43	99	1	3.57001E-9	2.2848E-9
43	100	0	7.17001E-7	4.58881E-7	43	101	0	1.569E-5	1.00416E-5
43	102	0	9.48302E-5	6.06913E-5	43	102	1	9.48302E-5	6.06913E-5
43	103	0	0.00145363	9.30325E-4	43	104	0	0.00605362	0.00387432
43	105	0	0.0164921	0.00527748	43	106	0	0.0264489	0.00608325
43	107	0	0.0329815	0.0105541	43	108	0	0.0274329	0.00877853
43	109	0	0.0110973	0.00355115	43	110	0	0.00483701	0.00309569
43	111	0	9.95942E-4	6.37403E-4	43	112	0	7.67801E-5	4.91393E-5
43	113	0	5.05945E-6	3.23805E-6	43	114	0	5.13001E-13	3.28321E-13
43	115	0	3.54648E-15	2.26975E-15	43	117	0	5.02157E-18	3.2138E-18
43	118	0	2.02052E-19	1.29313E-19	43	119	0	1.16058E-12	7.42771E-13
43	120	0	3.94474E-15	2.52463E-15	44	99	0	6.92001E-13	4.42881E-13
44	100	0	1.01E-10	6.46401E-11	44	101	0	6.70001E-9	4.28801E-9
44	102	0	2.93001E-7	1.8752E-7	44	103	0	6.15001E-6	3.93601E-6
44	104	0	9.47302E-5	6.06273E-5	44	105	0	7.22961E-4	4.62695E-4
44	106	0	0.00363829	0.0023285	44	107	0	0.0108316	0.00346612
44	108	0	0.0246316	0.00788212	44	109	1	0.0117946	0.00754851
44	109	0	0.0117946	0.00754851	44	110	0	0.0298468	0.00955096
44	111	0	0.0166224	0.00531917	44	112	0	0.0043951	0.00281286
44	113	0	8.86132E-4	5.67124E-4	44	114	0	1.84E-6	1.1776E-6
44	115	0	9.04002E-8	5.78561E-8	44	116	0	2.75E-9	1.76E-9
44	117	0	1.28E-10	8.19201E-11	44	118	0	6.07001E-12	3.88481E-12
44	119	0	1.70989E-8	1.09433E-8	44	120	0	6.84962E-11	4.38376E-11
44	121	0	1.55007E-13	9.92043E-14	45	101	0	2.4E-14	1.536E-14
45	101	1	1.02E-13	6.52801E-14	45	102	0	8.76002E-12	5.60641E-12
45	102	1	8.76002E-12	5.60641E-12	45	103	0	1.76E-10	1.1264E-10
45	103	1	1.18E-9	7.55201E-10	45	104	0	1.57E-8	1.0048E-8
45	104	1	4.71001E-8	3.01441E-8	45	105	0	1.39E-6	8.89602E-7
45	105	1	2.07E-7	1.3248E-7	45	106	0	1.179E-5	7.54561E-6
45	106	1	1.179E-5	7.54561E-6	45	107	0	2.3102E-4	1.47853E-4
45	108	0	6.67531E-4	4.2722E-4	45	108	1	6.67531E-4	4.2722E-4
45	109	0	0.00936962	0.00599655	45	109	1	0.00190213	0.00121737
45	110	0	0.00596192	0.00381563	45	110	1	0.00596192	0.00381563
45	111	0	0.0198304	0.00634571	45	112	0	0.0150666	0.00964264
45	113	0	0.00892285	0.00571062	45	114	0	0.00219513	0.00140489
45	115	0	5.07641E-4	3.2489E-4	45	116	0	5.98001E-5	3.82721E-5
45	117	0	1.2E-5	7.68001E-6	45	118	0	1.82E-6	1.1648E-6
45	119	0	5.83001E-6	3.73121E-6	45	120	0	1.3E-7	8.32001E-8
45	121	0	1.40985E-9	9.02302E-10	45	122	0	1.24E-11	7.93601E-12
45	123	0	2.91E-14	1.8624E-14	46	103	0	1.95E-14	1.248E-14
46	104	0	3.27001E-12	2.0928E-12	46	105	0	2.54E-10	1.6256E-10
46	106	0	1.34E-8	8.57601E-9	46	107	0	1.36E-7	8.70401E-8
46	107	1	2.53E-7	1.6192E-7	46	108	0	7.14001E-6	4.56961E-6
46	109	0	2.472E-5	1.58208E-5	46	109	1	4.59101E-5	2.93825E-5
46	110	0	5.71331E-4	3.65652E-4	46	111	0	9.20182E-4	5.88916E-4
46	111	1	0.0017089	0.0010937	46	112	0	0.00943938	0.0060412
46	113	0	0.00978665	0.00313173	46	114	0	0.00858028	0.00549138
46	115	0	0.00476602	0.00214471	46	116	0	0.00181399	0.00116096
46	117	0	0.00100396	6.42536E-4	46	118	0	4.70801E-4	3.01313E-4
46	119	0	1.591E-4	1.01824E-4	46	120	0	2.088E-5	1.33632E-5
46	121	0	1.16E-6	7.42401E-7	46	122	0	6.03001E-8	3.85921E-8
46	123	0	7.28001E-10	4.65921E-10	46	130	0	2.8E-14	1.792E-14
47	106	0	8.58001E-14	5.49121E-14	47	106	1	2.0E-13	1.28E-13
47	107	0	3.79001E-12	2.4256E-12	47	107	1	2.53E-11	1.6192E-11
47	108	1	7.70001E-10	4.92801E-10	47	108	0	7.70001E-10	4.92801E-10
47	109	1	2.61E-8	1.6704E-8	47	109	0	2.61E-8	1.6704E-8
47	110	0	3.75001E-7	2.4E-7	47	110	1	8.75002E-7	5.60001E-7
47	111	0	2.68E-6	1.7152E-6	47	111	1	1.795E-5	1.1488E-5
47	112	0	0.00108452	6.94094E-4	47	113	0	1.0234E-4	6.54977E-5
47	113	1	6.84921E-4	4.3835E-4	47	114	0	1.6063E-4	1.02803E-4
47	115	0	1.6082E-4	1.02925E-4	47	115	1	1.6082E-4	1.02925E-4
47	116	0	1.4627E-4	9.3613E-5	47	116	1	1.4627E-4	9.3613E-5
47	117	0	2.0739E-4	1.3273E-4	47	117	1	2.0739E-4	1.3273E-4
47	118	0	1.8579E-4	1.18906E-4	47	118	1	1.8579E-4	1.18906E-4
47	119	0	2.97331E-4	1.90292E-4	47	120	1	8.34101E-5	5.33825E-5
47	120	0	8.34101E-5	5.33825E-5	47	121	0	4.88601E-5	3.12705E-5
47	122	1	5.87501E-6	3.76001E-6	47	122	0	5.87501E-6	3.76001E-6
47	123	0	8.18001E-7	5.23521E-7	47	124	0	1.37E-11	8.76802E-12
47	125	0	1.77E-12	1.1328E-12	47	126	0	2.35E-13	1.504E-13
47	127	0	2.79E-14	1.7856E-14	47	129	0	2.64809E-16	1.69478E-16
47	130	0	1.21E-9	7.74401E-10	47	131	0	2.23972E-11	1.43342E-11
47	132	0	8.17741E-13	5.23354E-13	48	108	0	2.54E-14	1.6256E-14
48	109	0	2.58E-12	1.6512E-12	48	110	0	2.22E-10	1.4208E-10
48	111	0	2.71E-9	1.7344E-9	48	111	1	9.06002E-9	5.79841E-9
48	112	0	5.04001E-7	3.22561E-7	48	113	0	1.25E-6	8.00001E-7
48	113	1	4.17001E-6	2.6688E-6	48	114	0	3.58001E-9	2.2912E-9
48	115	0	6.97001E-9	4.46081E-9	48	115	1	2.33E-8	1.4912E-8
48	116	0	1.23E-7	7.87201E-8	48	117	0	1.36E-7	8.70401E-8
48	117	1	4.55001E-7	2.91201E-7	48	118	0	1.74E-6	1.1136E-6
48	119	0	3.15101E-5	2.01664E-5	48	119	1	3.15101E-5	2.01664E-5
48	120	0	1.7252E-4	1.10413E-4	48	121	1	9.90002E-5	6.33601E-5
48	121	0	9.90002E-5	6.33601E-5	48	122	0	2.2379E-4	1.43226E-4
48	123	0	6.83401E-5	4.37377E-5	48	124	0	3.42001E-6	2.1888E-6
48	125	0	1.22E-6	7.80801E-7	48	126	0	5.25001E-7	3.36001E-7
48	127	0	2.04E-7	1.3056E-7	48	128	0	4.40001E-8	2.816E-8
48	129	0	6.75001E-9	4.32001E-9	48	130	0	4.03001E-6	2.5792E-6
48	131	0	3.29978E-7	2.11186E-7	48	132	0	1.41992E-8	9.08749E-9
48	133	0	1.36318E-10	8.72435E-11	48	134	0	1.67E-12	1.0688E-12
49	111	0	2.98001E-13	1.9072E-13	49	112	0	8.13001E-12	5.20321E-12
49	112	1	3.46001E-11	2.2144E-11	49	113	0	1.45E-9	9.28002E-10
49	113	1	3.40001E-10	2.176E-10	49	117	0	2.82E-13	1.8048E-13
49	117	1	6.63001E-14	4.24321E-14	49	118	2	4.16501E-13	2.6656E-13
49	118	0	2.5E-12	1.6E-12	49	118	1	4.16501E-13	2.6656E-13
49	119	0	6.72001E-7	4.30081E-7	49	119	1	1.58E-7	1.0112E-7
49	120	2	3.66001E-6	2.3424E-6	49	120	0	3.66001E-6	2.3424E-6
49	120	1	3.66001E-6	2.3424E-6	49	121	0	4.97401E-5	3.18337E-5
49	121	1	1.167E-5	7.46881E-6	49	122	2	8.60801E-5	5.50913E-5
49	122	0	8.60801E-5	5.50913E-5	49	122	1	8.60801E-5	5.50913E-5
49	123	0	2.8459E-4	1.82138E-4	49	123	1	6.67501E-5	4.27201E-5
49	124	1	1.93395E-4	1.23773E-4	49	124	0	1.93395E-4	1.23773E-4
49	125	0	1.9129E-4	1.22426E-4	49	125	1	1.9129E-4	1.22426E-4
49	126	1	2.03205E-4	1.30051E-4	49	126	0	2.03205E-4	1.30051E-4
49	127	0	2.7246E-4	1.74375E-4	49	127	1	2.7246E-4	1.74375E-4
49	128	1	1.78765E-4	1.1441E-4	49	128	0	1.78765E-4	1.1441E-4
49	129	0	1.2573E-4	8.04673E-5	49	129	1	1.2573E-4	8.04673E-5
49	130	2	1.8237E-4	1.16717E-4	49	130	1	1.8237E-4	1.16717E-4
49	130	0	1.8237E-4	1.16717E-4	49	131	1	7.87601E-5	5.04065E-5
49	131	0	7.87601E-5	5.04065E-5	49	132	0	2.201E-5	1.40864E-5
49	133	0	1.23987E-6	7.93514E-7	49	134	0	3.65001E-8	2.336E-8
49	135	0	2.71481E-10	1.73748E-10	49	136	0	5.78001E-12	3.69921E-12
50	113	1	1.945E-14	1.2448E-14	50	113	0	1.945E-14	1.2448E-14
50	119	0	1.88E-10	1.2032E-10	50	119	1	6.29001E-10	4.02561E-10
50	120	0	6.94001E-8	4.44161E-8	50	121	0	5.45001E-7	3.48801E-7
50	121	1	1.33E-6	8.51201E-7	50	122	0	3.90001E-5	2.496E-5
50	123	0	1.4506E-4	9.28386E-5	50	123	1	5.92501E-5	3.79201E-5
50	124	0	3.19281E-4	2.0434E-4	50	125	0	3.89181E-4	2.49076E-4
50	125	1	1.5896E-4	1.01735E-4	50	126	0	0.00119572	5.38075E-4
50	127	0	0.00327488	7.53221E-4	50	127	1	9.27352E-4	5.93505E-4
50	128	1	0.00276824	0.00177167	50	128	0	0.00276824	0.00177167
50	129	0	0.00712364	0.00455913	50	129	1	0.00290649	0.00186016
50	130	1	0.00373976	0.00239344	50	130	0	0.00373976	0.00239344
50	131	1	0.00294431	0.00188436	50	131	0	0.00294431	0.00188436
50	132	0	0.00291793	0.00186747	50	133	0	5.47211E-4	3.50215E-4
50	134	0	6.26701E-5	4.01089E-5	50	135	0	3.99974E-6	2.55983E-6
50	136	0	1.2E-7	7.68001E-8	50	137	0	2.0E-9	1.28E-9
50	138	0	6.83001E-11	4.37121E-11	50	139	0	2.91325E-12	1.86448E-12
51	119	0	3.61001E-14	2.3104E-14	51	120	0	7.28001E-12	4.65921E-12
51	120	1	1.05E-11	6.72001E-12	51	121	0	3.00001E-9	1.92E-9
51	122	0	1.4E-7	8.96002E-8	51	122	1	1.58E-7	1.0112E-7
51	123	0	8.21001E-6	5.25441E-6	51	124	2	2.15334E-7	1.37814E-7
51	124	0	2.15334E-7	1.37814E-7	51	124	1	2.15334E-7	1.37814E-7
51	125	0	3.11001E-6	1.9904E-6	51	126	2	4.87001E-6	3.11681E-6
51	126	0	5.72001E-6	3.66081E-6	51	126	1	4.87001E-6	3.11681E-6
51	127	0	1.1767E-4	7.53089E-5	51	128	0	2.2912E-4	1.46637E-4
51	128	1	3.90121E-4	2.49677E-4	51	129	0	0.00242078	0.0015493
51	130	0	0.00577376	4.61901E-4	51	130	1	0.00400467	0.00256299
51	131	0	0.0146445	0.00336824	51	132	0	0.0113489	0.00363164
51	132	1	0.00821816	0.00525963	51	133	0	0.0128717	0.00411895
51	134	1	0.00226422	0.0014491	51	134	0	0.00226422	0.0014491
51	135	0	0.00105765	6.76897E-4	51	136	0	9.65202E-5	6.17729E-5
51	137	0	5.48001E-6	3.50721E-6	51	138	0	5.53001E-7	3.53921E-7
51	139	0	2.64971E-8	1.69582E-8	51	140	0	1.9119E-10	1.22362E-10
51	141	0	1.64227E-11	1.05105E-11	52	121	1	1.635E-13	1.0464E-13
52	121	0	1.635E-13	1.0464E-13	52	122	0	1.95E-10	1.248E-10
52	123	0	6.12001E-9	3.91681E-9	52	123	1	2.05E-8	1.312E-8
52	124	0	1.02E-12	6.52801E-13	52	125	0	3.12001E-12	1.9968E-12
52	125	1	1.05E-11	6.72001E-12	52	126	0	2.17E-10	1.3888E-10
52	127	0	1.51E-9	9.66402E-10	52	127	1	3.69001E-9	2.3616E-9
52	128	0	9.84002E-8	6.29761E-8	52	129	0	4.10001E-7	2.624E-7
52	129	1	1.0E-6	6.40001E-7	52	130	0	6.93301E-4	4.43713E-4
52	131	0	0.00129319	8.27643E-4	52	131	1	0.00709232	7.80155E-4
52	132	0	0.0171612	0.00394708	52	133	0	0.00890161	0.00284851
52	133	1	0.0219193	0.00241113	52	134	0	0.0347438	0.00382182
52	135	0	0.0228233	0.00730345	52	136	0	0.00684768	0.00438252
52	137	0	0.00107128	6.8562E-4	52	138	0	3.59741E-4	2.30234E-4
52	139	0	4.85501E-5	3.10721E-5	52	140	0	3.31981E-6	2.12468E-6
52	141	0	2.41956E-7	1.54852E-7	52	142	0	4.36001E-9	2.7904E-9
52	143	0	4.66003E-11	2.98242E-11	52	144	0	5.90222E-12	3.77742E-12
53	123	0	4.01001E-12	2.5664E-12	53	129	0	3.24001E-13	2.0736E-13
53	130	0	2.59E-6	1.6576E-6	53	130	1	1.11E-6	7.10401E-7
53	131	0	8.12101E-5	5.19745E-5	53	132	1	0.00108715	6.95774E-4
53	132	0	0.00108715	6.95774E-4	53	133	1	0.0051598	0.00330227
53	133	0	0.0051598	0.00330227	53	134	0	0.0203418	0.00162734
53	134	1	0.0100392	0.00110431	53	135	0	0.0343332	0.00549331
53	136	0	0.0124029	0.00396894	53	136	1	0.0149248	0.00164173
53	137	0	0.0119334	0.00381868	53	138	0	0.0104298	0.00333754
53	139	0	0.00435819	0.00278924	53	140	0	8.33801E-4	5.33633E-4
53	141	0	1.22858E-4	7.86293E-5	53	142	0	1.012E-5	6.47681E-6
53	143	0	4.23848E-7	2.71263E-7	53	144	0	4.55492E-8	2.91515E-8
53	145	0	1.82571E-10	1.16845E-10	53	146	0	7.88948E-12	5.04926E-12
53	147	0	3.20838E-12	2.05336E-12	54	130	0	1.67E-9	1.0688E-9
54	131	0	3.27001E-8	2.0928E-8	54	131	1	7.99001E-8	5.11361E-8
54	132	0	4.87001E-6	3.11681E-6	54	133	0	3.08801E-5	1.97632E-5
54	133	1	7.56001E-5	4.83841E-5	54	134	0	3.32971E-4	2.13101E-4
54	134	1	7.76941E-4	4.97242E-4	54	135	0	0.00291234	1.7474E-4
54	135	1	0.00689584	4.13751E-4	54	136	0	0.0140526	0.00449683
54	137	0	0.0420635	0.00673016	54	138	0	0.0349017	0.00383919
54	139	0	0.0349942	0.00559906	54	140	0	0.0200098	0.00640312
54	141	0	0.00763659	0.00488742	54	142	0	0.00197264	0.00126249
54	143	1	1.74308E-4	1.11557E-4	54	143	0	1.74308E-4	1.11557E-4
54	144	0	4.41545E-5	2.82589E-5	54	145	0	2.68982E-6	1.72149E-6
54	146	0	1.36992E-7	8.76751E-8	54	147	0	4.72692E-8	3.02523E-8
54	148	0	9.31002E-11	5.95841E-11	54	149	0	3.86511E-12	2.47367E-12
55	131	0	7.08001E-12	4.53121E-12	55	132	0	1.02E-9	6.52801E-10
55	133	0	9.08002E-8	5.81121E-8	55	134	1	1.565E-6	1.0016E-6
55	134	0	1.565E-6	1.0016E-6	55	135	1	3.02101E-5	1.93344E-5
55	135	0	3.02101E-5	1.93344E-5	55	136	1	6.29131E-4	4.02644E-4
55	136	0	6.29131E-4	4.02644E-4	55	137	0	0.00743312	0.0047572
55	138	0	0.0117933	0.00271245	55	138	1	0.00421199	0.00269567
55	139	0	0.018298	0.00585534	55	140	0	0.0286491	0.00916771
55	141	0	0.0300114	0.00960363	55	142	0	0.0187947	0.00601429
55	143	0	0.0098681	0.00631558	55	144	0	0.00328215	0.00210057
55	145	0	6.17731E-4	3.95348E-4	55	146	0	8.76002E-5	5.60641E-5
55	147	0	2.40019E-5	1.53612E-5	55	148	0	5.47001E-7	3.50081E-7
55	149	0	3.51547E-8	2.2499E-8	55	150	0	5.14001E-10	3.28961E-10
55	151	0	6.13417E-12	3.92587E-12	55	152	0	1.42241E-13	9.10342E-14
56	132	0	1.63E-14	1.0432E-14	56	133	0	5.20001E-12	3.32801E-12
56	134	0	7.22001E-10	4.62081E-10	56	135	1	2.295E-8	1.4688E-8
56	135	0	2.295E-8	1.4688E-8	56	136	1	5.60001E-7	3.58401E-7
56	136	0	5.60001E-7	3.58401E-7	56	137	0	6.95001E-6	4.44801E-6
56	137	1	1.702E-5	1.08928E-5	56	138	0	2.0879E-4	1.33626E-4
56	139	0	0.00108855	6.96673E-4	56	140	0	0.00536816	0.00343562
56	141	0	0.0134382	0.00430024	56	142	0	0.0236848	0.00544751
56	143	0	0.0278762	0.0089204	56	144	0	0.025869	0.00827808
56	145	0	0.0117178	0.00374968	56	146	0	0.00501429	0.00320914
56	147	0	0.00124959	7.9974E-4	56	148	0	2.6099E-4	1.67034E-4
56	149	0	2.89149E-5	1.85055E-5	56	150	0	2.35E-6	1.504E-6
56	151	0	9.03749E-8	5.78399E-8	56	152	0	2.46986E-9	1.58071E-9
56	153	0	3.30901E-11	2.11777E-11	56	154	0	3.25001E-13	2.08E-13
57	135	0	1.56E-12	9.98402E-13	57	137	0	8.88002E-9	5.68321E-9
57	138	0	2.25E-7	1.44E-7	57	139	0	3.82001E-6	2.4448E-6
57	140	0	3.35071E-4	1.07223E-4	57	141	0	4.04881E-4	2.59124E-4
57	142	0	0.00269091	0.00172219	57	143	0	0.00602342	0.00385499
57	144	0	0.0131002	0.00419208	57	145	0	0.0157047	0.00502552
57	146	1	0.00786215	0.00503178	57	146	0	0.00786215	0.00503178
57	147	0	0.0113068	0.00361817	57	148	0	0.00566599	0.00362623
57	149	0	0.00192604	0.00123267	57	150	0	4.34121E-4	2.77837E-4
57	151	0	4.58897E-5	2.93694E-5	57	152	0	4.56001E-6	2.91841E-6
57	153	0	3.00967E-7	1.92619E-7	57	154	0	6.71001E-9	4.29441E-9
57	155	0	3.88896E-11	2.48894E-11	57	156	0	8.63811E-13	5.52839E-13
58	137	0	2.17E-13	1.3888E-13	58	138	0	1.93E-11	1.2352E-11
58	139	0	2.73E-10	1.7472E-10	58	139	1	6.69001E-10	4.28161E-10
58	140	0	4.55001E-8	2.91201E-8	58	141	0	9.62002E-7	6.15681E-7
58	142	0	1.436E-5	9.19042E-6	58	143	0	1.2364E-4	7.91297E-5
58	144	0	7.13131E-4	4.56404E-4	58	145	0	0.0023701	0.00151687
58	146	0	0.0065765	0.00420896	58	147	0	0.0110145	0.00352464
58	148	0	0.0146951	0.00470242	58	149	0	0.0118024	0.00377677
58	150	0	0.00785224	0.00502544	58	151	0	0.00218266	0.0013969
58	152	0	7.12671E-4	4.5611E-4	58	153	0	1.3615E-4	8.71361E-5
58	154	0	1.087E-5	6.95681E-6	58	155	0	5.72962E-7	3.66696E-7
58	156	0	1.49992E-8	9.59946E-9	58	157	0	4.55001E-10	2.91201E-10
58	158	0	6.36001E-12	4.07041E-12	58	159	0	1.52808E-13	9.77971E-14
59	139	0	1.02E-14	6.52801E-15	59	140	0	1.47E-12	9.40802E-13
59	141	0	1.05E-10	6.72001E-11	59	142	1	2.25E-9	1.44E-9
59	142	0	2.25E-9	1.44E-9	59	143	0	1.29E-7	8.25601E-8
59	144	0	2.07E-7	1.3248E-7	59	144	1	1.86E-6	1.1904E-6
59	145	0	2.041E-5	1.30624E-5	59	146	0	1.5192E-4	9.7229E-5
59	147	0	7.81351E-4	5.00065E-4	59	148	1	0.00123577	7.90891E-4
59	148	0	0.00123577	7.90891E-4	59	149	0	0.00550192	0.00352123
59	150	0	0.00864393	0.00553212	59	151	0	0.0067897	0.00305537
59	152	0	0.00555213	0.00355336	59	153	0	0.00328825	0.00210448
59	154	0	7.44051E-4	4.76193E-4	59	155	0	1.3551E-4	8.67265E-5
59	156	0	1.073E-5	6.86721E-6	59	157	0	1.11E-6	7.10401E-7
59	158	0	4.58001E-8	2.93121E-8	59	159	0	1.38985E-9	8.89504E-10
59	160	0	2.83E-11	1.8112E-11	59	161	0	3.85503E-13	2.46722E-13
59	162	0	8.46535E-15	5.41782E-15	60	142	0	1.09E-13	6.97601E-14
60	143	0	9.06002E-12	5.79841E-12	60	144	0	4.91001E-10	3.14241E-10
60	145	0	1.34E-8	8.57601E-9	60	146	0	3.28001E-7	2.0992E-7
60	147	0	4.68001E-6	2.99521E-6	60	148	0	4.54901E-5	2.91136E-5
60	149	0	2.6233E-4	1.67891E-4	60	150	0	0.00124195	7.94849E-4
60	151	0	0.00235291	0.00150586	60	152	0	0.00560822	0.00358926
60	153	0	0.00801044	0.00512668	60	154	0	0.00545145	0.00348893
60	155	0	0.00263833	0.00168853	60	156	0	6.83561E-4	4.37479E-4
60	157	0	1.9449E-4	1.24474E-4	60	158	0	2.662E-5	1.70368E-5
60	159	0	2.27E-6	1.4528E-6	60	160	0	1.54E-7	9.85602E-8
60	161	0	5.67962E-9	3.63496E-9	60	162	0	1.46992E-10	9.40747E-11
60	163	0	2.37E-12	1.5168E-12	60	164	0	2.02E-14	1.2928E-14
61	145	0	3.94001E-13	2.5216E-13	61	146	0	2.78E-11	1.7792E-11
61	147	0	1.22E-9	7.80801E-10	61	148	0	1.07E-8	6.84801E-9
61	148	1	2.51E-8	1.6064E-8	61	149	0	6.82001E-7	4.36481E-7
61	150	0	8.99002E-6	5.75361E-6	61	151	0	5.68301E-5	3.63713E-5
61	152	2	1.1596E-4	7.42145E-5	61	152	0	1.1596E-4	7.42145E-5
61	152	1	1.1596E-4	7.42145E-5	61	153	0	0.00149282	9.55406E-4
61	154	0	0.0012853	8.22593E-4	61	154	1	0.0012853	8.22593E-4
61	155	0	0.00362556	0.00232036	61	156	0	0.00240401	0.00153857
61	157	0	0.00195835	0.00125335	61	158	0	6.94631E-4	4.44564E-4
61	159	0	1.8302E-4	1.17133E-4	61	160	0	3.36401E-5	2.15296E-5
61	161	0	3.92001E-6	2.5088E-6	61	162	0	2.79E-7	1.7856E-7
61	163	0	1.47E-8	9.40802E-9	61	164	0	3.40001E-10	2.176E-10
61	165	0	4.71001E-12	3.01441E-12	61	166	0	3.05213E-14	1.95336E-14
61	167	0	7.26211E-16	4.64775E-16	62	147	0	2.3E-14	1.472E-14
62	148	0	2.22E-12	1.4208E-12	62	149	0	1.22E-10	7.80801E-11
62	150	0	5.56001E-9	3.55841E-9	62	151	0	1.02E-7	6.52801E-8
62	152	0	2.14E-6	1.3696E-6	62	153	0	2.414E-5	1.54496E-5
62	154	0	1.4779E-4	9.45858E-5	62	155	0	5.58031E-4	3.5714E-4
62	156	0	0.00120165	7.69057E-4	62	157	0	0.00215201	0.00137729
62	158	0	0.00212879	0.00136243	62	159	0	0.00133239	8.52731E-4
62	160	0	7.09901E-4	4.54337E-4	62	161	0	2.0728E-4	1.32659E-4
62	162	0	4.47901E-5	2.86656E-5	62	163	0	6.28001E-6	4.01921E-6
62	164	0	4.51001E-7	2.8864E-7	62	165	0	1.77E-8	1.1328E-8
62	166	0	5.2997E-10	3.39181E-10	62	167	0	1.06993E-11	6.84755E-12
62	168	0	1.8E-13	1.152E-13	62	169	0	2.1547E-15	1.37901E-15
63	151	0	8.32001E-12	5.32481E-12	63	152	2	1.77334E-10	1.13494E-10
63	152	0	1.77334E-10	1.13494E-10	63	152	1	1.77334E-10	1.13494E-10
63	153	0	2.12E-8	1.3568E-8	63	154	1	1.97E-7	1.2608E-7
63	154	0	1.97E-7	1.2608E-7	63	155	0	5.16001E-6	3.30241E-6
63	156	0	2.881E-5	1.84384E-5	63	157	0	1.7279E-4	1.10586E-4
63	158	0	4.24411E-4	2.71623E-4	63	159	0	7.30911E-4	4.67783E-4
63	160	0	9.00162E-4	5.76103E-4	63	161	0	7.04421E-4	4.5083E-4
63	162	0	3.57831E-4	2.29012E-4	63	163	0	1.4388E-4	9.20834E-5
63	164	0	2.552E-5	1.63328E-5	63	165	0	3.17001E-6	2.0288E-6
63	166	0	2.47E-7	1.5808E-7	63	167	0	1.6E-8	1.024E-8
63	168	0	7.46001E-10	4.77441E-10	63	169	0	1.95979E-11	1.25426E-11
63	170	0	3.41001E-13	2.1824E-13	63	171	0	2.83019E-15	1.81132E-15
63	172	0	5.55143E-17	3.55291E-17	64	152	0	1.02E-14	6.52801E-15
64	153	0	1.25E-12	8.00001E-13	64	154	0	8.58001E-11	5.49121E-11
64	155	0	3.50001E-9	2.24E-9	64	156	0	7.91001E-8	5.06241E-8
64	157	0	1.19E-6	7.61601E-7	64	158	0	9.43002E-6	6.03521E-6
64	159	0	4.19101E-5	2.68224E-5	64	160	0	1.5015E-4	9.60962E-5
64	161	0	2.7333E-4	1.74932E-4	64	162	0	3.70051E-4	2.36832E-4
64	163	0	3.36351E-4	2.15264E-4	64	164	0	1.5745E-4	1.00768E-4
64	165	0	4.77501E-5	3.05601E-5	64	166	0	1.056E-5	6.75841E-6
64	167	0	1.76E-6	1.1264E-6	64	168	0	2.54E-7	1.6256E-7
64	169	0	1.81E-8	1.1584E-8	64	170	0	1.01E-9	6.46401E-10
64	171	0	4.16972E-11	2.66862E-11	64	172	0	9.63946E-13	6.16926E-13
65	155	0	1.06E-13	6.78401E-14	65	156	0	6.78001E-12	4.33921E-12
65	156	1	7.54001E-13	4.82561E-13	65	157	0	3.93001E-10	2.5152E-10
65	158	0	8.16001E-9	5.22241E-9	65	158	1	9.07002E-10	5.80481E-10
65	159	0	1.32E-7	8.44801E-8	65	160	0	1.28E-6	8.19201E-7
65	161	0	7.03001E-6	4.49921E-6	65	162	0	1.177E-5	7.53281E-6
65	162	1	1.177E-5	7.53281E-6	65	163	0	5.98101E-5	3.82785E-5
65	164	0	6.29001E-5	4.02561E-5	65	165	0	5.18401E-5	3.31777E-5
65	166	0	2.543E-5	1.62752E-5	65	167	0	1.156E-5	7.39841E-6
65	168	0	4.04001E-6	2.5856E-6	65	169	0	8.47001E-7	5.42081E-7
65	170	0	1.23E-7	7.87201E-8	65	171	0	1.59E-8	1.0176E-8
65	172	0	9.99002E-10	6.39361E-10	66	158	0	6.91001E-13	4.42241E-13
66	159	0	2.89E-11	1.8496E-11	66	160	0	9.41002E-10	6.02241E-10
66	161	0	1.41E-8	9.02402E-9	66	162	0	1.49E-7	9.53602E-8
66	163	0	9.89002E-7	6.32961E-7	66	164	0	3.01001E-6	1.9264E-6
66	165	0	5.41001E-6	3.46241E-6	66	165	1	8.08001E-7	5.17121E-7
66	166	0	8.21001E-6	5.25441E-6	66	167	0	8.52001E-6	5.45281E-6
66	168	0	7.88001E-6	5.04321E-6	66	169	0	3.78001E-6	2.4192E-6
66	170	0	1.52E-6	9.72802E-7	66	171	0	4.82001E-7	3.08481E-7
66	172	0	9.04002E-8	5.78561E-8	67	161	0	1.13E-12	7.23201E-13
67	161	1	1.69E-13	1.0816E-13	67	162	0	1.14E-11	7.29601E-12
67	162	1	2.67E-11	1.7088E-11	67	163	0	7.13001E-10	4.56321E-10
67	163	1	1.07E-10	6.84801E-11	67	164	0	1.98E-9	1.2672E-9
67	164	1	4.62001E-9	2.95681E-9	67	165	0	4.37001E-8	2.7968E-8
67	166	0	4.36001E-8	2.7904E-8	67	166	1	1.02E-7	6.52801E-8
67	167	0	4.43001E-7	2.8352E-7	67	168	0	9.87002E-7	6.31681E-7
67	169	0	1.29E-6	8.25601E-7	67	170	0	5.89001E-7	3.76961E-7
67	170	1	5.89001E-7	3.76961E-7	67	171	0	9.90002E-7	6.33601E-7
67	172	0	4.29001E-7	2.7456E-7	68	163	0	4.56001E-14	2.91841E-14
68	164	0	1.17E-12	7.48801E-13	68	165	0	2.22E-11	1.4208E-11
68	166	0	2.31E-10	1.4784E-10	68	167	0	1.65E-9	1.056E-9
68	167	1	2.47E-10	1.5808E-10	68	168	0	1.31E-8	8.38401E-9
68	169	0	4.39001E-8	2.8096E-8	68	170	0	1.16E-7	7.42401E-8
68	171	0	2.31E-7	1.4784E-7	68	172	0	2.7E-7	1.728E-7
69	166	0	1.42E-14	9.08802E-15	69	167	0	3.84001E-13	2.4576E-13
69	168	0	7.32001E-12	4.68481E-12	69	169	0	7.84001E-11	5.01761E-11
69	170	0	5.55001E-10	3.55201E-10	69	171	0	3.40001E-9	2.176E-9
69	172	0	1.0E-8	6.40001E-9	70	170	0	2.22E-13	1.4208E-13
70	171	0	3.75001E-12	2.4E-12	70	172	0	3.52001E-11	2.2528E-11