Z	A	FPS	Yield	Uncertainty	Z	A	FPS	Yield	Uncertainty
23	66	0	1.60612E-16	1.02792E-16	23	67	0	1.56056E-17	9.98757E-18
24	66	0	1.40984E-12	9.02297E-13	24	67	0	1.36984E-13	8.767E-14
24	69	0	4.15769E-16	2.66092E-16	25	66	0	4.61E-10	2.9504E-10
25	67	0	1.27E-10	8.128E-11	25	68	0	2.56E-11	1.6384E-11
25	69	0	3.64958E-12	2.33573E-12	25	70	0	3.31E-13	2.1184E-13
25	71	0	1.97E-14	1.2608E-14	25	72	0	1.17327E-15	7.50891E-16
25	73	0	9.86455E-17	6.31331E-17	26	66	0	1.16E-8	7.424E-9
26	67	0	8.49E-9	5.4336E-9	26	68	0	4.59E-9	2.9376E-9
26	69	0	1.84E-9	1.1776E-9	26	70	0	4.78E-10	3.0592E-10
26	71	0	8.23E-11	5.2672E-11	26	72	0	1.02988E-11	6.59125E-12
26	73	0	8.65901E-13	5.54177E-13	26	74	0	4.39E-14	2.8096E-14
26	75	0	2.68826E-15	1.72049E-15	27	66	0	2.38E-8	1.5232E-8
27	67	0	4.27E-8	2.7328E-8	27	68	0	5.67E-8	3.6288E-8
27	69	0	5.93E-8	3.7952E-8	27	70	0	4.16E-8	2.6624E-8
27	71	0	1.99E-8	1.2736E-8	27	72	0	7.01E-9	4.4864E-9
27	73	0	1.66E-9	1.0624E-9	27	74	0	2.45E-10	1.568E-10
27	75	0	2.35973E-11	1.51023E-11	27	76	0	1.53E-12	9.792E-13
27	77	0	6.84595E-14	4.38141E-14	27	78	0	5.46765E-15	3.4993E-15
28	66	0	5.23E-9	3.3472E-9	28	67	0	2.29E-8	1.4656E-8
28	68	0	7.11E-8	4.5504E-8	28	69	0	1.79E-7	1.1456E-7
28	70	0	3.1E-7	1.984E-7	28	71	0	3.77E-7	2.4128E-7
28	72	0	3.52E-7	2.2528E-7	28	73	0	2.21E-7	1.4144E-7
28	74	0	9.12E-8	5.8368E-8	28	75	0	2.51E-8	1.6064E-8
28	76	0	4.71E-9	3.0144E-9	28	77	0	6.00932E-10	3.84596E-10
28	78	0	4.79945E-11	3.07165E-11	28	79	0	1.13226E-12	7.24646E-13
28	80	0	8.12E-14	5.1968E-14	29	66	0	8.74E-11	5.5936E-11
29	67	0	1.02E-9	6.528E-10	29	68	0	1.42E-9	9.088E-10
29	68	1	6.49E-9	4.1536E-9	29	69	0	4.94E-8	3.1616E-8
29	70	0	3.1E-8	1.984E-8	29	70	1	1.76E-7	1.1264E-7
29	71	0	6.03E-7	3.8592E-7	29	72	0	1.36E-6	8.704E-7
29	73	0	2.08E-6	1.3312E-6	29	74	0	2.22E-6	1.4208E-6
29	75	0	1.63E-6	1.0432E-6	29	76	0	8.44E-7	5.4016E-7
29	77	0	2.95E-7	1.888E-7	29	78	0	6.75E-8	4.32E-8
29	79	0	9.93887E-9	6.36088E-9	29	80	0	9.71E-10	6.2144E-10
29	81	0	6.08E-11	3.8912E-11	29	82	0	2.76E-12	1.7664E-12
29	83	0	1.48082E-13	9.47726E-14	30	66	0	1.06E-13	6.784E-14
30	67	0	3.5E-12	2.24E-12	30	68	0	7.4E-11	4.736E-11
30	69	0	1.38E-10	8.832E-11	30	69	1	1.12E-9	7.168E-10
30	70	0	1.38E-8	8.832E-9	30	71	0	1.12E-8	7.168E-9
30	71	1	9.08E-8	5.8112E-8	30	72	0	5.66E-7	3.6224E-7
30	73	0	2.03E-6	1.2992E-6	30	74	0	5.19E-6	3.3216E-6
30	75	0	9.33E-6	5.9712E-6	30	76	0	1.218E-5	7.7952E-6
30	77	0	1.087E-5	6.9568E-6	30	78	0	6.71E-6	4.2944E-6
30	79	0	2.75E-6	1.76E-6	30	80	0	7.6E-7	4.864E-7
30	81	0	1.37E-7	8.768E-8	30	82	0	1.76E-8	1.1264E-8
30	83	0	1.29985E-9	8.31905E-10	30	84	0	6.12E-11	3.9168E-11
30	85	0	2.46044E-12	1.57468E-12	30	86	0	4.57E-14	2.9248E-14
31	68	0	4.13E-14	2.6432E-14	31	69	0	2.01E-12	1.2864E-12
31	70	0	6.23E-11	3.9872E-11	31	71	0	1.28E-9	8.192E-10
31	72	1	9.5E-9	6.08E-9	31	72	0	9.5E-9	6.08E-9
31	73	0	1.73E-7	1.1072E-7	31	74	1	5.55E-7	3.552E-7
31	74	0	5.55E-7	3.552E-7	31	75	0	4.83E-6	3.0912E-6
31	76	0	1.511E-5	9.6704E-6	31	77	0	3.176E-5	2.03264E-5
31	78	0	4.844E-5	3.10016E-5	31	79	0	5.061E-5	3.23904E-5
31	80	0	3.711E-5	2.37504E-5	31	81	0	1.828E-5	1.16992E-5
31	82	0	6.4E-6	4.096E-6	31	83	0	1.35E-6	8.64E-7
31	84	0	1.83E-7	1.1712E-7	31	85	0	2.15975E-8	1.38224E-8
31	86	0	1.18E-9	7.552E-10	31	87	0	2.47183E-11	1.58197E-11
31	88	0	1.72003E-12	1.10082E-12	32	70	0	1.93E-14	1.2352E-14
32	71	0	5.7E-13	3.648E-13	32	71	1	5.7E-13	3.648E-13
32	72	0	4.85E-11	3.104E-11	32	73	0	1.07E-9	6.848E-10
32	73	1	1.32E-10	8.448E-11	32	74	0	2.11E-8	1.3504E-8
32	75	0	1.95E-8	1.248E-8	32	75	1	2.25E-7	1.44E-7
32	76	0	1.96E-6	1.2544E-6	32	77	0	9.26E-6	5.9264E-6
32	77	1	6.97E-7	4.4608E-7	32	78	0	3.664E-5	2.34496E-5
32	79	1	4.587E-5	2.93568E-5	32	79	0	4.587E-5	2.93568E-5
32	80	0	1.6331E-4	1.04518E-4	32	81	0	2.0099E-4	1.28634E-4
32	82	0	1.7768E-4	1.13715E-4	32	83	0	1.0049E-4	6.43136E-5
32	84	0	3.761E-5	2.40704E-5	32	85	0	1.251E-5	8.0064E-6
32	86	0	1.95E-6	1.248E-6	32	87	0	2.16975E-7	1.38864E-7
32	88	0	1.50983E-8	9.6629E-9	32	89	0	1.81116E-10	1.15914E-10
32	90	0	1.33493E-11	8.54357E-12	32	91	0	1.835E-12	1.1744E-12
33	73	0	4.93E-13	3.1552E-13	33	74	0	4.49E-12	2.8736E-12
33	74	1	2.04E-11	1.3056E-11	33	75	0	8.2E-10	5.248E-10
33	76	0	1.83E-8	1.1712E-8	33	77	0	2.46E-7	1.5744E-7
33	78	0	2.37E-6	1.5168E-6	33	79	0	1.502E-5	9.6128E-6
33	80	0	6.55E-5	4.192E-5	33	81	0	1.9364E-4	1.2393E-4
33	82	0	2.0086E-4	1.2855E-4	33	82	1	2.0086E-4	1.2855E-4
33	83	0	5.5625E-4	3.56E-4	33	84	1	2.6322E-4	1.68461E-4
33	84	0	2.6322E-4	1.68461E-4	33	85	0	4.5899E-4	2.93754E-4
33	86	0	1.9387E-4	1.24077E-4	33	87	0	6.173E-5	3.95072E-5
33	88	0	1.254E-5	8.0256E-6	33	89	0	1.58982E-6	1.01748E-6
33	90	0	1.17179E-7	7.49947E-8	33	91	0	1.61075E-8	1.03088E-8
33	92	0	8.32678E-11	5.32914E-11	33	93	0	7.47987E-12	4.78711E-12
34	75	0	1.86E-13	1.1904E-13	34	76	0	1.2E-11	7.68E-12
34	77	0	3.6E-11	2.304E-11	34	77	1	4.14E-10	2.6496E-10
34	78	0	1.23E-8	7.872E-9	34	79	0	2.0E-7	1.28E-7
34	79	1	1.5E-8	9.6E-9	34	80	0	2.51E-6	1.6064E-6
34	81	0	1.54E-6	9.856E-7	34	81	1	1.765E-5	1.1296E-5
34	82	0	9.713E-5	6.21632E-5	34	83	0	2.9069E-4	1.86042E-4
34	83	1	3.593E-5	2.29952E-5	34	84	0	7.4069E-4	4.74042E-4
34	85	0	7.7932E-4	4.98765E-4	34	85	1	7.7932E-4	4.98765E-4
34	86	0	0.00162214	0.00103817	34	87	0	0.00136345	8.72608E-4
34	88	0	7.5554E-4	4.83546E-4	34	89	0	2.7669E-4	1.77082E-4
34	90	0	6.28828E-5	4.0245E-5	34	91	0	8.64389E-6	5.53209E-6
34	92	0	7.30917E-7	4.67787E-7	34	93	0	6.56576E-8	4.20209E-8
34	94	0	1.32E-9	8.448E-10	34	95	0	2.57748E-11	1.64959E-11
34	96	0	3.79E-13	2.4256E-13	35	77	1	4.0E-14	2.56E-14
35	78	0	3.7E-12	2.368E-12	35	79	0	2.62E-11	1.6768E-11
35	79	1	1.61E-10	1.0304E-10	35	80	0	9.36E-10	5.9904E-10
35	80	1	5.3E-9	3.392E-9	35	81	0	1.34E-7	8.576E-8
35	82	0	1.48E-6	9.472E-7	35	82	1	3.24E-7	2.0736E-7
35	83	0	1.605E-5	1.0272E-5	35	84	0	2.047E-5	1.31008E-5
35	84	1	7.257E-5	4.64448E-5	35	85	0	4.837E-4	3.09568E-4
35	86	0	6.0963E-4	3.90163E-4	35	86	1	6.0963E-4	3.90163E-4
35	87	0	0.002501	0.00160064	35	88	0	0.00345018	0.00220812
35	89	0	0.0033354	0.00213466	35	90	0	0.00208451	0.00133409
35	91	0	8.3871E-4	5.36774E-4	35	92	0	2.1365E-4	1.36736E-4
35	93	0	3.52343E-5	2.255E-5	35	94	0	3.65E-6	2.336E-6
35	95	0	2.26249E-7	1.44799E-7	35	96	0	1.0E-8	6.4E-9
35	97	0	1.60612E-10	1.02792E-10	35	98	0	7.84836E-12	5.02295E-12
36	79	1	5.3E-15	3.392E-15	36	79	0	5.3E-15	3.392E-15
36	80	0	1.04E-12	6.656E-13	36	81	0	6.01E-11	3.8464E-11
36	81	1	4.53E-12	2.8992E-12	36	82	0	2.44E-9	1.5616E-9
36	83	0	5.49E-8	3.5136E-8	36	83	1	6.78E-9	4.3392E-9
36	84	0	9.93E-7	6.3552E-7	36	85	0	1.243E-5	7.9552E-6
36	85	1	1.54E-6	9.856E-7	36	86	0	9.209E-5	5.89376E-5
36	87	0	4.8847E-4	3.12621E-4	36	88	0	0.00166841	0.00106778
36	89	0	0.00401555	0.00256995	36	90	0	0.00640705	0.00410051
36	91	0	0.00685223	0.00438543	36	92	0	0.0048371	0.00309574
36	93	0	0.0022417	0.00143469	36	94	0	6.8974E-4	4.41434E-4
36	95	0	1.21414E-4	7.77048E-5	36	96	0	1.712E-5	1.09568E-5
36	97	0	1.40984E-6	9.02297E-7	36	98	0	6.88922E-8	4.4091E-8
36	99	0	2.6743E-10	1.71155E-10	36	100	0	4.33E-11	2.7712E-11
36	101	0	5.94999E-12	3.80799E-12	37	83	0	1.36E-11	8.704E-12
37	84	0	6.38E-10	4.0832E-10	37	85	0	2.57E-8	1.6448E-8
37	86	1	2.385E-7	1.5264E-7	37	86	0	2.385E-7	1.5264E-7
37	87	0	7.16E-6	4.5824E-6	37	88	0	6.767E-5	4.33088E-5
37	89	0	4.4411E-4	2.8423E-4	37	90	0	2.004E-4	1.28256E-4
37	90	1	0.0016199	0.00103674	37	91	0	0.00502808	0.00321797
37	92	0	0.00907614	0.00580873	37	93	0	0.0107418	0.00343738
37	94	0	0.00895798	0.00573311	37	95	0	0.00434984	0.0027839
37	96	0	0.00174825	0.00111888	37	97	0	4.2422E-4	2.71501E-4
37	98	0	6.392E-5	4.09088E-5	37	99	0	2.34747E-6	1.50238E-6
37	100	0	3.9E-7	2.496E-7	37	101	0	5.22285E-8	3.34262E-8
37	102	0	2.52879E-10	1.61842E-10	37	103	0	2.29142E-11	1.46651E-11
38	84	0	2.64E-14	1.6896E-14	38	85	1	1.565E-12	1.0016E-12
38	85	0	1.565E-12	1.0016E-12	38	86	0	1.7E-10	1.088E-10
38	87	0	6.72E-9	4.3008E-9	38	87	1	8.31E-10	5.3184E-10
38	88	0	2.09E-7	1.3376E-7	38	89	0	4.04E-6	2.5856E-6
38	90	0	4.744E-5	3.03616E-5	38	91	0	3.7069E-4	2.37242E-4
38	92	0	0.00181563	0.001162	38	93	0	0.00544516	0.0034849
38	94	0	0.0117112	0.00374757	38	95	0	0.0143691	0.00459811
38	96	0	0.0150195	0.00480623	38	97	0	0.00985364	0.00630633
38	98	0	0.00427764	0.00273769	38	99	0	0.00125974	8.06235E-4
38	100	0	2.3147E-4	1.48141E-4	38	101	0	2.80278E-5	1.79378E-5
38	102	0	2.21975E-6	1.42064E-6	38	103	0	2.01139E-7	1.28729E-7
38	104	0	3.89E-9	2.4896E-9	38	105	0	7.91022E-11	5.06254E-11
38	106	0	8.71309E-12	5.57638E-12	39	87	0	4.42E-13	2.8288E-13
39	88	0	3.69E-11	2.3616E-11	39	89	0	2.41E-10	1.5424E-10
39	89	1	1.95E-9	1.248E-9	39	90	1	3.91E-8	2.5024E-8
39	90	0	3.91E-8	2.5024E-8	39	91	1	9.35E-7	5.984E-7
39	91	0	9.35E-7	5.984E-7	39	92	0	2.733E-5	1.74912E-5
39	93	1	1.16005E-4	7.42432E-5	39	93	0	1.16005E-4	7.42432E-5
39	94	0	0.00137354	8.79066E-4	39	95	0	0.00445383	0.00285045
39	96	0	6.9163E-4	4.42643E-4	39	96	1	0.0108353	0.0034673
39	97	1	0.00947311	0.00606279	39	97	0	0.00947311	0.00606279
39	98	0	0.0107595	0.00344304	39	98	1	0.0107587	0.00344278
39	99	0	0.0168086	0.00537874	39	100	0	0.00871574	0.00557807
39	101	0	0.00302333	0.00193493	39	102	0	7.0377E-4	4.50413E-4
39	103	0	1.07939E-4	6.90809E-5	39	104	0	1.072E-5	6.8608E-6
39	105	0	6.94352E-7	4.44385E-7	39	106	0	7.64827E-8	4.89489E-8
39	107	0	1.7584E-10	1.12538E-10	39	108	0	1.13909E-11	7.2902E-12
40	89	0	7.66E-14	4.9024E-14	40	90	1	4.25E-12	2.72E-12
40	90	0	4.25E-12	2.72E-12	40	91	0	6.46E-10	4.1344E-10
40	92	0	2.97E-8	1.9008E-8	40	93	0	7.57E-7	4.8448E-7
40	94	0	1.355E-5	8.672E-6	40	95	0	1.2308E-4	7.87712E-5
40	96	0	8.9254E-4	5.71226E-4	40	97	0	0.00387873	0.00248239
40	98	0	0.0115018	0.00368059	40	99	0	0.0225719	0.00722301
40	100	0	0.0302996	0.00969587	40	101	0	0.0273337	0.00874679
40	102	0	0.0172018	0.00550459	40	103	0	0.00723675	0.00463152
40	104	0	0.00202623	0.00129679	40	105	0	3.72616E-4	2.38474E-4
40	106	0	4.10435E-5	2.62678E-5	40	107	0	1.54351E-6	9.87847E-7
40	108	0	9.99886E-8	6.39927E-8	40	109	0	6.57257E-10	4.20645E-10
40	110	0	1.59E-11	1.0176E-11	41	91	0	1.21E-14	7.744E-15
41	92	0	1.79E-12	1.1456E-12	41	93	0	1.26E-10	8.064E-11
41	93	1	1.56E-11	9.984E-12	41	94	0	5.92E-9	3.7888E-9
41	94	1	2.08E-9	1.3312E-9	41	95	0	2.1E-7	1.344E-7
41	95	1	2.59E-8	1.6576E-8	41	96	0	4.75E-6	3.04E-6
41	97	0	5.33E-5	3.4112E-5	41	97	1	6.59E-6	4.2176E-6
41	98	0	4.3485E-4	2.78304E-4	41	98	1	7.674E-5	4.91136E-5
41	99	0	2.1623E-4	1.38387E-4	41	99	1	0.00248637	0.00159128
41	100	0	0.0048129	0.00308026	41	100	1	0.0048129	0.00308026
41	101	0	0.0219132	0.00701221	41	102	1	0.0173168	0.0110827
41	102	0	0.0173168	0.0110827	41	103	0	0.0364041	0.0116493
41	104	1	0.0131613	0.00842321	41	104	0	0.0131613	0.00842321
41	105	0	0.0130094	0.004163	41	106	0	0.00408807	0.00261637
41	107	0	8.28306E-4	5.30116E-4	41	108	0	9.293E-5	5.94752E-5
41	109	0	5.76934E-6	3.69238E-6	41	110	0	1.75E-7	1.12E-7
41	111	0	8.14452E-10	5.21249E-10	41	112	0	2.5174E-11	1.61113E-11
41	113	0	1.59344E-12	1.0198E-12	42	94	0	3.04E-13	1.9456E-13
42	95	0	2.79E-11	1.7856E-11	42	96	0	1.74E-9	1.1136E-9
42	97	0	6.68E-8	4.2752E-8	42	98	0	1.76E-6	1.1264E-6
42	99	0	2.736E-5	1.75104E-5	42	100	0	2.8516E-4	1.82502E-4
42	101	0	0.00178294	0.00114108	42	102	0	0.00743666	0.00475946
42	103	0	0.0194881	0.00623621	42	104	0	0.0345111	0.0110435
42	105	0	0.0421449	0.0134864	42	106	0	0.0343591	0.0109949
42	107	0	0.0187992	0.00601574	42	108	0	0.0062183	0.00397971
42	109	0	0.00121589	7.7817E-4	42	110	0	1.2579E-4	8.05056E-5
42	111	0	7.14919E-6	4.57548E-6	42	112	0	2.20975E-7	1.41424E-7
42	113	0	1.39871E-8	8.95175E-9	43	97	1	2.07E-12	1.3248E-12
43	97	0	2.07E-12	1.3248E-12	43	98	0	3.49E-10	2.2336E-10
43	99	0	1.48E-8	9.472E-9	43	99	1	1.83E-9	1.1712E-9
43	100	0	5.39E-7	3.4496E-7	43	101	0	1.002E-5	6.4128E-6
43	102	0	6.049E-5	3.87136E-5	43	102	1	6.049E-5	3.87136E-5
43	103	0	8.6549E-4	5.53914E-4	43	104	0	0.004037	0.00258368
43	105	0	0.0124828	0.0039945	43	106	0	0.0257101	0.00822722
43	107	0	0.0353104	0.0112993	43	108	0	0.0312812	0.01001
43	109	0	0.0174481	0.00558339	43	110	0	0.00567894	0.00363452
43	111	0	0.00106159	6.79418E-4	43	112	0	1.1148E-4	7.13472E-5
43	113	0	7.50601E-6	4.80385E-6	43	114	0	8.61E-13	5.5104E-13
43	115	0	6.99024E-15	4.47375E-15	43	117	0	1.64271E-17	1.05133E-17
43	118	0	7.83905E-19	5.01699E-19	43	120	0	7.18768E-13	4.60012E-13
44	99	0	6.5E-13	4.16E-13	44	100	0	6.75E-11	4.32E-11
44	101	0	3.87E-9	2.4768E-9	44	102	0	1.43E-7	9.152E-8
44	103	0	2.98E-6	1.9072E-6	44	104	0	3.98E-5	2.5472E-5
44	105	0	3.4229E-4	2.19066E-4	44	106	0	0.00194191	0.00124282
44	107	0	0.00705911	0.00451783	44	108	0	0.0167451	0.00535844
44	109	1	0.0125569	0.00803642	44	109	0	0.0125569	0.00803642
44	110	0	0.0232787	0.00744918	44	111	0	0.0128796	0.00412146
44	112	0	0.00420872	0.00269358	44	113	0	8.7672E-4	5.61101E-4
44	114	0	2.18E-6	1.3952E-6	44	115	0	1.4E-7	8.96E-8
44	116	0	7.17E-9	4.5888E-9	44	117	0	3.29E-10	2.1056E-10
44	118	0	1.57E-11	1.0048E-11	44	119	0	6.62E-13	4.2368E-13
44	120	0	6.30928E-9	4.03794E-9	44	121	0	6.52701E-12	4.17728E-12
44	122	0	2.05E-14	1.312E-14	45	101	1	7.24E-14	4.6336E-14
45	102	0	4.68E-12	2.9952E-12	45	102	1	4.68E-12	2.9952E-12
45	103	0	4.72E-11	3.0208E-11	45	103	1	5.42E-10	3.4688E-10
45	104	0	3.53E-9	2.2592E-9	45	104	1	2.0E-8	1.28E-8
45	105	0	5.54E-7	3.5456E-7	45	105	1	4.17E-8	2.6688E-8
45	106	0	5.03E-6	3.2192E-6	45	106	1	5.03E-6	3.2192E-6
45	107	0	1.0615E-4	6.7936E-5	45	108	0	3.7184E-4	2.37978E-4
45	108	1	3.7184E-4	2.37978E-4	45	109	0	0.00161645	0.00103453
45	109	1	0.00161643	0.00103452	45	110	0	0.00435396	0.00278653
45	110	1	0.00435396	0.00278653	45	111	0	0.0136023	0.00435274
45	112	0	0.0125889	0.00402845	45	113	0	0.00731692	0.00468283
45	114	0	0.00247276	0.00158257	45	115	0	6.847E-4	4.38208E-4
45	116	0	1.4678E-4	9.39392E-5	45	117	0	2.673E-5	1.71072E-5
45	118	0	4.4E-6	2.816E-6	45	119	0	6.51E-7	4.1664E-7
45	120	0	3.37E-6	2.1568E-6	45	121	0	5.72935E-8	3.66678E-8
45	122	0	4.21E-10	2.6944E-10	45	123	0	1.26E-12	8.064E-13
46	104	0	8.93E-13	5.7152E-13	46	105	0	6.86E-11	4.3904E-11
46	106	0	3.58E-9	2.2912E-9	46	107	0	2.42E-8	1.5488E-8
46	107	1	9.1E-8	5.824E-8	46	108	0	2.56E-6	1.6384E-6
46	109	0	7.44E-6	4.7616E-6	46	109	1	2.8E-5	1.792E-5
46	110	0	3.0874E-4	1.97594E-4	46	111	0	3.1224E-4	1.99834E-4
46	111	1	0.00117462	7.51757E-4	46	112	0	0.00403847	0.00258462
46	113	0	0.00635452	0.00406689	46	114	0	0.0074131	0.00474438
46	115	0	0.00549932	0.00247469	46	116	0	0.00332218	0.0021262
46	117	0	0.00178409	0.00114182	46	118	0	8.2859E-4	5.30298E-4
46	119	0	3.6642E-4	2.34509E-4	46	120	0	1.3386E-4	8.56704E-5
46	121	0	1.31E-5	8.384E-6	46	122	0	5.58E-7	3.5712E-7
46	123	0	9.84E-9	6.2976E-9	46	130	0	1.32E-13	8.448E-14
47	106	0	1.24E-14	7.936E-15	47	106	1	5.65E-14	3.616E-14
47	107	0	5.55E-13	3.552E-13	47	107	1	6.38E-12	4.0832E-12
47	108	1	2.535E-10	1.6224E-10	47	108	0	2.535E-10	1.6224E-10
47	109	1	1.17E-8	7.488E-9	47	109	0	1.17E-8	7.488E-9
47	110	0	1.27E-7	8.128E-8	47	110	1	5.8E-7	3.712E-7
47	111	0	9.22E-7	5.9008E-7	47	111	1	1.061E-5	6.7904E-6
47	112	0	1.0222E-4	6.54208E-5	47	113	0	3.818E-5	2.44352E-5
47	113	1	4.3909E-4	2.81018E-4	47	114	0	1.3585E-4	8.6944E-5
47	115	0	1.634E-4	1.04576E-4	47	115	1	1.634E-4	1.04576E-4
47	116	0	2.7021E-4	1.72934E-4	47	116	1	2.7021E-4	1.72934E-4
47	117	0	3.4632E-4	2.21645E-4	47	117	1	3.4632E-4	2.21645E-4
47	118	0	3.3416E-4	2.13862E-4	47	118	1	3.3416E-4	2.13862E-4
47	119	0	6.0924E-4	3.89914E-4	47	120	1	2.09805E-4	1.34275E-4
47	120	0	2.09805E-4	1.34275E-4	47	121	0	2.0253E-4	1.29619E-4
47	122	1	2.245E-5	1.4368E-5	47	122	0	2.245E-5	1.4368E-5
47	123	0	4.33E-6	2.7712E-6	47	124	0	5.95E-11	3.808E-11
47	125	0	7.14E-12	4.5696E-12	47	126	0	9.28E-13	5.9392E-13
47	127	0	7.89E-14	5.0496E-14	47	129	0	3.35531E-16	2.1474E-16
47	130	0	3.71E-9	2.3744E-9	47	131	0	6.40171E-11	4.09709E-11
47	132	0	2.83634E-12	1.81526E-12	48	109	0	9.96E-13	6.3744E-13
48	110	0	1.08E-10	6.912E-11	48	111	0	8.73E-10	5.5872E-10
48	111	1	5.36E-9	3.4304E-9	48	112	0	1.93E-7	1.2352E-7
48	113	0	4.07E-7	2.6048E-7	48	113	1	2.5E-6	1.6E-6
48	114	0	2.15E-9	1.376E-9	48	115	0	3.33E-9	2.1312E-9
48	115	1	2.04E-8	1.3056E-8	48	116	0	1.63E-7	1.0432E-7
48	117	0	1.08E-7	6.912E-8	48	117	1	6.62E-7	4.2368E-7
48	118	0	2.28E-6	1.4592E-6	48	119	0	3.01E-6	1.9264E-6
48	119	1	3.01E-6	1.9264E-6	48	120	0	1.4107E-4	9.02848E-5
48	121	1	1.56215E-4	9.99776E-5	48	121	0	1.56215E-4	9.99776E-5
48	122	0	3.1096E-4	1.99014E-4	48	123	0	1.4377E-4	9.20128E-5
48	124	0	7.13E-6	4.5632E-6	48	125	0	2.75E-6	1.76E-6
48	126	0	1.16E-6	7.424E-7	48	127	0	3.48E-7	2.2272E-7
48	128	0	6.34E-8	4.0576E-8	48	129	0	6.72E-9	4.3008E-9
48	130	0	6.69E-6	4.2816E-6	48	131	0	5.61936E-7	3.59639E-7
48	132	0	2.48972E-8	1.59342E-8	48	133	0	2.46044E-10	1.57468E-10
48	134	0	6.12E-12	3.9168E-12	49	111	0	1.84E-13	1.1776E-13
49	112	0	2.25E-12	1.44E-12	49	112	1	1.82E-11	1.1648E-11
49	113	0	9.23E-10	5.9072E-10	49	113	1	1.14E-10	7.296E-11
49	117	0	3.49E-13	2.2336E-13	49	117	1	4.32E-14	2.7648E-14
49	118	2	3.055E-13	1.9552E-13	49	118	0	3.46E-12	2.2144E-12
49	118	1	3.055E-13	1.9552E-13	49	119	0	3.34E-11	2.1376E-11
49	119	1	4.13E-12	2.6432E-12	49	120	2	1.25333E-6	8.02133E-7
49	120	0	1.25333E-6	8.02133E-7	49	120	1	1.25333E-6	8.02133E-7
49	121	0	3.848E-5	2.46272E-5	49	121	1	4.76E-6	3.0464E-6
49	122	2	6.452E-5	4.12928E-5	49	122	0	6.452E-5	4.12928E-5
49	122	1	6.452E-5	4.12928E-5	49	123	0	3.4052E-4	2.17933E-4
49	123	1	4.209E-5	2.69376E-5	49	124	1	2.83E-4	1.8112E-4
49	124	0	2.83E-4	1.8112E-4	49	125	0	2.9214E-4	1.8697E-4
49	125	1	2.9214E-4	1.8697E-4	49	126	1	3.46065E-4	2.21482E-4
49	126	0	3.46065E-4	2.21482E-4	49	127	0	3.2714E-4	2.0937E-4
49	127	1	3.2714E-4	2.0937E-4	49	128	1	2.2564E-4	1.4441E-4
49	128	0	2.2564E-4	1.4441E-4	49	129	0	1.0867E-4	6.95488E-5
49	129	1	1.0867E-4	6.95488E-5	49	130	2	2.40307E-4	1.53796E-4
49	130	1	2.40307E-4	1.53796E-4	49	130	0	2.40307E-4	1.53796E-4
49	131	1	9.6695E-5	6.18848E-5	49	131	0	9.6695E-5	6.18848E-5
49	132	0	2.883E-5	1.84512E-5	49	133	0	2.15975E-6	1.38224E-6
49	134	0	8.92E-8	5.7088E-8	49	135	0	8.24704E-10	5.27811E-10
49	136	0	3.34E-11	2.1376E-11	49	137	0	1.45804E-12	9.33146E-13
50	113	1	1.18E-14	7.552E-15	50	113	0	1.18E-14	7.552E-15
50	120	0	7.49E-9	4.7936E-9	50	121	0	9.24E-8	5.9136E-8
50	121	1	4.21E-7	2.6944E-7	50	122	0	1.198E-5	7.6672E-6
50	123	0	8.949E-5	5.72736E-5	50	123	1	1.964E-5	1.25696E-5
50	124	0	2.865E-4	1.8336E-4	50	125	0	4.7925E-4	3.0672E-4
50	125	1	1.052E-4	6.7328E-5	50	126	0	0.0013655	8.7392E-4
50	127	0	0.00224751	0.00143841	50	127	1	4.9336E-4	3.1575E-4
50	128	1	0.00235523	0.00150735	50	128	0	0.00235523	0.00150735
50	129	0	0.00572311	0.00366279	50	129	1	0.00125253	8.01619E-4
50	130	1	0.00325844	0.0020854	50	130	0	0.00325844	0.0020854
50	131	1	0.00255041	0.00163226	50	131	0	0.00255041	0.00163226
50	132	0	0.00238145	0.00152413	50	133	0	5.9555E-4	3.81152E-4
50	134	0	8.48E-5	5.4272E-5	50	135	0	7.23918E-6	4.63307E-6
50	136	0	3.65E-7	2.336E-7	50	137	0	1.27985E-8	8.19107E-9
50	138	0	2.84E-10	1.8176E-10	50	139	0	8.88493E-12	5.68636E-12
51	120	0	2.19E-13	1.4016E-13	51	120	1	6.23E-13	3.9872E-13
51	121	0	3.68E-10	2.3552E-10	51	122	0	1.5E-8	9.6E-9
51	122	1	3.5E-8	2.24E-8	51	123	0	2.43E-6	1.5552E-6
51	124	2	1.3E-7	8.32E-8	51	124	0	1.3E-7	8.32E-8
51	124	1	1.3E-7	8.32E-8	51	125	0	2.25E-6	1.44E-6
51	126	2	3.05E-6	1.952E-6	51	126	0	8.09E-6	5.1776E-6
51	126	1	3.05E-6	1.952E-6	51	127	0	7.686E-5	4.91904E-5
51	128	0	2.1015E-4	1.34496E-4	51	128	1	1.5854E-4	1.01466E-4
51	129	0	0.00152897	9.78541E-4	51	130	0	0.00297836	0.00190615
51	130	1	0.00224681	0.00143796	51	131	0	0.0110106	0.00352338
51	132	0	0.00565901	0.00362177	51	132	1	0.00885128	0.00566482
51	133	0	0.0109744	0.00351181	51	134	1	0.00248527	0.00159057
51	134	0	0.00248527	0.00159057	51	135	0	0.00137029	8.76986E-4
51	136	0	2.2367E-4	1.43149E-4	51	137	0	2.458E-5	1.57312E-5
51	138	0	1.67E-6	1.0688E-6	51	139	0	7.79911E-8	4.99143E-8
51	140	0	8.97606E-10	5.74468E-10	51	141	0	5.46179E-11	3.49554E-11
51	142	0	1.74281E-12	1.1154E-12	52	121	1	8.55E-15	5.472E-15
52	121	0	8.55E-15	5.472E-15	52	122	0	1.42E-11	9.088E-12
52	123	0	5.58E-10	3.5712E-10	52	123	1	3.43E-9	2.1952E-9
52	124	0	2.95E-13	1.888E-13	52	125	0	8.21E-13	5.2544E-13
52	125	1	5.04E-12	3.2256E-12	52	126	0	1.12E-10	7.168E-11
52	127	0	3.74E-10	2.3936E-10	52	127	1	1.7E-9	1.088E-9
52	128	0	3.91E-8	2.5024E-8	52	129	0	1.29E-7	8.256E-8
52	129	1	5.86E-7	3.7504E-7	52	130	0	4.2515E-4	2.72096E-4
52	131	0	4.5701E-4	2.92486E-4	52	131	1	0.00208192	0.00133243
52	132	0	0.00934375	0.00598	52	133	0	0.00358199	0.00229247
52	133	1	0.0163181	0.00522178	52	134	0	0.0257592	0.00824296
52	135	0	0.0207563	0.00664201	52	136	0	0.0101178	0.0032377
52	137	0	0.00327759	0.00209766	52	138	0	6.5896E-4	4.21734E-4
52	139	0	8.999E-5	5.75936E-5	52	140	0	7.8791E-6	5.04263E-6
52	141	0	4.79431E-7	3.06836E-7	52	142	0	1.52983E-8	9.79089E-9
52	143	0	1.27762E-10	8.17674E-11	52	144	0	1.63604E-11	1.04706E-11
53	123	0	3.68E-13	2.3552E-13	53	129	0	1.41E-13	9.024E-14
53	130	0	1.96E-6	1.2544E-6	53	130	1	4.3E-7	2.752E-7
53	131	0	4.468E-5	2.85952E-5	53	132	1	2.5379E-4	1.62426E-4
53	132	0	2.5379E-4	1.62426E-4	53	133	1	0.00162934	0.00104277
53	133	0	0.00162934	0.00104277	53	134	0	0.00475152	0.00304097
53	134	1	0.00743317	0.00334493	53	135	0	0.0269608	0.00862744
53	136	0	0.0178376	0.00570805	53	136	1	0.017794	0.00569409
53	137	0	0.0308936	0.00988596	53	138	0	0.0168816	0.0054021
53	139	0	0.00634052	0.00405793	53	140	0	0.00157408	0.00100741
53	141	0	2.57281E-4	1.6466E-4	53	142	0	2.616E-5	1.67424E-5
53	143	0	1.12148E-6	7.17747E-7	53	144	0	1.4361E-7	9.19102E-8
53	145	0	6.23084E-10	3.98774E-10	53	146	0	2.82495E-11	1.80797E-11
53	147	0	9.04522E-12	5.78894E-12	54	130	0	9.23E-10	5.9072E-10
54	131	0	1.03E-8	6.592E-9	54	131	1	4.7E-8	3.008E-8
54	132	0	2.17E-6	1.3888E-6	54	133	0	8.38E-6	5.3632E-6
54	133	1	3.817E-5	2.44288E-5	54	134	0	1.0031E-4	6.41984E-5
54	134	1	4.5698E-4	2.92467E-4	54	135	0	6.6102E-4	4.23053E-4
54	135	1	0.0030105	0.00192672	54	136	0	0.0134806	0.00431381
54	137	0	0.0298919	0.0095654	54	138	0	0.0411832	0.0131786
54	139	0	0.0388988	0.0124476	54	140	0	0.0250693	0.00802219
54	141	0	0.0107884	0.00345227	54	142	0	0.00313393	0.00200572
54	143	1	3.00914E-4	1.92585E-4	54	143	0	3.00914E-4	1.92585E-4
54	144	0	7.70664E-5	4.93225E-5	54	145	0	5.46938E-6	3.5004E-6
54	146	0	2.47972E-7	1.58702E-7	54	147	0	7.93981E-8	5.08148E-8
54	148	0	1.23E-10	7.872E-11	54	149	0	6.03687E-12	3.86359E-12
55	131	0	4.09E-12	2.6176E-12	55	132	0	5.38E-10	3.4432E-10
55	133	0	4.06E-8	2.5984E-8	55	134	1	8.4E-7	5.376E-7
55	134	0	8.4E-7	5.376E-7	55	135	1	1.8095E-5	1.15808E-5
55	135	0	1.8095E-5	1.15808E-5	55	136	1	2.0428E-4	1.30739E-4
55	136	0	2.0428E-4	1.30739E-4	55	137	0	0.00254088	0.00162616
55	138	0	0.0046138	0.00295283	55	138	1	0.00461492	0.00295355
55	139	0	0.0215975	0.00691119	55	140	0	0.0341135	0.0109163
55	141	0	0.0354439	0.0113421	55	142	0	0.0267949	0.00857438
55	143	0	0.0136031	0.004353	55	144	0	0.00489634	0.00313366
55	145	0	0.00103436	6.6199E-4	55	146	0	1.4382E-4	9.20448E-5
55	147	0	4.2608E-5	2.72691E-5	55	148	0	7.05E-7	4.512E-7
55	149	0	5.29911E-8	3.39143E-8	55	150	0	5.22E-10	3.3408E-10
55	151	0	1.20377E-11	7.70413E-12	55	152	0	2.77939E-13	1.77881E-13
56	133	0	2.3E-12	1.472E-12	56	134	0	3.4E-10	2.176E-10
56	135	1	1.26E-8	8.064E-9	56	135	0	1.26E-8	8.064E-9
56	136	1	4.67E-7	2.9888E-7	56	136	0	4.67E-7	2.9888E-7
56	137	0	3.21E-6	2.0544E-6	56	137	1	1.46E-5	9.344E-6
56	138	0	1.8537E-4	1.18637E-4	56	139	0	0.00117886	7.5447E-4
56	140	0	0.00487297	0.0031187	56	141	0	0.0124873	0.00399593
56	142	0	0.0237833	0.00761066	56	143	0	0.0296378	0.0094841
56	144	0	0.027288	0.00873215	56	145	0	0.0156777	0.00501685
56	146	0	0.00617786	0.00395383	56	147	0	0.00157792	0.00100987
56	148	0	2.702E-4	1.72928E-4	56	149	0	2.8437E-5	1.81997E-5
56	150	0	1.95E-6	1.248E-6	56	151	0	1.05666E-7	6.76262E-8
56	152	0	2.43972E-9	1.56142E-9	56	153	0	2.82495E-11	1.80797E-11
56	154	0	4.88E-13	3.1232E-13	57	135	0	9.62E-13	6.1568E-13
57	137	0	7.31E-9	4.6784E-9	57	138	0	2.32E-7	1.4848E-7
57	139	0	4.3E-6	2.752E-6	57	140	0	5.064E-5	3.24096E-5
57	141	0	3.5041E-4	2.24262E-4	57	142	0	0.00183345	0.00117341
57	143	0	0.00588069	0.00376364	57	144	0	0.0138038	0.00441723
57	145	0	0.0203692	0.00651814	57	146	1	0.0103895	0.00664931
57	146	0	0.0103895	0.00664931	57	147	0	0.0145523	0.00465673
57	148	0	0.00674891	0.0043193	57	149	0	0.00206085	0.00131894
57	150	0	4.2252E-4	2.70413E-4	57	151	0	5.67043E-5	3.62908E-5
57	152	0	4.79E-6	3.0656E-6	57	153	0	2.47972E-7	1.58702E-7
57	154	0	8.94E-9	5.7216E-9	57	155	0	8.30399E-11	5.31456E-11
57	156	0	3.36033E-12	2.15061E-12	57	157	0	9.31779E-14	5.96338E-14
58	137	0	1.92E-13	1.2288E-13	58	138	0	1.9E-11	1.216E-11
58	139	0	1.91E-10	1.2224E-10	58	139	1	8.69E-10	5.5616E-10
58	140	0	3.72E-8	2.3808E-8	58	141	0	7.38E-7	4.7232E-7
58	142	0	1.147E-5	7.3408E-6	58	143	0	1.0365E-4	6.6336E-5
58	144	0	6.819E-4	4.36416E-4	58	145	0	0.00277202	0.00177409
58	146	0	0.00749347	0.00479582	58	147	0	0.01354	0.0043328
58	148	0	0.0161461	0.00516677	58	149	0	0.0129647	0.00414871
58	150	0	0.00725796	0.0046451	58	151	0	0.00270723	0.00173263
58	152	0	6.5641E-4	4.20102E-4	58	153	0	1.0049E-4	6.43136E-5
58	154	0	1.061E-5	6.7904E-6	58	155	0	7.28917E-7	4.66507E-7
58	156	0	2.94966E-8	1.88779E-8	58	157	0	8.17907E-10	5.2346E-10
58	158	0	1.39E-11	8.896E-12	58	159	0	3.23503E-13	2.07042E-13
59	139	0	1.41E-14	9.024E-15	59	140	0	1.51E-12	9.664E-13
59	141	0	8.89E-11	5.6896E-11	59	142	1	2.105E-9	1.3472E-9
59	142	0	2.105E-9	1.3472E-9	59	143	0	1.13E-7	7.232E-8
59	144	0	1.31E-7	8.384E-8	59	144	1	2.05E-6	1.312E-6
59	145	0	2.732E-5	1.74848E-5	59	146	0	2.1574E-4	1.38074E-4
59	147	0	0.00109524	7.00954E-4	59	148	1	0.00176011	0.00112647
59	148	0	0.00176011	0.00112647	59	149	0	0.00735942	0.00471003
59	150	0	0.0105762	0.00338439	59	151	0	0.0100051	0.00320162
59	152	0	0.00634322	0.00405966	59	153	0	0.00264114	0.00169033
59	154	0	7.6723E-4	4.91027E-4	59	155	0	1.5363E-4	9.83232E-5
59	156	0	1.808E-5	1.15712E-5	59	157	0	1.48E-6	9.472E-7
59	158	0	7.53E-8	4.8192E-8	59	159	0	2.83968E-9	1.81739E-9
59	160	0	6.05E-11	3.872E-11	59	161	0	9.08997E-13	5.81758E-13
59	162	0	2.80217E-14	1.79339E-14	60	142	0	9.85E-14	6.304E-14
60	143	0	8.02E-12	5.1328E-12	60	144	0	4.8E-10	3.072E-10
60	145	0	1.9E-8	1.216E-8	60	146	0	4.67E-7	2.9888E-7
60	147	0	7.23E-6	4.6272E-6	60	148	0	6.888E-5	4.40832E-5
60	149	0	4.1187E-4	2.63597E-4	60	150	0	0.00162411	0.00103943
60	151	0	0.00396103	0.00253506	60	152	0	0.00632299	0.00404671
60	153	0	0.00662106	0.00423748	60	154	0	0.00482662	0.00308904
60	155	0	0.00257384	0.00164726	60	156	0	8.178E-4	5.23392E-4
60	157	0	1.8699E-4	1.19674E-4	60	158	0	2.731E-5	1.74784E-5
60	159	0	2.93E-6	1.8752E-6	60	160	0	1.86E-7	1.1904E-7
60	161	0	7.97909E-9	5.10662E-9	60	162	0	2.45972E-10	1.57422E-10
60	163	0	4.65E-12	2.976E-12	60	164	0	5.66E-14	3.6224E-14
61	145	0	7.26E-13	4.6464E-13	61	146	0	5.71E-11	3.6544E-11
61	147	0	2.81E-9	1.7984E-9	61	148	0	1.51E-8	9.664E-9
61	148	1	6.87E-8	4.3968E-8	61	149	0	1.54E-6	9.856E-7
61	150	0	1.827E-5	1.16928E-5	61	151	0	1.2636E-4	8.08704E-5
61	152	2	1.83567E-4	1.17483E-4	61	152	0	1.83567E-4	1.17483E-4
61	152	1	1.83567E-4	1.17483E-4	61	153	0	0.00151317	9.68429E-4
61	154	0	0.00136987	8.76717E-4	61	154	1	0.00136987	8.76717E-4
61	155	0	0.00364818	0.00233484	61	156	0	0.00288318	0.00184524
61	157	0	0.00167912	0.00107464	61	158	0	6.4826E-4	4.14886E-4
61	159	0	1.8605E-4	1.19072E-4	61	160	0	3.326E-5	2.12864E-5
61	161	0	4.03E-6	2.5792E-6	61	162	0	3.47E-7	2.2208E-7
61	163	0	1.9E-8	1.216E-8	61	164	0	6.77E-10	4.3328E-10
61	165	0	1.53E-11	9.792E-12	61	166	0	1.69725E-13	1.08624E-13
61	167	0	5.2854E-15	3.38265E-15	62	147	0	6.95E-14	4.448E-14
62	148	0	6.67E-12	4.2688E-12	62	149	0	3.91E-10	2.5024E-10
62	150	0	1.46E-8	9.344E-9	62	151	0	3.05E-7	1.952E-7
62	152	0	3.94E-6	2.5216E-6	62	153	0	3.119E-5	1.99616E-5
62	154	0	1.5333E-4	9.81312E-5	62	155	0	5.4942E-4	3.51629E-4
62	156	0	0.00108945	6.97248E-4	62	157	0	0.00156231	9.99879E-4
62	158	0	0.001481	9.4784E-4	62	159	0	0.00103841	6.64582E-4
62	160	0	4.7986E-4	3.0711E-4	62	161	0	1.5212E-4	9.73568E-5
62	162	0	3.449E-5	2.20736E-5	62	163	0	5.24E-6	3.3536E-6
62	164	0	5.3E-7	3.392E-7	62	165	0	3.46E-8	2.2144E-8
62	166	0	1.48983E-9	9.53492E-10	62	167	0	4.63947E-11	2.96926E-11
62	168	0	8.22E-13	5.2608E-13	62	169	0	9.63673E-15	6.16751E-15
63	151	0	4.18E-11	2.6752E-11	63	152	2	5.54667E-10	3.54987E-10
63	152	0	5.54667E-10	3.54987E-10	63	152	1	5.54667E-10	3.54987E-10
63	153	0	4.01E-8	2.5664E-8	63	154	1	2.87E-7	1.8368E-7
63	154	0	2.87E-7	1.8368E-7	63	155	0	6.02E-6	3.8528E-6
63	156	0	3.302E-5	2.11328E-5	63	157	0	1.2637E-4	8.08768E-5
63	158	0	3.0785E-4	1.97024E-4	63	159	0	5.2516E-4	3.36102E-4
63	160	0	5.9523E-4	3.80947E-4	63	161	0	4.5501E-4	2.91206E-4
63	162	0	2.4883E-4	1.59251E-4	63	163	0	9.668E-5	6.18752E-5
63	164	0	2.588E-5	1.65632E-5	63	165	0	4.61E-6	2.9504E-6
63	166	0	5.56E-7	3.5584E-7	63	167	0	4.8E-8	3.072E-8
63	168	0	2.46E-9	1.5744E-9	63	169	0	8.45904E-11	5.41378E-11
63	170	0	2.04E-12	1.3056E-12	63	171	0	1.77699E-14	1.13727E-14
63	172	0	5.08036E-16	3.25143E-16	64	152	0	4.49E-14	2.8736E-14
64	153	0	3.38E-12	2.1632E-12	64	154	0	1.46E-10	9.344E-11
64	155	0	4.53E-9	2.8992E-9	64	156	0	7.55E-8	4.832E-8
64	157	0	8.34E-7	5.3376E-7	64	158	0	5.72E-6	3.6608E-6
64	159	0	2.591E-5	1.65824E-5	64	160	0	7.716E-5	4.93824E-5
64	161	0	1.4596E-4	9.34144E-5	64	162	0	1.8825E-4	1.2048E-4
64	163	0	1.7526E-4	1.12166E-4	64	164	0	1.1389E-4	7.28896E-5
64	165	0	5.07E-5	3.2448E-5	64	166	0	1.583E-5	1.01312E-5
64	167	0	3.57E-6	2.2848E-6	64	168	0	5.05E-7	3.232E-7
64	169	0	4.89E-8	3.1296E-8	64	170	0	3.38E-9	2.1632E-9
64	171	0	1.55982E-10	9.98286E-11	64	172	0	4.45949E-12	2.85408E-12
65	155	0	1.94E-13	1.2416E-13	65	156	0	9.19E-12	5.8816E-12
65	156	1	5.86E-13	3.7504E-13	65	157	0	3.24E-10	2.0736E-10
65	158	0	6.18E-9	3.9552E-9	65	158	1	3.95E-10	2.528E-10
65	159	0	8.47E-8	5.4208E-8	65	160	0	7.21E-7	4.6144E-7
65	161	0	3.69E-6	2.3616E-6	65	162	0	6.09E-6	3.8976E-6
65	162	1	6.09E-6	3.8976E-6	65	163	0	2.87E-5	1.8368E-5
65	164	0	4.568E-5	2.92352E-5	65	165	0	4.885E-5	3.1264E-5
65	166	0	3.663E-5	2.34432E-5	65	167	0	1.977E-5	1.26528E-5
65	168	0	7.06E-6	4.5184E-6	65	169	0	1.79E-6	1.1456E-6
65	170	0	3.36E-7	2.1504E-7	65	171	0	4.21E-8	2.6944E-8
65	172	0	3.41E-9	2.1824E-9	66	158	0	4.95E-13	3.168E-13
66	159	0	1.87E-11	1.1968E-11	66	160	0	4.74E-10	3.0336E-10
66	161	0	6.97E-9	4.4608E-9	66	162	0	6.31E-8	4.0384E-8
66	163	0	4.1E-7	2.624E-7	66	164	0	1.75E-6	1.12E-6
66	165	0	4.5E-6	2.88E-6	66	165	1	3.39E-7	2.1696E-7
66	166	0	9.07E-6	5.8048E-6	66	167	0	1.161E-5	7.4304E-6
66	168	0	9.94E-6	6.3616E-6	66	169	0	6.09E-6	3.8976E-6
66	170	0	2.82E-6	1.8048E-6	66	171	0	8.84E-7	5.6576E-7
66	172	0	1.9E-7	1.216E-7	67	161	0	6.88E-13	4.4032E-13
67	161	1	5.18E-14	3.3152E-14	67	162	0	3.42E-12	2.1888E-12
67	162	1	1.56E-11	9.984E-12	67	163	0	3.32E-10	2.1248E-10
67	163	1	2.5E-11	1.6E-11	67	164	0	7.83E-10	5.0112E-10
67	164	1	3.57E-9	2.2848E-9	67	165	0	3.37E-8	2.1568E-8
67	166	0	3.11E-8	1.9904E-8	67	166	1	1.41E-7	9.024E-8
67	167	0	5.7E-7	3.648E-7	67	168	0	1.25E-6	8.0E-7
67	169	0	1.89E-6	1.2096E-6	67	170	0	1.06E-6	6.784E-7
67	170	1	1.06E-6	6.784E-7	67	171	0	1.55E-6	9.92E-7
67	172	0	8.08E-7	5.1712E-7	68	163	0	2.02E-14	1.2928E-14
68	164	0	7.23E-13	4.6272E-13	68	165	0	1.63E-11	1.0432E-11
68	166	0	2.4E-10	1.536E-10	68	167	0	2.04E-9	1.3056E-9
68	167	1	1.53E-10	9.792E-11	68	168	0	1.33E-8	8.512E-9
68	169	0	5.46E-8	3.4944E-8	68	170	0	1.6E-7	1.024E-7
68	171	0	2.88E-7	1.8432E-7	68	172	0	3.68E-7	2.3552E-7
69	166	0	1.87E-14	1.1968E-14	69	167	0	4.85E-13	3.104E-13
69	168	0	8.56E-12	5.4784E-12	69	169	0	1.0E-10	6.4E-11
69	170	0	8.27E-10	5.2928E-10	69	171	0	4.0E-9	2.56E-9
69	172	0	1.37E-8	8.768E-9	70	169	0	1.14E-14	7.296E-15
70	170	0	2.94E-13	1.8816E-13	70	171	0	4.0E-12	2.56E-12
70	172	0	3.89E-11	2.4896E-11