Z	A	FPS	Yield	Uncertainty	Z	A	FPS	Yield	Uncertainty
23	66	0	3.20261E-17	2.04967E-17	23	67	0	2.79392E-17	1.78811E-17
24	66	0	1.37997E-12	8.83181E-13	24	67	0	8.90973E-13	5.70223E-13
24	68	0	1.89E-14	1.2096E-14	24	69	0	7.98595E-16	5.11101E-16
25	66	0	8.70001E-10	5.56801E-10	25	67	0	2.04E-9	1.3056E-9
25	68	0	1.24E-10	7.93601E-11	25	69	0	1.17992E-11	7.5515E-12
25	70	0	3.2E-13	2.048E-13	25	71	0	1.01E-14	6.46401E-15
25	72	0	2.10258E-16	1.34565E-16	26	66	0	5.27001E-8	3.37281E-8
26	67	0	3.27001E-7	2.0928E-7	26	68	0	6.96001E-8	4.45441E-8
26	69	0	1.84E-8	1.1776E-8	26	70	0	1.83E-9	1.1712E-9
26	71	0	1.6E-10	1.024E-10	26	72	0	9.0598E-12	5.79827E-12
26	73	0	2.88E-13	1.8432E-13	26	75	0	3.4854E-16	2.23065E-16
27	66	0	1.2E-7	7.68001E-8	27	67	0	2.24E-6	1.4336E-6
27	68	0	1.18E-6	7.55201E-7	27	69	0	1.03E-6	6.59201E-7
27	70	0	2.73E-7	1.7472E-7	27	71	0	8.21001E-8	5.25441E-8
27	72	0	1.31E-8	8.38401E-9	27	73	0	1.52E-9	9.72801E-10
27	74	0	9.73001E-11	6.22721E-11	27	75	0	5.14966E-12	3.29578E-12
27	76	0	1.45E-13	9.28001E-14	27	77	0	3.26114E-15	2.08713E-15
28	66	0	4.13001E-8	2.6432E-8	28	67	0	1.77E-6	1.1328E-6
28	68	0	2.69E-6	1.7216E-6	28	69	0	5.42001E-6	3.46881E-6
28	70	0	4.40001E-6	2.816E-6	28	71	0	3.23E-6	2.0672E-6
28	72	0	1.72E-6	1.1008E-6	28	73	0	5.41001E-7	3.46241E-7
28	74	0	1.23E-7	7.87201E-8	28	75	0	1.85E-8	1.184E-8
28	76	0	1.91E-9	1.2224E-9	28	77	0	1.03997E-10	6.6558E-11
28	78	0	4.77001E-12	3.0528E-12	28	79	0	9.74557E-14	6.23717E-14
29	66	0	5.18001E-10	3.31521E-10	29	67	0	7.28001E-8	4.65921E-8
29	68	0	8.15001E-8	5.21601E-8	29	68	1	1.9E-7	1.216E-7
29	69	0	1.64E-6	1.0496E-6	29	70	0	7.58001E-7	4.85121E-7
29	70	1	2.28E-6	1.4592E-6	29	71	0	6.30001E-6	4.03201E-6
29	72	0	7.82001E-6	5.00481E-6	29	73	0	7.64001E-6	4.88961E-6
29	74	0	4.44001E-6	2.8416E-6	29	75	0	2.26E-6	1.4464E-6
29	76	0	6.41001E-7	4.10241E-7	29	77	0	1.25E-7	8.00001E-8
29	78	0	1.63E-8	1.0432E-8	29	79	0	1.4399E-9	9.21539E-10
29	80	0	7.43001E-11	4.75521E-11	29	81	0	3.03E-12	1.9392E-12
29	82	0	6.42001E-14	4.10881E-14	29	83	0	2.6779E-15	1.71386E-15
30	66	0	6.11001E-13	3.91041E-13	30	67	0	2.4E-10	1.536E-10
30	68	0	3.12E-9	1.9968E-9	30	69	0	9.42001E-9	6.02881E-9
30	69	1	4.02001E-8	2.5728E-8	30	70	0	2.96E-7	1.8944E-7
30	71	0	2.75E-7	1.76E-7	30	71	1	1.17E-6	7.48801E-7
30	72	0	5.30001E-6	3.39201E-6	30	73	0	1.177E-5	7.53281E-6
30	74	0	1.999E-5	1.27936E-5	30	75	0	2.407E-5	1.54048E-5
30	76	0	2.156E-5	1.37984E-5	30	77	0	1.089E-5	6.96961E-6
30	78	0	4.88001E-6	3.1232E-6	30	79	0	1.19E-6	7.61601E-7
30	80	0	2.22E-7	1.4208E-7	30	81	0	2.59E-8	1.6576E-8
30	82	0	2.03E-9	1.2992E-9	30	83	0	8.53975E-11	5.46544E-11
30	84	0	1.92E-12	1.2288E-12	30	85	0	8.12131E-14	5.19764E-14
31	67	0	2.58E-14	1.6512E-14	31	68	0	9.63001E-13	6.16321E-13
31	69	0	5.53001E-11	3.53921E-11	31	70	0	9.15001E-10	5.85601E-10
31	71	0	1.49E-8	9.53601E-9	31	72	1	7.15001E-8	4.57601E-8
31	72	0	7.15001E-8	4.57601E-8	31	73	0	1.0E-6	6.40001E-7
31	74	1	2.025E-6	1.296E-6	31	74	0	2.025E-6	1.296E-6
31	75	0	1.428E-5	9.13921E-6	31	76	0	2.902E-5	1.85728E-5
31	77	0	4.32201E-5	2.76608E-5	31	78	0	4.66001E-5	2.9824E-5
31	79	0	3.65701E-5	2.34048E-5	31	80	0	1.79E-5	1.1456E-5
31	81	0	7.25001E-6	4.64001E-6	31	82	0	1.59E-6	1.0176E-6
31	83	0	2.42E-7	1.5488E-7	31	84	0	1.57E-8	1.0048E-8
31	85	0	1.19992E-9	7.67949E-10	31	86	0	3.22E-11	2.0608E-11
31	87	0	5.80107E-13	3.71269E-13	31	88	0	1.7684E-14	1.13178E-14
32	70	0	2.47E-13	1.5808E-13	32	71	0	5.57001E-12	3.56481E-12
32	71	1	5.57001E-12	3.56481E-12	32	72	0	3.82001E-10	2.4448E-10
32	73	0	5.99001E-9	3.83361E-9	32	73	1	1.4E-9	8.96001E-10
32	74	0	1.01E-7	6.46401E-8	32	75	0	1.19E-7	7.61601E-8
32	75	1	7.96001E-7	5.09441E-7	32	76	0	5.80001E-6	3.71201E-6
32	77	0	1.759E-5	1.12576E-5	32	77	1	2.63E-6	1.6832E-6
32	78	0	6.33401E-5	4.05377E-5	32	79	1	5.66151E-5	3.62337E-5
32	79	0	5.66151E-5	3.62337E-5	32	80	0	1.6557E-4	1.05965E-4
32	81	0	1.6405E-4	1.04992E-4	32	82	0	1.1736E-4	7.51105E-5
32	83	0	4.77401E-5	3.05536E-5	32	84	0	1.083E-5	6.93121E-6
32	85	0	2.4E-6	1.536E-6	32	86	0	2.35E-7	1.504E-7
32	87	0	1.84994E-8	1.18396E-8	32	88	0	7.61983E-10	4.87669E-10
32	89	0	1.07607E-11	6.88687E-12	32	90	0	6.02251E-13	3.85441E-13
33	72	0	2.58E-14	1.6512E-14	33	73	0	1.84E-12	1.1776E-12
33	74	0	2.15E-11	1.376E-11	33	74	1	5.01001E-11	3.2064E-11
33	75	0	2.3E-9	1.472E-9	33	76	0	3.97001E-8	2.5408E-8
33	77	0	4.64001E-7	2.9696E-7	33	78	0	3.66001E-6	2.3424E-6
33	79	0	2.007E-5	1.28448E-5	33	80	0	6.78101E-5	4.33985E-5
33	81	0	1.9458E-4	1.24531E-4	33	82	0	1.5972E-4	1.02221E-4
33	82	1	1.5972E-4	1.02221E-4	33	83	0	3.93921E-4	2.52109E-4
33	84	1	1.1121E-4	7.11745E-5	33	84	0	1.1121E-4	7.11745E-5
33	85	0	1.6831E-4	1.07719E-4	33	86	0	4.46101E-5	2.85504E-5
33	87	0	1.284E-5	8.21761E-6	33	88	0	1.54E-6	9.85602E-7
33	89	0	1.58989E-7	1.01753E-7	33	90	0	6.58551E-9	4.21473E-9
33	91	0	3.38657E-11	2.16741E-11	33	92	0	1.82178E-12	1.16594E-12
33	93	0	2.79127E-13	1.78641E-13	34	75	0	3.90001E-13	2.496E-13
34	76	0	2.46E-11	1.5744E-11	34	77	0	1.06E-10	6.78401E-11
34	77	1	7.07001E-10	4.52481E-10	34	78	0	2.26E-8	1.4464E-8
34	79	0	2.9E-7	1.856E-7	34	79	1	4.34001E-8	2.7776E-8
34	80	0	3.73001E-6	2.3872E-6	34	81	0	3.44001E-6	2.2016E-6
34	81	1	2.303E-5	1.47392E-5	34	82	0	1.3112E-4	8.39169E-5
34	83	0	2.9975E-4	1.9184E-4	34	83	1	7.03101E-5	4.49985E-5
34	84	0	6.05551E-4	3.87553E-4	34	85	0	5.45311E-4	3.48999E-4
34	85	1	5.45311E-4	3.48999E-4	34	86	0	8.91961E-4	5.70855E-4
34	87	0	6.69241E-4	4.28314E-4	34	88	0	2.7927E-4	1.78733E-4
34	89	0	8.37501E-5	5.36001E-5	34	90	0	1.28834E-5	8.2454E-6
34	91	0	1.07997E-6	6.91179E-7	34	92	0	7.84983E-8	5.02389E-8
34	93	0	8.90126E-9	5.69681E-9	34	94	0	6.02001E-11	3.85281E-11
34	95	0	1.77373E-12	1.13519E-12	35	77	0	1.05E-14	6.72001E-15
35	77	1	3.50001E-14	2.24E-14	35	78	0	3.66001E-12	2.3424E-12
35	79	0	4.52001E-11	2.8928E-11	35	79	1	1.51E-10	9.66401E-11
35	80	0	1.54E-9	9.85602E-10	35	80	1	4.61001E-9	2.9504E-9
35	81	0	1.53E-7	9.79201E-8	35	82	0	1.41E-6	9.02401E-7
35	82	1	6.03001E-7	3.85921E-7	35	83	0	1.843E-5	1.17952E-5
35	84	0	2.641E-5	1.69024E-5	35	84	1	4.69601E-5	3.00544E-5
35	85	0	4.02991E-4	2.57914E-4	35	86	0	3.74741E-4	2.39834E-4
35	86	1	3.74741E-4	2.39834E-4	35	87	0	0.00167924	0.00107472
35	88	0	0.00169358	0.00108389	35	89	0	0.00169065	0.00108202
35	90	0	6.93151E-4	4.43617E-4	35	91	0	2.1229E-4	1.35866E-4
35	92	0	4.52801E-5	2.89792E-5	35	93	0	5.97111E-6	3.82151E-6
35	94	0	4.08001E-7	2.6112E-7	35	95	0	2.62068E-8	1.67724E-8
35	96	0	5.58001E-10	3.57121E-10	35	97	0	5.64429E-12	3.61234E-12
35	98	0	2.00047E-13	1.2803E-13	36	80	0	8.63001E-13	5.52321E-13
36	81	0	5.36001E-11	3.43041E-11	36	81	1	8.01001E-12	5.12641E-12
36	82	0	2.93E-9	1.8752E-9	36	83	0	6.07001E-8	3.88481E-8
36	83	1	1.42E-8	9.08801E-9	36	84	0	1.03E-6	6.59201E-7
36	85	0	1.237E-5	7.91681E-6	36	85	1	2.9E-6	1.856E-6
36	86	0	9.06701E-5	5.80289E-5	36	87	0	4.98071E-4	3.18765E-4
36	88	0	0.00148972	9.53422E-4	36	89	0	0.00356079	0.0022789
36	90	0	0.00444776	0.00284656	36	91	0	0.00345914	0.00221385
36	92	0	0.00251925	0.00161232	36	93	0	9.32041E-4	5.96507E-4
36	94	0	2.3529E-4	1.50586E-4	36	95	0	3.79438E-5	2.42841E-5
36	96	0	3.72001E-6	2.3808E-6	36	97	0	1.79995E-7	1.15197E-7
36	98	0	8.61981E-9	5.51668E-9	36	99	0	3.13885E-11	2.00887E-11
36	100	0	2.29E-12	1.4656E-12	37	83	0	1.0E-11	6.40001E-12
37	84	0	3.96001E-10	2.5344E-10	37	85	0	2.17E-8	1.3888E-8
37	86	1	1.775E-7	1.136E-7	37	86	0	1.775E-7	1.136E-7
37	87	0	6.86001E-6	4.39041E-6	37	88	0	5.50801E-5	3.52513E-5
37	89	0	4.32301E-4	2.76672E-4	37	90	0	2.4454E-4	1.56506E-4
37	90	1	0.00104216	6.66983E-4	37	91	0	0.00305278	0.00195378
37	92	0	0.00531997	0.00340478	37	93	0	0.00622094	0.0039814
37	94	0	0.0040904	0.00261785	37	95	0	0.00230645	0.00147613
37	96	0	6.44651E-4	4.12577E-4	37	97	0	1.1748E-4	7.51873E-5
37	98	0	1.639E-5	1.04896E-5	37	99	0	4.63764E-7	2.96809E-7
37	100	0	5.26001E-8	3.36641E-8	37	101	0	2.64341E-10	1.69178E-10
37	102	0	1.16501E-11	7.45605E-12	37	103	0	1.57114E-12	1.00553E-12
38	84	0	1.24E-14	7.93601E-15	38	85	1	1.02E-12	6.52801E-13
38	85	0	1.02E-12	6.52801E-13	38	86	0	1.23E-10	7.87201E-11
38	87	0	5.63001E-9	3.60321E-9	38	87	1	1.32E-9	8.44801E-10
38	88	0	2.05E-7	1.312E-7	38	89	0	4.66001E-6	2.9824E-6
38	90	0	4.78801E-5	3.06432E-5	38	91	0	3.0183E-4	1.93171E-4
38	92	0	0.00169184	0.00108278	38	93	0	0.00475811	0.00304519
38	94	0	0.00954227	0.00610706	38	95	0	0.0131119	0.0041958
38	96	0	0.011876	0.00380031	38	97	0	0.00578681	0.00370356
38	98	0	0.00280136	0.00179287	38	99	0	6.71467E-4	4.29739E-4
38	100	0	9.90802E-5	6.34113E-5	38	101	0	8.42975E-6	5.39504E-6
38	102	0	5.01989E-7	3.21273E-7	38	103	0	5.01031E-8	3.2066E-8
38	104	0	2.8E-10	1.792E-10	38	105	0	5.73227E-12	3.66866E-12
39	87	0	2.21E-13	1.4144E-13	39	88	0	1.96E-11	1.2544E-11
39	89	0	3.28001E-10	2.0992E-10	39	89	1	1.4E-9	8.96001E-10
39	90	1	2.59E-8	1.6576E-8	39	90	0	2.59E-8	1.6576E-8
39	91	1	6.10001E-7	3.90401E-7	39	91	0	6.10001E-7	3.90401E-7
39	92	0	1.951E-5	1.24864E-5	39	93	1	9.59701E-5	6.14209E-5
39	93	0	9.59701E-5	6.14209E-5	39	94	0	9.93862E-4	6.36071E-4
39	95	0	0.00427951	0.00273888	39	96	0	9.27321E-4	5.93486E-4
39	96	1	0.00834572	0.00534126	39	97	1	0.00690609	0.0044199
39	97	0	0.00690609	0.0044199	39	98	0	0.00806701	0.00516289
39	98	1	0.00806658	0.00516261	39	99	0	0.0128375	0.00410801
39	100	0	0.00517695	0.00331325	39	101	0	0.00165072	0.00105646
39	102	0	2.8948E-4	1.85267E-4	39	103	0	3.36099E-5	2.15104E-5
39	104	0	1.9E-6	1.216E-6	39	105	0	8.46941E-8	5.42043E-8
39	106	0	2.2163E-10	1.41843E-10	39	107	0	1.38093E-11	8.83795E-12
39	108	0	2.48319E-13	1.58924E-13	40	89	0	4.09001E-14	2.6176E-14
40	90	1	2.345E-12	1.5008E-12	40	90	0	2.345E-12	1.5008E-12
40	91	0	3.40001E-10	2.176E-10	40	92	0	2.1E-8	1.344E-8
40	93	0	6.15001E-7	3.93601E-7	40	94	0	1.175E-5	7.52001E-6
40	95	0	1.4105E-4	9.02721E-5	40	96	0	0.00103527	6.62574E-4
40	97	0	0.00388255	0.00248483	40	98	0	0.0136739	0.00437566
40	99	0	0.0259811	0.00831396	40	100	0	0.0324635	0.0103883
40	101	0	0.0269467	0.00862295	40	102	0	0.0161077	0.00515447
40	103	0	0.00524308	0.00335557	40	104	0	0.00109441	7.00423E-4
40	105	0	1.22625E-4	7.84803E-5	40	106	0	9.54979E-6	6.11187E-6
40	107	0	4.40374E-7	2.81839E-7	40	108	0	1.06998E-8	6.84785E-9
40	109	0	8.12131E-11	5.19764E-11	40	110	0	1.3E-12	8.32001E-13
41	92	0	5.56001E-13	3.55841E-13	41	93	0	5.19001E-11	3.32161E-11
41	93	1	1.22E-11	7.80801E-12	41	94	0	2.21E-9	1.4144E-9
41	94	1	1.53E-9	9.79201E-10	41	95	0	1.4E-7	8.96001E-8
41	95	1	3.27001E-8	2.0928E-8	41	96	0	3.71001E-6	2.3744E-6
41	97	0	4.10001E-5	2.624E-5	41	97	1	9.62001E-6	6.15681E-6
41	98	0	3.54101E-4	2.26624E-4	41	98	1	1.1803E-4	7.55393E-5
41	99	0	2.3706E-4	1.51719E-4	41	99	1	0.00272601	0.00174465
41	100	0	0.00456805	0.00292355	41	100	1	0.00456805	0.00292355
41	101	0	0.0237452	0.00759846	41	102	1	0.017017	0.0108909
41	102	0	0.017017	0.0108909	41	103	0	0.035016	0.0112051
41	104	1	0.0095146	0.00608935	41	104	0	0.0095146	0.00608935
41	105	0	0.00767106	0.00490948	41	106	0	0.00175777	0.00112497
41	107	0	2.9541E-4	1.89062E-4	41	108	0	2.293E-5	1.46752E-5
41	109	0	1.19992E-6	7.67949E-7	41	110	0	3.48001E-8	2.2272E-8
41	111	0	1.47065E-10	9.41216E-11	41	112	0	5.0592E-12	3.23789E-12
41	113	0	2.54855E-13	1.63107E-13	42	94	0	9.68001E-14	6.19521E-14
42	95	0	1.38E-11	8.83201E-12	42	96	0	1.17E-9	7.48801E-10
42	97	0	4.83001E-8	3.0912E-8	42	98	0	1.66E-6	1.0624E-6
42	99	0	3.011E-5	1.92704E-5	42	100	0	3.30451E-4	2.11488E-4
42	101	0	0.00234697	0.00150206	42	102	0	0.0108298	0.00346552
42	103	0	0.026976	0.0086323	42	104	0	0.0445731	0.0142634
42	105	0	0.04483	0.0143456	42	106	0	0.034209	0.0109469
42	107	0	0.0154223	0.00493513	42	108	0	0.00440481	0.00281908
42	109	0	6.90171E-4	4.41709E-4	42	110	0	7.63701E-5	4.88769E-5
42	111	0	4.68986E-6	3.00151E-6	42	112	0	2.17995E-7	1.39517E-7
42	113	0	8.12724E-9	5.20143E-9	43	97	1	7.20001E-13	4.60801E-13
43	97	0	7.20001E-13	4.60801E-13	43	98	0	1.48E-10	9.47201E-11
43	99	0	8.51001E-9	5.44641E-9	43	99	1	2.0E-9	1.28E-9
43	100	0	3.47001E-7	2.2208E-7	43	101	0	9.51001E-6	6.08641E-6
43	102	0	6.23601E-5	3.99105E-5	43	102	1	6.23601E-5	3.99105E-5
43	103	0	0.00107974	6.91035E-4	43	104	0	0.00462237	0.00295831
43	105	0	0.014986	0.00479551	43	106	0	0.0280419	0.0089734
43	107	0	0.0387114	0.0123876	43	108	0	0.0281879	0.00902012
43	109	0	0.0151422	0.00484552	43	110	0	0.0046088	0.00294963
43	111	0	0.0010655	6.81921E-4	43	112	0	1.4648E-4	9.37473E-5
43	113	0	5.45188E-6	3.4892E-6	43	114	0	1.04E-12	6.65601E-13
43	115	0	6.79724E-15	4.35023E-15	43	117	0	1.16573E-18	7.46065E-19
43	118	0	1.79592E-20	1.14939E-20	43	119	0	2.13856E-14	1.36868E-14
43	120	0	2.32073E-17	1.48527E-17	44	99	0	2.33E-13	1.4912E-13
44	100	0	3.05E-11	1.952E-11	44	101	0	2.65E-9	1.696E-9
44	102	0	1.34E-7	8.57601E-8	44	103	0	3.46001E-6	2.2144E-6
44	104	0	5.46401E-5	3.49697E-5	44	105	0	5.07631E-4	3.24884E-4
44	106	0	0.00330296	0.00211389	44	107	0	0.0114778	0.0036729
44	108	0	0.0264232	0.00845543	44	109	1	0.017358	0.0111091
44	109	0	0.017358	0.0111091	44	110	0	0.0328721	0.0105191
44	111	0	0.0199124	0.00637196	44	112	0	0.00939023	0.00600975
44	113	0	0.00104521	6.68935E-4	44	114	0	3.19E-6	2.0416E-6
44	115	0	2.0E-7	1.28E-7	44	116	0	1.5E-9	9.60001E-10
44	117	0	3.43001E-11	2.1952E-11	44	118	0	7.14001E-13	4.56961E-13
44	119	0	6.8198E-10	4.36467E-10	44	120	0	9.99978E-13	6.39986E-13
44	121	0	1.79346E-15	1.14781E-15	45	101	1	1.82E-14	1.1648E-14
45	102	0	1.78E-12	1.1392E-12	45	102	1	1.78E-12	1.1392E-12
45	103	0	4.69001E-11	3.0016E-11	45	103	1	3.14E-10	2.0096E-10
45	104	0	4.35001E-9	2.784E-9	45	104	1	1.31E-8	8.38401E-9
45	105	0	5.56001E-7	3.55841E-7	45	105	1	8.31001E-8	5.31841E-8
45	106	0	6.28001E-6	4.01921E-6	45	106	1	6.28001E-6	4.01921E-6
45	107	0	1.5812E-4	1.01197E-4	45	108	0	5.08341E-4	3.25338E-4
45	108	1	5.08341E-4	3.25338E-4	45	109	0	0.00225548	0.00144351
45	109	1	0.00225546	0.0014435	45	110	0	0.00524388	0.00335608
45	110	1	0.00524388	0.00235975	45	111	0	0.0198577	0.00635447
45	112	0	0.0225123	0.00720394	45	113	0	0.00839903	0.00537538
45	114	0	0.00259851	0.00166305	45	115	0	7.94721E-4	5.08622E-4
45	116	0	2.203E-5	1.40992E-5	45	117	0	2.43E-6	1.5552E-6
45	118	0	1.81E-7	1.1584E-7	45	119	0	3.28001E-7	2.0992E-7
45	120	0	3.22E-9	2.0608E-9	45	121	0	2.64982E-11	1.69589E-11
45	122	0	1.41E-13	9.02401E-14	46	104	0	4.50001E-13	2.88E-13
46	105	0	5.29001E-11	3.38561E-11	46	106	0	4.21001E-9	2.6944E-9
46	107	0	5.61001E-8	3.59041E-8	46	107	1	1.04E-7	6.65601E-8
46	108	0	4.02001E-6	2.5728E-6	46	109	0	1.856E-5	1.18784E-5
46	109	1	3.44701E-5	2.20608E-5	46	110	0	4.36471E-4	2.79341E-4
46	111	0	7.85231E-4	5.02548E-4	46	111	1	0.00145828	9.33301E-4
46	112	0	0.00813865	0.00520874	46	113	0	0.00769738	0.00492632
46	114	0	0.00968987	0.00620152	46	115	0	0.00699925	0.00314966
46	116	0	6.14351E-4	3.93185E-4	46	117	0	1.8748E-4	1.19987E-4
46	118	0	5.09801E-5	3.26272E-5	46	119	0	1.222E-5	7.82081E-6
46	120	0	9.07001E-7	5.80481E-7	46	121	0	3.92001E-8	2.5088E-8
46	122	0	1.37E-9	8.76801E-10	46	123	0	1.98E-11	1.2672E-11
46	130	0	1.3E-14	8.32001E-15	47	106	0	1.01E-14	6.46401E-15
47	106	1	2.36E-14	1.5104E-14	47	107	0	6.63001E-13	4.24321E-13
47	107	1	4.44001E-12	2.8416E-12	47	108	1	2.04E-10	1.3056E-10
47	108	0	2.04E-10	1.3056E-10	47	109	1	1.08E-8	6.91201E-9
47	109	0	1.08E-8	6.91201E-9	47	110	0	1.6E-7	1.024E-7
47	110	1	3.73001E-7	2.3872E-7	47	111	0	1.37E-6	8.76801E-7
47	111	1	9.17001E-6	5.86881E-6	47	112	0	1.0815E-4	6.92161E-5
47	113	0	4.85101E-5	3.10464E-5	47	113	1	3.2462E-4	2.07757E-4
47	114	0	1.2892E-4	8.25089E-5	47	115	0	1.7149E-4	1.09754E-4
47	115	1	1.7149E-4	1.09754E-4	47	116	0	3.66701E-5	2.34688E-5
47	116	1	3.66701E-5	2.34688E-5	47	117	0	3.172E-5	2.03008E-5
47	117	1	3.172E-5	2.03008E-5	47	118	0	1.736E-5	1.11104E-5
47	118	1	1.736E-5	1.11104E-5	47	119	0	2.268E-5	1.45152E-5
47	120	1	4.10001E-6	2.624E-6	47	120	0	4.10001E-6	2.624E-6
47	121	0	2.06E-6	1.3184E-6	47	122	1	1.695E-7	1.0848E-7
47	122	0	1.695E-7	1.0848E-7	47	123	0	3.03E-8	1.9392E-8
47	124	0	2.71E-13	1.7344E-13	47	125	0	7.02001E-14	4.49281E-14
47	126	0	1.99E-14	1.2736E-14	47	129	0	8.49655E-17	5.43779E-17
47	130	0	8.71001E-10	5.57441E-10	47	131	0	1.28878E-11	8.24819E-12
47	132	0	3.08658E-13	1.97541E-13	48	109	0	5.61001E-13	3.59041E-13
48	110	0	5.47001E-11	3.50081E-11	48	111	0	7.88001E-10	5.04321E-10
48	111	1	2.64E-9	1.6896E-9	48	112	0	1.36E-7	8.70401E-8
48	113	0	3.39001E-7	2.1696E-7	48	113	1	1.13E-6	7.23201E-7
48	114	0	2.46E-9	1.5744E-9	48	115	0	6.15001E-9	3.93601E-9
48	115	1	2.06E-8	1.3184E-8	48	116	0	2.68E-8	1.7152E-8
48	117	0	1.88E-8	1.2032E-8	48	117	1	6.28001E-8	4.01921E-8
48	118	0	1.77E-7	1.1328E-7	48	119	0	2.47E-6	1.5808E-6
48	119	1	2.47E-6	1.5808E-6	48	120	0	1.061E-5	6.79041E-6
48	121	1	5.16501E-6	3.30561E-6	48	121	0	5.16501E-6	3.30561E-6
48	122	0	8.66001E-6	5.54241E-6	48	123	0	3.33001E-6	2.1312E-6
48	124	0	1.26E-7	8.06401E-8	48	125	0	8.00001E-8	5.12001E-8
48	126	0	7.12001E-8	4.55681E-8	48	127	0	4.22001E-8	2.7008E-8
48	128	0	1.36E-8	8.70401E-9	48	129	0	2.5E-9	1.6E-9
48	130	0	4.67001E-6	2.9888E-6	48	131	0	4.10988E-7	2.63032E-7
48	132	0	1.32997E-8	8.51182E-9	48	133	0	8.39202E-11	5.37089E-11
48	134	0	8.51001E-13	5.44641E-13	49	111	0	3.41001E-14	2.1824E-14
49	112	0	7.98001E-13	5.10721E-13	49	112	1	3.40001E-12	2.176E-12
49	113	0	1.55E-10	9.92002E-11	49	113	1	3.63001E-11	2.3232E-11
49	117	0	2.94E-14	1.8816E-14	49	118	2	3.58001E-14	2.2912E-14
49	118	0	2.15E-13	1.376E-13	49	118	1	3.58001E-14	2.2912E-14
49	119	0	3.90001E-8	2.496E-8	49	119	1	9.16001E-9	5.86241E-9
49	120	2	1.94E-7	1.2416E-7	49	120	0	1.94E-7	1.2416E-7
49	120	1	1.94E-7	1.2416E-7	49	121	0	2.4E-6	1.536E-6
49	121	1	5.64001E-7	3.60961E-7	49	122	2	3.03334E-6	1.94134E-6
49	122	0	3.03334E-6	1.94134E-6	49	122	1	3.03334E-6	1.94134E-6
49	123	0	1.317E-5	8.42881E-6	49	123	1	3.09E-6	1.9776E-6
49	124	1	9.67501E-6	6.19201E-6	49	124	0	9.67501E-6	6.19201E-6
49	125	0	1.692E-5	1.08288E-5	49	125	1	1.692E-5	1.08288E-5
49	126	1	3.35251E-5	2.1456E-5	49	126	0	3.35251E-5	2.1456E-5
49	127	0	6.22501E-5	3.98401E-5	49	127	1	6.22501E-5	3.98401E-5
49	128	1	5.85751E-5	3.74881E-5	49	128	0	5.85751E-5	3.74881E-5
49	129	0	4.79501E-5	3.0688E-5	49	129	1	4.79501E-5	3.0688E-5
49	130	2	2.19454E-4	1.4045E-4	49	130	1	2.19454E-4	1.4045E-4
49	130	0	2.19454E-4	1.4045E-4	49	131	1	1.1172E-4	7.15009E-5
49	131	0	1.1172E-4	7.15009E-5	49	132	0	2.457E-5	1.57248E-5
49	133	0	1.23992E-6	7.93548E-7	49	134	0	2.67E-8	1.7088E-8
49	135	0	1.18844E-10	7.60599E-11	49	136	0	3.35001E-12	2.144E-12
50	119	0	7.78001E-12	4.97921E-12	50	119	1	2.6E-11	1.664E-11
50	120	0	3.39001E-9	2.1696E-9	50	121	0	2.46E-8	1.5744E-8
50	121	1	6.03001E-8	3.85921E-8	50	122	0	1.4E-6	8.96001E-7
50	123	0	6.60001E-6	4.22401E-6	50	123	1	2.7E-6	1.728E-6
50	124	0	2.412E-5	1.54368E-5	50	125	0	4.77301E-5	3.05472E-5
50	125	1	1.949E-5	1.24736E-5	50	126	0	2.7475E-4	1.7584E-4
50	127	0	6.34971E-4	4.06381E-4	50	127	1	2.5935E-4	1.65984E-4
50	128	1	0.00110317	7.06027E-4	50	128	0	0.00110317	7.06027E-4
50	129	0	0.00320886	0.00205367	50	129	1	0.00130723	8.36628E-4
50	130	1	0.005029	0.00321856	50	130	0	0.005029	0.00321856
50	131	1	0.00464837	0.00297496	50	131	0	0.00464837	0.00297496
50	132	0	0.00407705	0.00260931	50	133	0	7.14271E-4	4.57133E-4
50	134	0	6.83501E-5	4.37441E-5	50	135	0	3.78989E-6	2.42553E-6
50	136	0	1.32E-7	8.44801E-8	50	137	0	2.39E-9	1.5296E-9
50	138	0	3.31001E-11	2.1184E-11	50	139	0	9.33951E-13	5.97728E-13
51	120	0	2.11E-13	1.3504E-13	51	120	1	3.03E-13	1.9392E-13
51	121	0	8.91001E-11	5.70241E-11	51	122	0	3.36001E-9	2.1504E-9
51	122	1	3.79001E-9	2.4256E-9	51	123	0	2.67E-7	1.7088E-7
51	124	2	2.24E-8	1.4336E-8	51	124	0	2.24E-8	1.4336E-8
51	124	1	2.24E-8	1.4336E-8	51	125	0	5.02001E-7	3.2128E-7
51	126	2	1.305E-6	8.35201E-7	51	126	0	1.53E-6	9.79201E-7
51	126	1	1.305E-6	8.35201E-7	51	127	0	3.49301E-5	2.23552E-5
51	128	0	6.79501E-5	4.34881E-5	51	128	1	1.1569E-4	7.40417E-5
51	129	0	0.00104753	6.7042E-4	51	130	0	0.00244184	0.00156278
51	130	1	0.00415771	0.00266093	51	131	0	0.0190805	0.00610576
51	132	0	0.013266	0.00424513	51	132	1	0.00960642	0.00614811
51	133	0	0.0156679	0.00501373	51	134	1	0.00238373	0.00152559
51	134	0	0.00238373	0.00152559	51	135	0	0.00112587	7.20558E-4
51	136	0	1.2778E-4	8.17793E-5	51	137	0	9.53001E-6	6.09921E-6
51	138	0	4.05001E-7	2.592E-7	51	139	0	1.37991E-8	8.83142E-9
51	140	0	7.19428E-11	4.60434E-11	51	141	0	5.20912E-12	3.33383E-12
51	142	0	6.98541E-14	4.47066E-14	52	122	0	3.25E-12	2.08E-12
52	123	0	1.37E-10	8.76801E-11	52	123	1	4.59001E-10	2.9376E-10
52	124	0	1.99E-13	1.2736E-13	52	125	0	8.34001E-13	5.33761E-13
52	125	1	2.79E-12	1.7856E-12	52	126	0	9.22001E-11	5.90081E-11
52	127	0	5.83001E-10	3.73121E-10	52	127	1	1.43E-9	9.15201E-10
52	128	0	3.99001E-8	2.5536E-8	52	129	0	2.2E-7	1.408E-7
52	129	1	5.38001E-7	3.44321E-7	52	130	0	6.10171E-4	3.90509E-4
52	131	0	0.00133632	8.55246E-4	52	131	1	0.0032717	0.00209388
52	132	0	0.0189392	0.00606054	52	133	0	0.0104208	0.00333465
52	133	1	0.025513	0.00816418	52	134	0	0.0386434	0.0123659
52	135	0	0.0268831	0.0086026	52	136	0	0.0115375	0.003692
52	137	0	0.00259898	0.00166335	52	138	0	4.15151E-4	2.65696E-4
52	139	0	4.12101E-5	2.63744E-5	52	140	0	3.09993E-6	1.98396E-6
52	141	0	1.66117E-7	1.06315E-7	52	142	0	3.00993E-9	1.92636E-9
52	143	0	1.82044E-11	1.16508E-11	52	144	0	1.81843E-12	1.1638E-12
53	123	0	4.28001E-14	2.7392E-14	53	129	0	1.79E-13	1.1456E-13
53	130	0	1.24E-6	7.93601E-7	53	130	1	5.33001E-7	3.41121E-7
53	131	0	5.04501E-5	3.2288E-5	53	132	1	3.1759E-4	2.03258E-4
53	132	0	3.1759E-4	2.03258E-4	53	133	1	0.00233407	0.00149381
53	133	0	0.00233407	0.00149381	53	134	0	0.00811499	0.0051936
53	134	1	0.0058771	0.00376134	53	135	0	0.0334458	0.00769253
53	136	0	0.0187751	0.00600802	53	136	1	0.0187405	0.00599698
53	137	0	0.0287763	0.00920843	53	138	0	0.0122681	0.00392579
53	139	0	0.00421977	0.00270065	53	140	0	8.94071E-4	5.72206E-4
53	141	0	1.11434E-4	7.13178E-5	53	142	0	9.37001E-6	5.99681E-6
53	143	0	2.6897E-7	1.72141E-7	53	144	0	1.98843E-8	1.27259E-8
53	145	0	5.0485E-11	3.23104E-11	53	146	0	1.09771E-12	7.02533E-13
54	130	0	4.50001E-10	2.88E-10	54	131	0	1.16E-8	7.42401E-9
54	131	1	2.84E-8	1.8176E-8	54	132	0	2.16E-6	1.3824E-6
54	133	0	1.592E-5	1.01888E-5	54	133	1	3.89701E-5	2.49408E-5
54	134	0	2.0087E-4	1.28557E-4	54	134	1	4.68691E-4	2.99962E-4
54	135	0	0.0013943	8.92353E-4	54	135	1	0.00341351	0.00218464
54	136	0	0.0183942	0.00588615	54	137	0	0.0353627	0.0113161
54	138	0	0.0461582	0.0147706	54	139	0	0.0383374	0.012268
54	140	0	0.0261893	0.00838057	54	141	0	0.00866892	0.00554811
54	142	0	0.0025646	0.00164135	54	143	1	1.94716E-4	1.24618E-4
54	143	0	1.94716E-4	1.24618E-4	54	144	0	3.89002E-5	2.48961E-5
54	145	0	1.60995E-6	1.03037E-6	54	146	0	4.7299E-8	3.02713E-8
54	147	0	3.98512E-11	2.55048E-11	54	148	0	5.53001E-12	3.53921E-12
54	149	0	2.8262E-13	1.80877E-13	55	131	0	9.92002E-13	6.34881E-13
55	132	0	1.88E-10	1.2032E-10	55	133	0	2.23E-8	1.4272E-8
55	134	1	4.75001E-7	3.04E-7	55	134	0	4.75001E-7	3.04E-7
55	135	1	1.471E-5	9.41441E-6	55	135	0	1.471E-5	9.41441E-6
55	136	1	1.7178E-4	1.09939E-4	55	136	0	1.7178E-4	1.09939E-4
55	137	0	0.00238065	0.00152362	55	138	0	0.00391979	0.00250866
55	138	1	0.00392022	0.00250894	55	139	0	0.0196004	0.00627213
55	140	0	0.0311414	0.00996526	55	141	0	0.0310599	0.00993915
55	142	0	0.022581	0.00722593	55	143	0	0.0116228	0.00371931
55	144	0	0.00332862	0.00213031	55	145	0	5.23401E-4	3.34977E-4
55	146	0	4.87201E-5	3.11808E-5	55	147	0	5.88801E-7	3.76832E-7
55	148	0	7.92001E-8	5.06881E-8	55	149	0	4.1757E-9	2.67245E-9
55	150	0	1.85E-11	1.184E-11	55	151	0	4.9804E-13	3.18746E-13
56	133	0	5.80001E-13	3.71201E-13	56	134	0	1.14E-10	7.29601E-11
56	135	1	6.30001E-9	4.03201E-9	56	135	0	6.30001E-9	4.03201E-9
56	136	1	3.105E-7	1.9872E-7	56	136	0	3.105E-7	1.9872E-7
56	137	0	3.90001E-6	2.496E-6	56	137	1	9.54001E-6	6.10561E-6
56	138	0	1.6061E-4	1.02791E-4	56	139	0	0.00106537	6.81838E-4
56	140	0	0.00545844	0.0034934	56	141	0	0.0131355	0.00420336
56	142	0	0.0284602	0.00910727	56	143	0	0.0350685	0.0112219
56	144	0	0.0324127	0.0103721	56	145	0	0.0135754	0.00434413
56	146	0	0.00465985	0.0029823	56	147	0	8.52502E-4	5.45602E-4
56	148	0	9.44301E-5	6.04353E-5	56	149	0	6.04583E-6	3.86933E-6
56	150	0	2.77E-7	1.7728E-7	56	151	0	1.58823E-8	1.01647E-8
56	152	0	1.25E-10	8.00001E-11	56	153	0	2.05063E-12	1.3124E-12
56	154	0	1.27E-14	8.12801E-15	57	135	0	1.67E-13	1.0688E-13
57	137	0	2.53E-9	1.6192E-9	57	138	0	9.16001E-8	5.86241E-8
57	139	0	2.24E-6	1.4336E-6	57	140	0	3.229E-5	2.06656E-5
57	141	0	2.6942E-4	1.72429E-4	57	142	0	0.00151846	9.71816E-4
57	143	0	0.00605977	0.00387825	57	144	0	0.0139593	0.00446698
57	145	0	0.0182313	0.00583402	57	146	1	0.00798188	0.0051084
57	146	0	0.00798188	0.0051084	57	147	0	0.010245	0.00327839
57	148	0	0.00321449	0.00205728	57	149	0	7.83551E-4	5.01473E-4
57	150	0	1.0461E-4	6.69505E-5	57	151	0	1.06541E-5	6.81865E-6
57	152	0	5.13001E-7	3.28321E-7	57	153	0	3.0298E-8	1.93907E-8
57	154	0	5.62001E-10	3.59681E-10	57	155	0	2.82214E-12	1.80617E-12
57	156	0	8.91162E-14	5.70344E-14	57	157	0	2.1511E-15	1.3767E-15
58	137	0	2.99E-14	1.9136E-14	58	138	0	4.31001E-12	2.7584E-12
58	139	0	9.13001E-11	5.84321E-11	58	139	1	2.24E-10	1.4336E-10
58	140	0	1.72E-8	1.1008E-8	58	141	0	4.18001E-7	2.6752E-7
58	142	0	8.60001E-6	5.50401E-6	58	143	0	9.79902E-5	6.27137E-5
58	144	0	8.11061E-4	5.19079E-4	58	145	0	0.00282966	0.00181099
58	146	0	0.00822353	0.00526306	58	147	0	0.0136095	0.00435504
58	148	0	0.0137517	0.00440053	58	149	0	0.00879699	0.00563008
58	150	0	0.00393191	0.00251642	58	151	0	0.00107408	6.87412E-4
58	152	0	1.8351E-4	1.17447E-4	58	153	0	3.012E-5	1.92768E-5
58	154	0	2.02E-6	1.2928E-6	58	155	0	8.99973E-8	5.75983E-8
58	156	0	3.83992E-9	2.45755E-9	58	157	0	6.8598E-11	4.39027E-11
58	158	0	8.99001E-13	5.75361E-13	58	159	0	1.78669E-14	1.14348E-14
59	140	0	2.21E-13	1.4144E-13	59	141	0	2.06E-11	1.3184E-11
59	142	1	6.35001E-10	4.06401E-10	59	142	0	6.35001E-10	4.06401E-10
59	143	0	5.59001E-8	3.57761E-8	59	144	0	1.42E-7	9.08801E-8
59	144	1	1.28E-6	8.19201E-7	59	145	0	1.891E-5	1.21024E-5
59	146	0	1.625E-4	1.04E-4	59	147	0	9.89182E-4	6.33076E-4
59	148	1	0.00132404	8.47384E-4	59	148	0	0.00132404	8.47384E-4
59	149	0	0.00548181	0.00350836	59	150	0	0.00584816	0.00374282
59	151	0	0.00485104	0.00310466	59	152	0	0.00205965	0.00131818
59	153	0	0.00109427	7.00334E-4	59	154	0	1.9387E-4	1.24077E-4
59	155	0	3.11E-5	1.9904E-5	59	156	0	3.61001E-6	2.3104E-6
59	157	0	2.34E-7	1.4976E-7	59	158	0	8.86001E-9	5.67041E-9
59	159	0	2.63983E-10	1.68949E-10	59	160	0	4.29001E-12	2.7456E-12
59	161	0	3.88829E-14	2.4885E-14	59	162	0	7.68163E-16	4.91624E-16
60	142	0	1.49E-14	9.53601E-15	60	143	0	2.05E-12	1.312E-12
60	144	0	2.12E-10	1.3568E-10	60	145	0	8.90001E-9	5.69601E-9
60	146	0	3.12E-7	1.9968E-7	60	147	0	6.10001E-6	3.90401E-6
60	148	0	6.26001E-5	4.00641E-5	60	149	0	3.71001E-4	2.3744E-4
60	150	0	0.00129703	8.301E-4	60	151	0	0.00257174	0.00164592
60	152	0	0.00324723	0.00207823	60	153	0	0.00394081	0.00252212
60	154	0	0.00209826	0.00134289	60	155	0	8.52601E-4	5.45665E-4
60	156	0	3.1644E-4	2.02522E-4	60	157	0	5.51201E-5	3.52769E-5
60	158	0	7.34001E-6	4.69761E-6	60	159	0	6.16001E-7	3.94241E-7
60	160	0	3.67001E-8	2.3488E-8	60	161	0	1.23996E-9	7.93576E-10
60	162	0	3.30993E-11	2.11835E-11	60	163	0	4.45001E-13	2.848E-13
61	145	0	1.29E-13	8.25601E-14	61	146	0	1.5E-11	9.60001E-12
61	147	0	1.26E-9	8.06401E-10	61	148	0	1.25E-8	8.00001E-9
61	148	1	2.91E-8	1.8624E-8	61	149	0	9.91002E-7	6.34241E-7
61	150	0	9.97002E-6	6.38081E-6	61	151	0	6.79201E-5	4.34689E-5
61	152	2	7.34734E-5	4.7023E-5	61	152	0	7.34734E-5	4.7023E-5
61	152	1	7.34734E-5	4.7023E-5	61	153	0	8.14391E-4	5.2121E-4
61	154	0	4.98761E-4	3.19207E-4	61	154	1	4.98761E-4	3.19207E-4
61	155	0	0.00120319	7.70043E-4	61	156	0	0.00100382	6.42446E-4
61	157	0	5.33751E-4	3.41601E-4	61	158	0	1.7816E-4	1.14023E-4
61	159	0	4.99701E-5	3.19808E-5	61	160	0	8.07001E-6	5.16481E-6
61	161	0	9.72001E-7	6.22081E-7	61	162	0	7.34001E-8	4.69761E-8
61	163	0	3.62001E-9	2.3168E-9	61	164	0	1.09E-10	6.97601E-11
61	165	0	2.36E-12	1.5104E-12	61	166	0	1.40404E-14	8.98588E-15
61	167	0	5.45615E-16	3.49193E-16	62	147	0	1.64E-14	1.0496E-14
62	148	0	2.29E-12	1.4656E-12	62	149	0	1.79E-10	1.1456E-10
62	150	0	6.99001E-9	4.47361E-9	62	151	0	1.38E-7	8.83201E-8
62	152	0	1.63E-6	1.0432E-6	62	153	0	1.61E-5	1.0304E-5
62	154	0	6.47001E-5	4.14081E-5	62	155	0	1.968E-4	1.25952E-4
62	156	0	4.79491E-4	3.06874E-4	62	157	0	5.81711E-4	3.72295E-4
62	158	0	5.63561E-4	3.60679E-4	62	159	0	3.68591E-4	2.35898E-4
62	160	0	1.8472E-4	1.18221E-4	62	161	0	5.67301E-5	3.63073E-5
62	162	0	1.452E-5	9.29281E-6	62	163	0	1.96E-6	1.2544E-6
62	164	0	2.12E-7	1.3568E-7	62	165	0	1.31E-8	8.38401E-9
62	166	0	6.04987E-10	3.87192E-10	62	167	0	1.73995E-11	1.11357E-11
62	168	0	2.54E-13	1.6256E-13	62	169	0	3.45832E-15	2.21333E-15
63	151	0	9.05001E-12	5.79201E-12	63	152	2	1.05333E-10	6.74134E-11
63	152	0	1.05333E-10	6.74134E-11	63	152	1	1.05333E-10	6.74134E-11
63	153	0	1.14E-8	7.29601E-9	63	154	1	6.40001E-8	4.09601E-8
63	154	0	6.40001E-8	4.09601E-8	63	155	0	1.39E-6	8.89601E-7
63	156	0	8.71001E-6	5.57441E-6	63	157	0	3.41001E-5	2.1824E-5
63	158	0	7.97601E-5	5.10465E-5	63	159	0	1.5432E-4	9.8765E-5
63	160	0	1.7566E-4	1.12423E-4	63	161	0	1.5756E-4	1.00839E-4
63	162	0	9.54001E-5	6.10561E-5	63	163	0	4.07801E-5	2.60992E-5
63	164	0	1.142E-5	7.30881E-6	63	165	0	2.41E-6	1.5424E-6
63	166	0	3.09E-7	1.9776E-7	63	167	0	3.21E-8	2.0544E-8
63	168	0	1.34E-9	8.57601E-10	63	169	0	5.10966E-11	3.27018E-11
63	170	0	1.47E-12	9.40801E-13	63	171	0	9.09358E-15	5.81989E-15
63	172	0	2.59922E-16	1.6635E-16	64	153	0	5.20001E-13	3.32801E-13
64	154	0	2.16E-11	1.3824E-11	64	155	0	6.98001E-10	4.46721E-10
64	156	0	1.53E-8	9.79201E-9	64	157	0	1.66E-7	1.0624E-7
64	158	0	1.34E-6	8.57601E-7	64	159	0	6.72001E-6	4.30081E-6
64	160	0	2.428E-5	1.55392E-5	64	161	0	5.17301E-5	3.31073E-5
64	162	0	9.16801E-5	5.86753E-5	64	163	0	8.89801E-5	5.69473E-5
64	164	0	7.34901E-5	4.70337E-5	64	165	0	3.72901E-5	2.38656E-5
64	166	0	1.537E-5	9.83682E-6	64	167	0	4.20001E-6	2.688E-6
64	168	0	6.08001E-7	3.89121E-7	64	169	0	6.28001E-8	4.01921E-8
64	170	0	6.54001E-9	4.18561E-9	64	171	0	2.89991E-10	1.85594E-10
64	172	0	1.11998E-11	7.16784E-12	65	155	0	1.08E-14	6.91201E-15
65	156	0	6.00001E-13	3.84001E-13	65	156	1	6.67001E-14	4.26881E-14
65	157	0	2.67E-11	1.7088E-11	65	158	0	5.54001E-10	3.54561E-10
65	158	1	6.15001E-11	3.93601E-11	65	159	0	1.11E-8	7.10401E-9
65	160	0	1.1E-7	7.04001E-8	65	161	0	7.99001E-7	5.11361E-7
65	162	0	1.81E-6	1.1584E-6	65	162	1	1.81E-6	1.1584E-6
65	163	0	1.097E-5	7.02081E-6	65	164	0	2.121E-5	1.35744E-5
65	165	0	3.127E-5	2.00128E-5	65	166	0	2.936E-5	1.87904E-5
65	167	0	2.396E-5	1.53344E-5	65	168	0	8.48001E-6	5.42721E-6
65	169	0	2.79E-6	1.7856E-6	65	170	0	7.72001E-7	4.94081E-7
65	171	0	1.2E-7	7.68001E-8	65	172	0	1.3E-8	8.32001E-9
66	158	0	2.32E-14	1.4848E-14	66	159	0	1.22E-12	7.80801E-13
66	160	0	4.44001E-11	2.8416E-11	66	161	0	9.15001E-10	5.85601E-10
66	162	0	1.48E-8	9.47201E-9	66	163	0	1.22E-7	7.80801E-8
66	164	0	7.89001E-7	5.04961E-7	66	165	0	2.55E-6	1.632E-6
66	165	1	3.81001E-7	2.4384E-7	66	166	0	8.43001E-6	5.39521E-6
66	167	0	1.59E-5	1.0176E-5	66	168	0	1.631E-5	1.04384E-5
66	169	0	1.198E-5	7.66721E-6	66	170	0	1.005E-5	6.43201E-6
66	171	0	3.89001E-6	2.4896E-6	66	172	0	1.4E-6	8.96001E-7
67	161	0	2.87E-14	1.8368E-14	67	162	0	4.64001E-13	2.9696E-13
67	162	1	1.08E-12	6.91201E-13	67	163	0	4.05001E-11	2.592E-11
67	163	1	6.05001E-12	3.87201E-12	67	164	0	2.56E-10	1.6384E-10
67	164	1	5.97001E-10	3.82081E-10	67	165	0	1.12E-8	7.16801E-9
67	166	0	2.6E-8	1.664E-8	67	166	1	6.06001E-8	3.87841E-8
67	167	0	5.39001E-7	3.44961E-7	67	168	0	1.37E-6	8.76801E-7
67	169	0	2.96E-6	1.8944E-6	67	170	0	2.84E-6	1.8176E-6
67	170	1	2.84E-6	1.8176E-6	67	171	0	6.37001E-6	4.07681E-6
67	172	0	5.31001E-6	3.39841E-6	68	164	0	7.73001E-14	4.94721E-14
68	165	0	2.93E-12	1.8752E-12	68	166	0	8.25001E-11	5.28001E-11
68	167	0	1.25E-9	8.00001E-10	68	167	1	1.87E-10	1.1968E-10
68	168	0	1.28E-8	8.19201E-9	68	169	0	7.14001E-8	4.56961E-8
68	170	0	4.47001E-7	2.8608E-7	68	171	0	1.22E-6	7.80801E-7
68	172	0	3.03E-6	1.9392E-6	69	167	0	1.25E-13	8.00001E-14
69	168	0	3.19E-12	2.0416E-12	69	169	0	6.24001E-11	3.99361E-11
69	170	0	1.09E-9	6.97601E-10	69	171	0	1.03E-8	6.59201E-9
69	172	0	6.69001E-8	4.28161E-8	70	170	0	2.29E-13	1.4656E-13
70	171	0	6.19001E-12	3.96161E-12	70	172	0	1.45E-10	9.28001E-11