Z	A	FPS	Yield	Uncertainty	Z	A	FPS	Yield	Uncertainty
23	66	0	3.0829E-14	1.97306E-14	23	67	0	2.41889E-15	1.54809E-15
23	68	0	1.30905E-16	8.3779E-17	24	66	0	3.24969E-10	2.0798E-10
24	67	0	2.54976E-11	1.63184E-11	24	68	0	1.37987E-12	8.83116E-13
24	69	0	2.74141E-14	1.7545E-14	25	66	0	8.48E-8	5.4272E-8
25	67	0	1.87E-8	1.1968E-8	25	68	0	2.97E-9	1.9008E-9
25	69	0	2.88973E-10	1.84942E-10	25	70	0	2.22E-11	1.4208E-11
25	71	0	9.98E-13	6.3872E-13	25	72	0	2.52324E-14	1.61487E-14
25	73	0	1.3375E-15	8.56003E-16	26	66	0	1.53E-6	9.792E-7
26	67	0	8.82E-7	5.6448E-7	26	68	0	3.89E-7	2.4896E-7
26	69	0	1.08E-7	6.912E-8	26	70	0	2.35E-8	1.504E-8
26	71	0	3.12E-9	1.9968E-9	26	72	0	2.65975E-10	1.70224E-10
26	73	0	1.40987E-11	9.02314E-12	26	74	0	4.96E-13	3.1744E-13
26	75	0	1.47979E-14	9.47067E-15	27	66	0	2.42E-6	1.5488E-6
27	67	0	3.34E-6	2.1376E-6	27	68	0	3.74E-6	2.3936E-6
27	69	0	2.72E-6	1.7408E-6	27	70	0	1.57E-6	1.0048E-6
27	71	0	5.85E-7	3.744E-7	27	72	0	1.43E-7	9.152E-8
27	73	0	2.28E-8	1.4592E-8	27	74	0	2.46E-9	1.5744E-9
27	75	0	1.55985E-10	9.98305E-11	27	76	0	5.99E-12	3.8336E-12
27	77	0	1.40391E-13	8.98499E-14	27	78	0	7.07644E-15	4.52892E-15
28	66	0	3.58E-7	2.2912E-7	28	67	0	1.21E-6	7.744E-7
28	68	0	3.29E-6	2.1056E-6	28	69	0	5.84E-6	3.7376E-6
28	70	0	8.14E-6	5.2096E-6	28	71	0	7.77E-6	4.9728E-6
28	72	0	5.06E-6	3.2384E-6	28	73	0	2.28E-6	1.4592E-6
28	74	0	7.16E-7	4.5824E-7	28	75	0	1.39E-7	8.896E-8
28	76	0	1.67E-8	1.0688E-8	28	77	0	1.47986E-9	9.4711E-10
28	78	0	7.45929E-11	4.77395E-11	28	79	0	1.06241E-12	6.79946E-13
28	80	0	4.2E-14	2.688E-14	29	66	0	4.02E-9	2.5728E-9
29	67	0	3.63E-8	2.3232E-8	29	68	0	7.87E-8	5.0368E-8
29	68	1	1.84E-7	1.1776E-7	29	69	0	1.19E-6	7.616E-7
29	70	0	1.0E-6	6.4E-7	29	70	1	3.0E-6	1.92E-6
29	71	0	9.28E-6	5.9392E-6	29	72	0	1.476E-5	9.4464E-6
29	73	0	1.71E-5	1.0944E-5	29	74	0	1.429E-5	9.1456E-6
29	75	0	7.92E-6	5.0688E-6	29	76	0	2.81E-6	1.7984E-6
29	77	0	7.33E-7	4.6912E-7	29	78	0	1.14E-7	7.296E-8
29	79	0	1.11989E-8	7.16732E-9	29	80	0	6.6E-10	4.224E-10
29	81	0	2.75E-11	1.76E-11	29	82	0	6.74E-13	4.3136E-13
29	83	0	2.06791E-14	1.32347E-14	30	66	0	2.79E-12	1.7856E-12
30	67	0	7.17E-11	4.5888E-11	30	68	0	1.49E-9	9.536E-10
30	69	0	3.59E-9	2.2976E-9	30	69	1	1.53E-8	9.792E-9
30	70	0	1.68E-7	1.0752E-7	30	71	0	1.94E-7	1.2416E-7
30	71	1	8.29E-7	5.3056E-7	30	72	0	4.1E-6	2.624E-6
30	73	0	1.194E-5	7.6416E-6	30	74	0	2.481E-5	1.58784E-5
30	75	0	3.554E-5	2.27456E-5	30	76	0	3.371E-5	2.15744E-5
30	77	0	2.394E-5	1.53216E-5	30	78	0	1.083E-5	6.9312E-6
30	79	0	3.17E-6	2.0288E-6	30	80	0	5.9E-7	3.776E-7
30	81	0	7.66E-8	4.9024E-8	30	82	0	5.94E-9	3.8016E-9
30	83	0	2.17979E-10	1.39507E-10	30	84	0	7.82E-12	5.0048E-12
30	85	0	2.90267E-13	1.85771E-13	31	68	0	5.08E-13	3.2512E-13
31	69	0	1.9E-11	1.216E-11	31	70	0	4.79E-10	3.0656E-10
31	71	0	8.29E-9	5.3056E-9	31	72	1	4.615E-8	2.9536E-8
31	72	0	4.615E-8	2.9536E-8	31	73	0	7.38E-7	4.7232E-7
31	74	1	2.03E-6	1.2992E-6	31	74	0	2.03E-6	1.2992E-6
31	75	0	1.516E-5	9.7024E-6	31	76	0	3.668E-5	2.34752E-5
31	77	0	6.507E-5	4.16448E-5	31	78	0	7.722E-5	4.94208E-5
31	79	0	6.172E-5	3.95008E-5	31	80	0	3.357E-5	2.14848E-5
31	81	0	1.286E-5	8.2304E-6	31	82	0	3.03E-6	1.9392E-6
31	83	0	3.44E-7	2.2016E-7	31	84	0	3.87E-8	2.4768E-8
31	85	0	3.05971E-9	1.95821E-9	31	86	0	1.51E-10	9.664E-11
31	87	0	3.45285E-12	2.20982E-12	31	88	0	1.86871E-13	1.19598E-13
32	70	0	7.95E-14	5.088E-14	32	71	0	2.05E-12	1.312E-12
32	71	1	2.05E-12	1.312E-12	32	72	0	1.34E-10	8.576E-11
32	73	0	2.58E-9	1.6512E-9	32	73	1	6.05E-10	3.872E-10
32	74	0	5.07E-8	3.2448E-8	32	75	0	7.1E-8	4.544E-8
32	75	1	4.75E-7	3.04E-7	32	76	0	3.66E-6	2.3424E-6
32	77	0	1.465E-5	9.376E-6	32	77	1	2.19E-6	1.4016E-6
32	78	0	5.146E-5	3.29344E-5	32	79	1	5.2355E-5	3.35072E-5
32	79	0	5.2355E-5	3.35072E-5	32	80	0	1.5068E-4	9.64352E-5
32	81	0	1.5445E-4	9.8848E-5	32	82	0	1.0145E-4	6.4928E-5
32	83	0	3.351E-5	2.14464E-5	32	84	0	1.129E-5	7.2256E-6
32	85	0	2.66E-6	1.7024E-6	32	86	0	3.98E-7	2.5472E-7
32	87	0	3.63965E-8	2.32938E-8	32	88	0	1.96981E-9	1.26068E-9
32	89	0	3.59514E-11	2.30089E-11	32	90	0	2.78585E-12	1.78294E-12
32	91	0	3.85493E-13	2.46715E-13	33	72	0	1.11E-14	7.104E-15
33	73	0	8.14E-13	5.2096E-13	33	74	0	1.18E-11	7.552E-12
33	74	1	2.76E-11	1.7664E-11	33	75	0	1.31E-9	8.384E-10
33	76	0	2.66E-8	1.7024E-8	33	77	0	3.5E-7	2.24E-7
33	78	0	3.02E-6	1.9328E-6	33	79	0	1.67E-5	1.0688E-5
33	80	0	6.426E-5	4.11264E-5	33	81	0	1.6806E-4	1.07558E-4
33	82	0	1.4117E-4	9.03488E-5	33	82	1	1.4117E-4	9.03488E-5
33	83	0	2.4483E-4	1.56691E-4	33	84	1	1.12675E-4	7.2112E-5
33	84	0	1.12675E-4	7.2112E-5	33	85	0	1.4742E-4	9.43488E-5
33	86	0	6.324E-5	4.04736E-5	33	87	0	1.657E-5	1.06048E-5
33	88	0	2.69E-6	1.7216E-6	33	89	0	3.78964E-7	2.42537E-7
33	90	0	2.93657E-8	1.8794E-8	33	91	0	4.06349E-9	2.60063E-9
33	92	0	2.36198E-11	1.51166E-11	33	93	0	2.8514E-12	1.82489E-12
34	75	0	1.84E-13	1.1776E-13	34	76	0	1.17E-11	7.488E-12
34	77	0	6.06E-11	3.8784E-11	34	77	1	4.06E-10	2.5984E-10
34	78	0	1.23E-8	7.872E-9	34	79	0	1.77E-7	1.1328E-7
34	79	1	2.64E-8	1.6896E-8	34	80	0	2.32E-6	1.4848E-6
34	81	0	2.18E-6	1.3952E-6	34	81	1	1.459E-5	9.3376E-6
34	82	0	7.485E-5	4.7904E-5	34	83	0	1.3528E-4	8.65792E-5
34	83	1	3.173E-5	2.03072E-5	34	84	0	3.9138E-4	2.50483E-4
34	85	0	3.2301E-4	2.06726E-4	34	85	1	3.2301E-4	2.06726E-4
34	86	0	7.2245E-4	4.62368E-4	34	87	0	5.0025E-4	3.2016E-4
34	88	0	2.2853E-4	1.46259E-4	34	89	0	9.366E-5	5.99424E-5
34	90	0	1.78206E-5	1.14052E-5	34	91	0	2.46594E-6	1.5782E-6
34	92	0	2.48976E-7	1.59345E-7	34	93	0	3.00566E-8	1.92362E-8
34	94	0	7.52E-10	4.8128E-10	34	95	0	1.44864E-11	9.2713E-12
34	96	0	3.21E-13	2.0544E-13	35	77	1	2.74E-14	1.7536E-14
35	78	0	2.98E-12	1.9072E-12	35	79	0	3.54E-11	2.2656E-11
35	79	1	1.18E-10	7.552E-11	35	80	0	1.39E-9	8.896E-10
35	80	1	4.18E-9	2.6752E-9	35	81	0	1.22E-7	7.808E-8
35	82	0	1.12E-6	7.168E-7	35	82	1	4.79E-7	3.0656E-7
35	83	0	1.007E-5	6.4448E-6	35	84	0	2.303E-5	1.47392E-5
35	84	1	4.094E-5	2.62016E-5	35	85	0	2.6909E-4	1.72218E-4
35	86	0	3.7514E-4	2.4009E-4	35	86	1	3.7514E-4	2.4009E-4
35	87	0	0.00126579	8.10105E-4	35	88	0	0.001475	9.44E-4
35	89	0	0.00160298	0.00102591	35	90	0	8.2057E-4	5.25165E-4
35	91	0	3.1483E-4	2.01491E-4	35	92	0	9.311E-5	5.95904E-5
35	93	0	1.82399E-5	1.16736E-5	35	94	0	2.42E-6	1.5488E-6
35	95	0	1.52702E-7	9.7729E-8	35	96	0	9.28E-9	5.9392E-9
35	97	0	1.39442E-10	8.92428E-11	35	98	0	9.34356E-12	5.97988E-12
36	80	0	7.78E-13	4.9792E-13	36	81	0	4.67E-11	2.9888E-11
36	81	1	6.98E-12	4.4672E-12	36	82	0	2.19E-9	1.4016E-9
36	83	0	2.92E-8	1.8688E-8	36	83	1	6.84E-9	4.3776E-9
36	84	0	7.99E-7	5.1136E-7	36	85	0	7.65E-6	4.896E-6
36	85	1	1.79E-6	1.1456E-6	36	86	0	7.123E-5	4.55872E-5
36	87	0	3.0497E-4	1.95181E-4	36	88	0	8.962E-4	5.73568E-4
36	89	0	0.00234053	0.00149794	36	90	0	0.00302334	0.00193494
36	91	0	0.00293304	0.00187715	36	92	0	0.00234227	0.00149905
36	93	0	0.00125205	8.01312E-4	36	94	0	4.6645E-4	2.98528E-4
36	95	0	9.26673E-5	5.9307E-5	36	96	0	1.505E-5	9.632E-6
36	97	0	1.46986E-6	9.40711E-7	36	98	0	9.84906E-8	6.3034E-8
36	99	0	2.74628E-10	1.75762E-10	36	100	0	1.11E-10	7.104E-11
36	101	0	9.31737E-12	5.96312E-12	37	83	0	8.95E-12	5.728E-12
37	84	0	6.23E-10	3.9872E-10	37	85	0	2.21E-8	1.4144E-8
37	86	1	2.45E-7	1.568E-7	37	86	0	2.45E-7	1.568E-7
37	87	0	5.85E-6	3.744E-6	37	88	0	4.755E-5	3.0432E-5
37	89	0	3.4147E-4	2.18541E-4	37	90	0	2.0381E-4	1.30438E-4
37	90	1	8.6886E-4	5.5607E-4	37	91	0	0.00253069	0.00161964
37	92	0	0.00502068	0.00321323	37	93	0	0.00665064	0.00425641
37	94	0	0.0063529	0.00406585	37	95	0	0.00336597	0.00215422
37	96	0	0.00150414	9.62649E-4	37	97	0	4.2822E-4	2.74061E-4
37	98	0	8.327E-5	5.32928E-5	37	99	0	2.89486E-6	1.85271E-6
37	100	0	8.47E-7	5.4208E-7	37	101	0	9.82146E-8	6.28574E-8
37	102	0	5.04647E-10	3.22974E-10	37	103	0	3.24579E-11	2.0773E-11
37	104	0	1.16676E-12	7.46726E-13	38	84	0	2.74E-14	1.7536E-14
38	85	1	1.5E-12	9.6E-13	38	85	0	1.5E-12	9.6E-13
38	86	0	2.04E-10	1.3056E-10	38	87	0	5.8E-9	3.712E-9
38	87	1	1.36E-9	8.704E-10	38	88	0	1.74E-7	1.1136E-7
38	89	0	3.63E-6	2.3232E-6	38	90	0	3.137E-5	2.00768E-5
38	91	0	1.9711E-4	1.2615E-4	38	92	0	0.00102304	6.54745E-4
38	93	0	0.00331512	0.00212168	38	94	0	0.00772493	0.00494395
38	95	0	0.0100084	0.00320268	38	96	0	0.0112279	0.00359293
38	97	0	0.00854378	0.00546802	38	98	0	0.0044886	0.0028727
38	99	0	0.00175675	0.00112432	38	100	0	3.7495E-4	2.39968E-4
38	101	0	5.96018E-5	3.81451E-5	38	102	0	5.31949E-6	3.40448E-6
38	103	0	3.42139E-7	2.18969E-7	38	104	0	1.22988E-8	7.87125E-9
38	105	0	1.09942E-10	7.03628E-11	38	106	0	1.37763E-11	8.81683E-12
39	87	0	5.01E-13	3.2064E-13	39	88	0	3.74E-11	2.3936E-11
39	89	0	4.53E-10	2.8992E-10	39	89	1	1.93E-9	1.2352E-9
39	90	1	3.015E-8	1.9296E-8	39	90	0	3.015E-8	1.9296E-8
39	91	1	5.45E-7	3.488E-7	39	91	0	5.45E-7	3.488E-7
39	92	0	1.628E-5	1.04192E-5	39	93	1	7.232E-5	4.62848E-5
39	93	0	7.232E-5	4.62848E-5	39	94	0	8.7815E-4	5.62016E-4
39	95	0	0.00283645	0.00181533	39	96	0	7.8649E-4	5.03353E-4
39	96	1	0.00707822	0.00453006	39	97	1	0.007416	0.00474624
39	97	0	0.007416	0.00474624	39	98	0	0.00960091	0.00614458
39	98	1	0.00959979	0.00614386	39	99	0	0.0191195	0.00611824
39	100	0	0.0110303	0.00352969	39	101	0	0.00480771	0.00307693
39	102	0	0.00124302	7.95533E-4	39	103	0	2.07628E-4	1.32882E-4
39	104	0	2.581E-5	1.65184E-5	39	105	0	1.1589E-6	7.41696E-7
39	106	0	1.45216E-7	9.29383E-8	39	107	0	2.52758E-10	1.61765E-10
39	108	0	2.89318E-11	1.85164E-11	39	109	0	2.83423E-12	1.81391E-12
40	89	0	8.8E-14	5.632E-14	40	90	1	3.345E-12	2.1408E-12
40	90	0	3.345E-12	2.1408E-12	40	91	0	3.61E-10	2.3104E-10
40	92	0	1.64E-8	1.0496E-8	40	93	0	4.23E-7	2.7072E-7
40	94	0	7.31E-6	4.6784E-6	40	95	0	6.613E-5	4.23232E-5
40	96	0	4.8636E-4	3.1127E-4	40	97	0	0.00242482	0.00155188
40	98	0	0.00779726	0.00499025	40	99	0	0.0189318	0.00605817
40	100	0	0.0272684	0.0087259	40	101	0	0.029587	0.00946784
40	102	0	0.0202239	0.00647166	40	103	0	0.00931117	0.00595915
40	104	0	0.00329555	0.00210915	40	105	0	7.03281E-4	4.501E-4
40	106	0	8.81247E-5	5.63998E-5	40	107	0	2.66433E-6	1.70517E-6
40	108	0	3.04971E-7	1.95181E-7	40	109	0	2.98757E-8	1.91204E-8
40	110	0	8.41E-11	5.3824E-11	40	111	0	5.02545E-12	3.21629E-12
41	92	0	9.33E-13	5.9712E-13	41	93	0	5.86E-11	3.7504E-11
41	93	1	1.37E-11	8.768E-12	41	94	0	2.19E-9	1.4016E-9
41	94	1	1.52E-9	9.728E-10	41	95	0	8.0E-8	5.12E-8
41	95	1	1.88E-8	1.2032E-8	41	96	0	2.1E-6	1.344E-6
41	97	0	2.456E-5	1.57184E-5	41	97	1	5.76E-6	3.6864E-6
41	98	0	2.004E-4	1.28256E-4	41	98	1	6.68E-5	4.2752E-5
41	99	0	1.369E-4	8.7616E-5	41	99	1	0.00157414	0.00100745
41	100	0	0.00320559	0.00205158	41	100	1	0.00320559	0.00205158
41	101	0	0.0171318	0.00548217	41	102	1	0.0145623	0.00931985
41	102	0	0.0145623	0.00931985	41	103	0	0.0336717	0.0107749
41	104	1	0.0154146	0.00986535	41	104	0	0.0154146	0.00986535
41	105	0	0.0177328	0.00567451	41	106	0	0.00638411	0.00408583
41	107	0	0.00161686	0.00103479	41	108	0	2.1796E-4	1.39494E-4
41	109	0	1.81301E-5	1.16033E-5	41	110	0	7.41E-7	4.7424E-7
41	111	0	5.29734E-8	3.3903E-8	41	112	0	1.61259E-10	1.03206E-10
41	113	0	6.78592E-12	4.34299E-12	42	94	0	1.06E-13	6.784E-14
42	95	0	8.45E-12	5.408E-12	42	96	0	5.36E-10	3.4304E-10
42	97	0	2.36E-8	1.5104E-8	42	98	0	6.08E-7	3.8912E-7
42	99	0	1.114E-5	7.1296E-6	42	100	0	1.197E-4	7.6608E-5
42	101	0	8.6358E-4	5.52691E-4	42	102	0	0.00391255	0.00250403
42	103	0	0.0116043	0.00371337	42	104	0	0.0265142	0.00848455
42	105	0	0.0380368	0.0121718	42	106	0	0.0356387	0.0114044
42	107	0	0.0244159	0.00781308	42	108	0	0.0100196	0.00320626
42	109	0	0.00265779	0.00170099	42	110	0	3.7748E-4	2.41587E-4
42	111	0	3.2147E-5	2.05741E-5	42	112	0	1.69984E-6	1.0879E-6
42	113	0	7.15305E-8	4.57795E-8	42	114	0	9.27E-10	5.9328E-10
43	97	1	5.2E-13	3.328E-13	43	97	0	5.2E-13	3.328E-13
43	98	0	8.02E-11	5.1328E-11	43	99	0	3.55E-9	2.272E-9
43	99	1	8.32E-10	5.3248E-10	43	100	0	1.43E-7	9.152E-8
43	101	0	2.98E-6	1.9072E-6	43	102	0	1.97E-5	1.2608E-5
43	102	1	1.97E-5	1.2608E-5	43	103	0	3.3061E-4	2.1159E-4
43	104	0	0.00206313	0.0013204	43	105	0	0.0077366	0.00495142
43	106	0	0.018787	0.00601183	43	107	0	0.0327802	0.0104897
43	108	0	0.0371119	0.0118758	43	109	0	0.0281652	0.00901285
43	110	0	0.0126535	0.00404913	43	111	0	0.00349118	0.00223435
43	112	0	5.8678E-4	3.75539E-4	43	113	0	4.34085E-5	2.77814E-5
43	114	0	3.07E-6	1.9648E-6	43	115	0	6.54086E-14	4.18615E-14
43	117	0	6.59079E-18	4.21811E-18	43	118	0	1.51289E-19	9.68248E-20
43	120	0	1.1383E-13	7.28513E-14	43	121	0	1.7948E-15	1.14867E-15
44	99	0	9.58E-14	6.1312E-14	44	100	0	9.68E-12	6.1952E-12
44	101	0	6.06E-10	3.8784E-10	44	102	0	2.45E-8	1.568E-8
44	103	0	6.18E-7	3.9552E-7	44	104	0	1.14E-5	7.296E-6
44	105	0	1.2315E-4	7.8816E-5	44	106	0	8.5447E-4	5.46861E-4
44	107	0	0.00408969	0.0026174	44	108	0	0.0130969	0.00419102
44	109	1	0.0136304	0.00872348	44	109	0	0.0136304	0.00872348
44	110	0	0.035213	0.0112682	44	111	0	0.0281493	0.00900776
44	112	0	0.0136684	0.0043739	44	113	0	0.00298034	0.00190742
44	114	0	6.0794E-4	3.89082E-4	44	115	0	1.31E-6	8.384E-7
44	116	0	7.23E-9	4.6272E-9	44	117	0	1.32E-10	8.448E-11
44	118	0	3.03E-12	1.9392E-12	44	119	0	6.59E-14	4.2176E-14
44	120	0	1.19989E-9	7.67927E-10	44	121	0	1.89191E-11	1.21082E-11
44	122	0	1.75E-14	1.12E-14	45	102	0	4.26E-13	2.7264E-13
45	102	1	4.26E-13	2.7264E-13	45	103	0	8.66E-12	5.5424E-12
45	103	1	5.8E-11	3.712E-11	45	104	0	9.44E-10	6.0416E-10
45	104	1	2.83E-9	1.8112E-9	45	105	0	1.08E-7	6.912E-8
45	105	1	1.61E-8	1.0304E-8	45	106	0	1.32E-6	8.448E-7
45	106	1	1.32E-6	8.448E-7	45	107	0	3.796E-5	2.42944E-5
45	108	0	1.9152E-4	1.22573E-4	45	108	1	1.9152E-4	1.22573E-4
45	109	0	0.00120072	7.68461E-4	45	109	1	0.00120087	7.68557E-4
45	110	0	0.00466759	0.00298726	45	110	1	0.00466759	0.00298726
45	111	0	0.0210845	0.00674704	45	112	0	0.0273305	0.00874576
45	113	0	0.0158482	0.00507143	45	114	0	0.00849478	0.00543666
45	115	0	0.00265546	0.00169949	45	116	0	5.992E-5	3.83488E-5
45	117	0	4.97E-6	3.1808E-6	45	118	0	4.58E-7	2.9312E-7
45	119	0	4.05E-8	2.592E-8	45	120	0	3.49E-7	2.2336E-7
45	121	0	1.14811E-8	7.34789E-9	45	122	0	1.68E-10	1.0752E-10
45	123	0	1.1E-12	7.04E-13	46	104	0	6.92E-14	4.4288E-14
46	105	0	7.06E-12	4.5184E-12	46	106	0	4.78E-10	3.0592E-10
46	107	0	7.57E-9	4.8448E-9	46	107	1	1.41E-8	9.024E-9
46	108	0	7.36E-7	4.7104E-7	46	109	0	5.33E-6	3.4112E-6
46	109	1	9.89E-6	6.3296E-6	46	110	0	1.9902E-4	1.27373E-4
46	111	0	4.9248E-4	3.15187E-4	46	111	1	9.1461E-4	5.8535E-4
46	112	0	0.00516967	0.00330859	46	113	0	0.0074108	0.00474291
46	114	0	0.010633	0.00340258	46	115	0	0.0108914	0.00250503
46	116	0	6.5122E-4	4.16781E-4	46	117	0	1.6773E-4	1.07347E-4
46	118	0	4.733E-5	3.02912E-5	46	119	0	1.395E-5	8.928E-6
46	120	0	6.96E-6	4.4544E-6	46	121	0	1.21E-6	7.744E-7
46	122	0	9.3E-8	5.952E-8	46	123	0	3.34E-9	2.1376E-9
46	124	0	4.22E-11	2.7008E-11	47	107	0	8.97E-14	5.7408E-14
47	107	1	6.0E-13	3.84E-13	47	108	1	4.085E-11	2.6144E-11
47	108	0	4.085E-11	2.6144E-11	47	109	1	2.905E-9	1.8592E-9
47	109	0	2.905E-9	1.8592E-9	47	110	0	8.19E-8	5.2416E-8
47	110	1	1.91E-7	1.2224E-7	47	111	0	8.57E-7	5.4848E-7
47	111	1	5.73E-6	3.6672E-6	47	112	0	7.59E-5	4.8576E-5
47	113	0	4.476E-5	2.86464E-5	47	113	1	2.9955E-4	1.91712E-4
47	114	0	0.00123172	7.88301E-4	47	115	0	1.6466E-4	1.05382E-4
47	115	1	1.6466E-4	1.05382E-4	47	116	0	2.876E-5	1.84064E-5
47	116	1	2.876E-5	1.84064E-5	47	117	0	2.057E-5	1.31648E-5
47	117	1	2.057E-5	1.31648E-5	47	118	0	1.351E-5	8.6464E-6
47	118	1	1.351E-5	8.6464E-6	47	119	0	1.798E-5	1.15072E-5
47	120	1	6.04E-6	3.8656E-6	47	120	0	6.04E-6	3.8656E-6
47	121	0	9.53E-6	6.0992E-6	47	122	1	1.685E-6	1.0784E-6
47	122	0	1.685E-6	1.0784E-6	47	123	0	6.08E-7	3.8912E-7
47	124	0	4.11E-8	2.6304E-8	47	125	0	3.61E-12	2.3104E-12
47	126	0	6.38E-13	4.0832E-13	47	127	0	9.12E-14	5.8368E-14
47	128	0	1.21E-14	7.744E-15	47	129	0	1.16837E-15	7.47756E-16
47	131	0	5.4259E-10	3.47258E-10	47	132	0	4.19274E-11	2.68336E-11
47	133	0	4.06094E-12	2.599E-12	48	109	0	1.23E-13	7.872E-14
48	110	0	2.14E-11	1.3696E-11	48	111	0	4.23E-10	2.7072E-10
48	111	1	1.41E-9	9.024E-10	48	112	0	7.01E-8	4.4864E-8
48	113	0	2.31E-7	1.4784E-7	48	113	1	7.75E-7	4.96E-7
48	114	0	1.054E-5	6.7456E-6	48	115	0	2.04E-9	1.3056E-9
48	115	1	6.84E-9	4.3776E-9	48	116	0	6.56E-9	4.1984E-9
48	117	0	4.74E-9	3.0336E-9	48	117	1	1.59E-8	1.0176E-8
48	118	0	4.91E-8	3.1424E-8	48	119	0	5.58E-8	3.5712E-8
48	119	1	5.58E-8	3.5712E-8	48	120	0	1.97E-6	1.2608E-6
48	121	1	3.485E-6	2.2304E-6	48	121	0	3.485E-6	2.2304E-6
48	122	0	1.007E-5	6.4448E-6	48	123	0	7.87E-6	5.0368E-6
48	124	0	2.53E-6	1.6192E-6	48	125	0	4.67E-7	2.9888E-7
48	126	0	2.65E-7	1.696E-7	48	127	0	1.33E-7	8.512E-8
48	128	0	6.76E-8	4.3264E-8	48	129	0	2.34E-8	1.4976E-8
48	130	0	9.34E-9	5.9776E-9	48	131	0	5.71946E-6	3.66045E-6
48	132	0	4.41958E-7	2.82853E-7	48	133	0	4.28064E-8	2.73961E-8
48	134	0	1.83E-10	1.1712E-10	48	135	0	9.7372E-12	6.23181E-12
49	111	0	2.83E-14	1.8112E-14	49	112	0	6.96E-13	4.4544E-13
49	112	1	2.97E-12	1.9008E-12	49	113	0	1.39E-10	8.896E-11
49	113	1	3.27E-11	2.0928E-11	49	114	0	1.38E-9	8.832E-10
49	114	1	4.13E-9	2.6432E-9	49	118	2	5.85E-15	3.744E-15
49	118	0	3.52E-14	2.2528E-14	49	118	1	5.85E-15	3.744E-15
49	119	0	3.54E-13	2.2656E-13	49	119	1	8.3E-14	5.312E-14
49	120	2	8.2E-9	5.248E-9	49	120	0	8.2E-9	5.248E-9
49	120	1	8.2E-9	5.248E-9	49	121	0	3.67E-7	2.3488E-7
49	121	1	8.62E-8	5.5168E-8	49	122	2	9.53333E-7	6.10133E-7
49	122	0	9.53333E-7	6.10133E-7	49	122	1	9.53333E-7	6.10133E-7
49	123	0	7.44E-6	4.7616E-6	49	123	1	1.75E-6	1.12E-6
49	124	1	6.11E-6	3.9104E-6	49	124	0	6.11E-6	3.9104E-6
49	125	0	2.122E-5	1.35808E-5	49	125	1	2.122E-5	1.35808E-5
49	126	1	3.246E-5	2.07744E-5	49	126	0	3.246E-5	2.07744E-5
49	127	0	4.939E-5	3.16096E-5	49	127	1	4.939E-5	3.16096E-5
49	128	1	8.5435E-5	5.46784E-5	49	128	0	8.5435E-5	5.46784E-5
49	129	0	1.1269E-4	7.21216E-5	49	129	1	1.1269E-4	7.21216E-5
49	130	2	1.37007E-4	8.76842E-5	49	130	1	1.37007E-4	8.76842E-5
49	130	0	1.37007E-4	8.76842E-5	49	131	1	4.80075E-4	3.07248E-4
49	131	0	4.80075E-4	3.07248E-4	49	132	0	2.4479E-4	1.56666E-4
49	133	0	2.59772E-5	1.66254E-5	49	134	0	1.24E-6	7.936E-7
49	135	0	1.0264E-7	6.56896E-8	49	136	0	7.64E-10	4.8896E-10
49	137	0	1.84025E-11	1.17776E-11	50	114	0	1.61E-13	1.0304E-13
50	120	0	1.92E-11	1.2288E-11	50	121	0	5.99E-10	3.8336E-10
50	121	1	1.47E-9	9.408E-10	50	122	0	6.62E-8	4.2368E-8
50	123	0	7.02E-7	4.4928E-7	50	123	1	2.87E-7	1.8368E-7
50	124	0	5.59E-6	3.5776E-6	50	125	0	1.57E-5	1.0048E-5
50	125	1	6.41E-6	4.1024E-6	50	126	0	6.676E-5	4.27264E-5
50	127	0	1.4921E-4	9.54944E-5	50	127	1	6.094E-5	3.90016E-5
50	128	1	4.0809E-4	2.61178E-4	50	128	0	4.0809E-4	2.61178E-4
50	129	0	0.00193631	0.00123924	50	129	1	7.912E-4	5.06368E-4
50	130	1	0.00781331	0.00500052	50	130	0	0.00781331	0.00500052
50	131	1	0.00576452	0.0036893	50	131	0	0.00576452	0.0036893
50	132	0	0.00887699	0.00568127	50	133	0	0.00306166	0.00195946
50	134	0	4.9284E-4	3.15418E-4	50	135	0	6.22873E-5	3.98639E-5
50	136	0	3.37E-6	2.1568E-6	50	137	0	1.93982E-7	1.24148E-7
50	138	0	6.2E-9	3.968E-9	50	139	0	8.99258E-11	5.75525E-11
50	140	0	7.76292E-12	4.96827E-12	51	121	0	5.6E-13	3.584E-13
51	122	0	4.65E-11	2.976E-11	51	122	1	5.24E-11	3.3536E-11
51	123	0	7.79E-9	4.9856E-9	51	124	2	7.26666E-8	4.65067E-8
51	124	0	7.26666E-8	4.65067E-8	51	124	1	7.26666E-8	4.65067E-8
51	125	0	3.49E-8	2.2336E-8	51	126	2	9.35E-8	5.984E-8
51	126	0	1.1E-7	7.04E-8	51	126	1	9.35E-8	5.984E-8
51	127	0	2.67E-6	1.7088E-6	51	128	0	1.084E-5	6.9376E-6
51	128	1	1.846E-5	1.18144E-5	51	129	0	2.6823E-4	1.71667E-4
51	130	0	0.00156289	0.00100025	51	130	1	0.00266118	0.00170315
51	131	0	0.0124527	0.00398487	51	132	0	0.0153859	0.00492347
51	132	1	0.0111415	0.00356528	51	133	0	0.0265682	0.00850183
51	134	1	0.00653319	0.00418124	51	134	0	0.00653319	0.00418124
51	135	0	0.00516204	0.0033037	51	136	0	8.7972E-4	5.63021E-4
51	137	0	1.6394E-4	1.04922E-4	51	138	0	1.634E-5	1.04576E-5
51	139	0	9.4791E-7	6.06662E-7	51	140	0	8.18291E-8	5.23706E-8
51	141	0	1.62531E-10	1.0402E-10	51	142	0	2.00151E-11	1.28097E-11
52	123	0	8.61E-13	5.5104E-13	52	123	1	2.88E-12	1.8432E-12
52	124	0	5.7E-10	3.648E-10	52	125	1	2.2E-14	1.408E-14
52	126	0	7.86E-13	5.0304E-13	52	127	0	7.11E-12	4.5504E-12
52	127	1	1.74E-11	1.1136E-11	52	128	0	9.95E-10	6.368E-10
52	129	0	1.03E-8	6.592E-9	52	129	1	2.52E-8	1.6128E-8
52	130	0	2.45E-6	1.568E-6	52	131	0	3.6318E-4	2.32435E-4
52	131	1	8.8916E-4	5.69062E-4	52	132	0	0.00755599	0.00483583
52	133	0	0.00619408	0.00396421	52	133	1	0.0151645	0.00485263
52	134	0	0.0291608	0.00933146	52	135	0	0.032476	0.0103923
52	136	0	0.0158412	0.00506918	52	137	0	0.00883703	0.0056557
52	138	0	0.00259577	0.00166129	52	139	0	4.5627E-4	2.92013E-4
52	140	0	4.96582E-5	3.17812E-5	52	141	0	1.71324E-6	1.09648E-6
52	142	0	2.1098E-7	1.35027E-7	52	143	0	3.37526E-10	2.16017E-10
52	144	0	6.25201E-11	4.00128E-11	52	145	0	4.98175E-12	3.18832E-12
53	130	0	4.65E-13	2.976E-13	53	130	1	1.99E-13	1.2736E-13
53	131	0	9.1E-6	5.824E-6	53	132	1	8.0225E-5	5.1344E-5
53	132	0	8.0225E-5	5.1344E-5	53	133	1	7.6867E-4	4.91949E-4
53	133	0	7.6867E-4	4.91949E-4	53	134	0	0.00362478	0.00231986
53	134	1	0.00263547	0.0016867	53	135	0	0.0192013	0.00614441
53	136	0	0.0125317	0.00401015	53	136	1	0.0124194	0.00397422
53	137	0	0.0377601	0.0120832	53	138	0	0.0296422	0.00948549
53	139	0	0.0145152	0.00464486	53	140	0	0.00458484	0.0029343
53	141	0	0.00103969	6.65399E-4	53	142	0	1.7295E-4	1.10688E-4
53	143	0	3.55787E-6	2.27704E-6	53	144	0	6.59025E-7	4.21776E-7
53	145	0	5.25127E-8	3.36082E-8	53	146	0	1.48928E-10	9.53138E-11
53	147	0	1.24935E-11	7.99585E-12	54	131	0	1.06E-9	6.784E-10
54	131	1	2.59E-9	1.6576E-9	54	132	0	2.4E-7	1.536E-7
54	133	0	2.27E-6	1.4528E-6	54	133	1	5.55E-6	3.552E-6
54	134	0	3.159E-5	2.02176E-5	54	134	1	7.372E-5	4.71808E-5
54	135	0	2.8941E-4	1.85222E-4	54	135	1	7.0855E-4	4.53472E-4
54	136	0	0.00371496	0.00237757	54	137	0	0.0150993	0.00483177
54	138	0	0.0305464	0.00977484	54	139	0	0.0384189	0.0122941
54	140	0	0.0318242	0.0101837	54	141	0	0.0192415	0.00615727
54	142	0	0.00907797	0.0058099	54	143	1	0.00107955	6.90912E-4
54	143	0	0.00107955	6.90912E-4	54	144	0	3.99931E-4	2.55956E-4
54	145	0	3.18675E-5	2.03952E-5	54	146	0	1.56985E-6	1.0047E-6
54	147	0	1.31694E-7	8.42844E-8	54	148	0	5.9E-10	3.776E-10
54	149	0	9.21281E-12	5.8962E-12	54	150	0	3.01E-14	1.9264E-14
55	131	0	8.95E-14	5.728E-14	55	132	0	2.05E-11	1.312E-11
55	133	0	2.38E-9	1.5232E-9	55	134	1	5.6E-8	3.584E-8
55	134	0	5.6E-8	3.584E-8	55	135	1	1.77E-6	1.1328E-6
55	135	0	1.77E-6	1.1328E-6	55	136	1	2.084E-5	1.33376E-5
55	136	0	2.084E-5	1.33376E-5	55	137	0	5.2605E-4	3.36672E-4
55	138	0	0.00146174	9.35513E-4	55	138	1	0.00146174	9.35513E-4
55	139	0	0.00970019	0.00620812	55	140	0	0.0207296	0.00663347
55	141	0	0.0311522	0.0099687	55	142	0	0.0378948	0.0121263
55	143	0	0.0246999	0.00790397	55	144	0	0.0130815	0.00418607
55	145	0	0.00319048	0.00204191	55	146	0	5.1243E-4	3.27955E-4
55	147	0	7.9919E-5	5.11482E-5	55	148	0	2.39E-6	1.5296E-6
55	149	0	9.71124E-8	6.21519E-8	55	150	0	1.43E-9	9.152E-10
55	151	0	1.3294E-11	8.50818E-12	55	152	0	5.71997E-13	3.66078E-13
56	133	0	4.0E-14	2.56E-14	56	134	0	6.77E-12	4.3328E-12
56	135	1	3.705E-10	2.3712E-10	56	135	0	3.705E-10	2.3712E-10
56	136	1	1.45E-8	9.28E-9	56	136	0	1.45E-8	9.28E-9
56	137	0	3.47E-7	2.2208E-7	56	137	1	8.49E-7	5.4336E-7
56	138	0	2.011E-5	1.28704E-5	56	139	0	1.9682E-4	1.25965E-4
56	140	0	0.00118905	7.60992E-4	56	141	0	0.0047302	0.00302733
56	142	0	0.0149934	0.0047979	56	143	0	0.0255849	0.00818715
56	144	0	0.035446	0.0113427	56	145	0	0.0238692	0.00763815
56	146	0	0.0113366	0.0036277	56	147	0	0.00316107	0.00202308
56	148	0	5.7379E-4	3.67226E-4	56	149	0	5.89329E-5	3.7717E-5
56	150	0	3.77E-6	2.4128E-6	56	151	0	1.40133E-7	8.96849E-8
56	152	0	6.02943E-9	3.85883E-9	56	153	0	5.56819E-11	3.56364E-11
56	154	0	1.32E-12	8.448E-13	56	155	0	1.35469E-13	8.67E-14
57	137	0	1.58E-10	1.0112E-10	57	138	0	8.37E-9	5.3568E-9
57	139	0	2.55E-7	1.632E-7	57	140	0	4.72E-6	3.0208E-6
57	141	0	5.455E-5	3.4912E-5	57	142	0	5.0197E-4	3.21261E-4
57	143	0	0.00243246	0.00155677	57	144	0	0.0091652	0.00586573
57	145	0	0.0166804	0.00533774	57	146	1	0.0108135	0.00692064
57	146	0	0.0108135	0.00692064	57	147	0	0.0180933	0.00578985
57	148	0	0.00957624	0.00612879	57	149	0	0.00301721	0.00193101
57	150	0	5.9833E-4	3.82931E-4	57	151	0	8.50398E-5	5.44255E-5
57	152	0	8.74E-6	5.5936E-6	57	153	0	5.86944E-7	3.75644E-7
57	154	0	1.74E-8	1.1136E-8	57	155	0	1.42798E-9	9.13906E-10
57	156	0	4.88521E-12	3.12654E-12	57	157	0	1.55568E-13	9.95635E-14
58	138	0	1.94E-13	1.2416E-13	58	139	0	5.48E-12	3.5072E-12
58	139	1	1.34E-11	8.576E-12	58	140	0	1.11E-9	7.104E-10
58	141	0	3.9E-8	2.496E-8	58	142	0	1.11E-6	7.104E-7
58	143	0	1.675E-5	1.072E-5	58	144	0	1.9104E-4	1.22266E-4
58	145	0	0.00103163	6.60243E-4	58	146	0	0.00389681	0.00249396
58	147	0	0.00953787	0.00610424	58	148	0	0.0141123	0.00451594
58	149	0	0.0123011	0.00393636	58	150	0	0.00683507	0.00437444
58	151	0	0.00270974	0.00173423	58	152	0	7.8383E-4	5.01651E-4
58	153	0	1.5308E-4	9.79712E-5	58	154	0	1.317E-5	8.4288E-6
58	155	0	8.66572E-7	5.54606E-7	58	156	0	5.14951E-8	3.29569E-8
58	157	0	1.63984E-9	1.0495E-9	58	158	0	4.5E-11	2.88E-11
58	159	0	6.38398E-13	4.08574E-13	59	140	0	1.43E-14	9.152E-15
59	141	0	1.57E-12	1.0048E-12	59	142	1	7.1E-11	4.544E-11
59	142	0	7.1E-11	4.544E-11	59	143	0	6.97E-9	4.4608E-9
59	144	0	2.55E-8	1.632E-8	59	144	1	2.29E-7	1.4656E-7
59	145	0	4.45E-6	2.848E-6	59	146	0	5.423E-5	3.47072E-5
59	147	0	4.338E-4	2.77632E-4	59	148	1	9.7182E-4	6.21965E-4
59	148	0	9.7182E-4	6.21965E-4	59	149	0	0.00477321	0.00305485
59	150	0	0.00709836	0.00454295	59	151	0	0.00719169	0.00323626
59	152	0	0.00531983	0.00340469	59	153	0	0.00275813	0.0017652
59	154	0	6.3828E-4	4.08499E-4	59	155	0	1.2028E-4	7.69792E-5
59	156	0	2.037E-5	1.30368E-5	59	157	0	1.89E-6	1.2096E-6
59	158	0	1.49E-7	9.536E-8	59	159	0	6.72936E-9	4.30679E-9
59	160	0	2.05E-10	1.312E-10	59	161	0	2.02997E-12	1.29918E-12
59	162	0	9.77042E-14	6.25307E-14	59	163	0	3.02599E-15	1.93663E-15
60	143	0	1.62E-13	1.0368E-13	60	144	0	1.94E-11	1.2416E-11
60	145	0	1.14E-9	7.296E-10	60	146	0	4.73E-8	3.0272E-8
60	147	0	1.34E-6	8.576E-7	60	148	0	2.011E-5	1.28704E-5
60	149	0	1.5498E-4	9.91872E-5	60	150	0	6.7386E-4	4.3127E-4
60	151	0	0.00181728	0.00116306	60	152	0	0.00338297	0.0021651
60	153	0	0.00436169	0.00279148	60	154	0	0.00248029	0.00158739
60	155	0	0.00121254	7.76025E-4	60	156	0	5.4005E-4	3.45632E-4
60	157	0	1.3701E-4	8.76864E-5	60	158	0	2.954E-5	1.89056E-5
60	159	0	3.83E-6	2.4512E-6	60	160	0	3.42E-7	2.1888E-7
60	161	0	2.1398E-8	1.36947E-8	60	162	0	1.0299E-9	6.59137E-10
60	163	0	3.1897E-11	2.04141E-11	60	164	0	6.14E-13	3.9296E-13
60	165	0	1.42288E-14	9.10641E-15	61	145	0	1.61E-14	1.0304E-14
61	146	0	2.33E-12	1.4912E-12	61	147	0	2.43E-10	1.5552E-10
61	148	0	3.85E-9	2.464E-9	61	148	1	8.99E-9	5.7536E-9
61	149	0	3.33E-7	2.1312E-7	61	150	0	4.64E-6	2.9696E-6
61	151	0	3.674E-5	2.35136E-5	61	152	2	6.29733E-5	4.03029E-5
61	152	0	6.29733E-5	4.03029E-5	61	152	1	6.29733E-5	4.03029E-5
61	153	0	6.4645E-4	4.13728E-4	61	154	0	4.5893E-4	2.93715E-4
61	154	1	4.5893E-4	2.93715E-4	61	155	0	0.00112059	7.17177E-4
61	156	0	0.00121477	7.77453E-4	61	157	0	7.6484E-4	4.89497E-4
61	158	0	4.1276E-4	2.64166E-4	61	159	0	1.427E-4	9.1328E-5
61	160	0	3.511E-5	2.24704E-5	61	161	0	6.07E-6	3.8848E-6
61	162	0	8.43E-7	5.3952E-7	61	163	0	7.5E-8	4.8E-8
61	164	0	4.3E-9	2.752E-9	61	165	0	1.49986E-10	9.59909E-11
61	166	0	1.32802E-12	8.49932E-13	61	167	0	6.74444E-14	4.31644E-14
61	168	0	2.33352E-15	1.49345E-15	62	148	0	4.6E-13	2.944E-13
62	149	0	4.15E-11	2.656E-11	62	150	0	1.93E-9	1.2352E-9
62	151	0	4.76E-8	3.0464E-8	62	152	0	7.29E-7	4.6656E-7
62	153	0	7.25E-6	4.64E-6	62	154	0	2.828E-5	1.80992E-5
62	155	0	9.386E-5	6.00704E-5	62	156	0	2.5935E-4	1.65984E-4
62	157	0	4.0318E-4	2.58035E-4	62	158	0	5.1666E-4	3.30662E-4
62	159	0	4.3668E-4	2.79475E-4	62	160	0	2.6946E-4	1.72454E-4
62	161	0	1.1807E-4	7.55648E-5	62	162	0	4.426E-5	2.83264E-5
62	163	0	1.068E-5	6.8352E-6	62	164	0	1.75E-6	1.12E-6
62	165	0	1.78E-7	1.1392E-7	62	166	0	1.39987E-8	8.95915E-9
62	167	0	7.10932E-10	4.54997E-10	62	168	0	2.45977E-11	1.57425E-11
62	169	0	2.42838E-13	1.55416E-13	62	171	0	1.19393E-15	7.64118E-16
63	151	0	3.53E-12	2.2592E-12	63	152	2	5.54E-11	3.5456E-11
63	152	0	5.54E-11	3.5456E-11	63	152	1	5.54E-11	3.5456E-11
63	153	0	5.04E-9	3.2256E-9	63	154	1	2.875E-8	1.84E-8
63	154	0	2.875E-8	1.84E-8	63	155	0	5.63E-7	3.6032E-7
63	156	0	4.35E-6	2.784E-6	63	157	0	1.834E-5	1.17376E-5
63	158	0	5.985E-5	3.8304E-5	63	159	0	1.2739E-4	8.15296E-5
63	160	0	1.9261E-4	1.2327E-4	63	161	0	2.0031E-4	1.28198E-4
63	162	0	1.8484E-4	1.18298E-4	63	163	0	1.1033E-4	7.06112E-5
63	164	0	4.764E-5	3.04896E-5	63	165	0	1.323E-5	8.4672E-6
63	166	0	2.84E-6	1.8176E-6	63	167	0	4.17E-7	2.6688E-7
63	168	0	4.1E-8	2.624E-8	63	169	0	2.55976E-9	1.63824E-9
63	170	0	1.1E-10	7.04E-11	63	171	0	1.25853E-11	8.05459E-12
63	172	0	4.21172E-14	2.6955E-14	64	153	0	1.97E-13	1.2608E-13
64	154	0	6.76E-12	4.3264E-12	64	155	0	2.03E-10	1.2992E-10
64	156	0	4.63E-9	2.9632E-9	64	157	0	5.67E-8	3.6288E-8
64	158	0	5.12E-7	3.2768E-7	64	159	0	3.02E-6	1.9328E-6
64	160	0	1.222E-5	7.8208E-6	64	161	0	3.195E-5	2.0448E-5
64	162	0	7.344E-5	4.70016E-5	64	163	0	1.0437E-4	6.67968E-5
64	164	0	1.0971E-4	7.02144E-5	64	165	0	7.565E-5	4.8416E-5
64	166	0	4.07E-5	2.6048E-5	64	167	0	1.593E-5	1.01952E-5
64	168	0	4.21E-6	2.6944E-6	64	169	0	7.48E-7	4.7872E-7
64	170	0	9.33E-8	5.9712E-8	64	171	0	7.63741E-9	4.88794E-9
64	172	0	4.43958E-10	2.84133E-10	65	156	0	2.52E-13	1.6128E-13
65	156	1	2.8E-14	1.792E-14	65	157	0	1.03E-11	6.592E-12
65	158	0	2.41E-10	1.5424E-10	65	158	1	2.68E-11	1.7152E-11
65	159	0	4.64E-9	2.9696E-9	65	160	0	5.41E-8	3.4624E-8
65	161	0	3.89E-7	2.4896E-7	65	162	0	1.22E-6	7.808E-7
65	162	1	1.22E-6	7.808E-7	65	163	0	8.96E-6	5.7344E-6
65	164	0	2.399E-5	1.53536E-5	65	165	0	4.083E-5	2.61312E-5
65	166	0	5.215E-5	3.3376E-5	65	167	0	4.993E-5	3.19552E-5
65	168	0	3.233E-5	2.06912E-5	65	169	0	1.492E-5	9.5488E-6
65	170	0	5.03E-6	3.2192E-6	65	171	0	1.12E-6	7.168E-7
65	172	0	1.86E-7	1.1904E-7	66	159	0	4.08E-13	2.6112E-13
66	160	0	1.43E-11	9.152E-12	66	161	0	2.94E-10	1.8816E-10
66	162	0	5.41E-9	3.4624E-9	66	163	0	5.53E-8	3.5392E-8
66	164	0	4.14E-7	2.6496E-7	66	165	0	1.66E-6	1.0624E-6
66	165	1	2.48E-7	1.5872E-7	66	166	0	6.19E-6	3.9616E-6
66	167	0	1.492E-5	9.5488E-6	66	168	0	2.311E-5	1.47904E-5
66	169	0	2.592E-5	1.65888E-5	66	170	0	2.151E-5	1.37664E-5
66	171	0	1.186E-5	7.5904E-6	66	172	0	5.19E-6	3.3216E-6
67	161	0	1.09E-14	6.976E-15	67	162	0	2.08E-13	1.3312E-13
67	162	1	4.86E-13	3.1104E-13	67	163	0	1.79E-11	1.1456E-11
67	163	1	2.67E-12	1.7088E-12	67	164	0	1.36E-10	8.704E-11
67	164	1	3.17E-10	2.0288E-10	67	165	0	6.05E-9	3.872E-9
67	166	0	1.63E-8	1.0432E-8	67	166	1	3.81E-8	2.4384E-8
67	167	0	3.63E-7	2.3232E-7	67	168	0	1.47E-6	9.408E-7
67	169	0	4.24E-6	2.7136E-6	67	170	0	4.38E-6	2.8032E-6
67	170	1	4.38E-6	2.8032E-6	67	171	0	1.148E-5	7.3472E-6
67	172	0	1.223E-5	7.8272E-6	68	164	0	2.82E-14	1.8048E-14
68	165	0	1.13E-12	7.232E-13	68	166	0	2.93E-11	1.8752E-11
68	167	0	4.99E-10	3.1936E-10	68	167	1	7.45E-11	4.768E-11
68	168	0	6.5E-9	4.16E-9	68	169	0	5.29E-8	3.3856E-8
68	170	0	2.99E-7	1.9136E-7	68	171	0	1.01E-6	6.464E-7
68	172	0	2.74E-6	1.7536E-6	69	167	0	5.2E-14	3.328E-14
69	168	0	1.71E-12	1.0944E-12	69	169	0	4.12E-11	2.6368E-11
69	170	0	6.81E-10	4.3584E-10	69	171	0	6.41E-9	4.1024E-9
69	172	0	4.85E-8	3.104E-8	70	170	0	8.98E-14	5.7472E-14
70	171	0	2.45E-12	1.568E-12	70	172	0	5.46E-11	3.4944E-11