Z	A	FPS	Yield	Uncertainty	Z	A	FPS	Yield	Uncertainty
23	66	0	1.36878E-16	8.76021E-17	23	67	0	1.91173E-17	1.22351E-17
23	68	0	1.18113E-18	7.55921E-19	24	66	0	2.47986E-12	1.58711E-12
24	67	0	2.86981E-13	1.83668E-13	24	68	0	2.13988E-14	1.36952E-14
24	69	0	6.24778E-16	3.99858E-16	24	71	0	5.17193E-18	3.31004E-18
25	66	0	5.36E-10	3.4304E-10	25	67	0	1.77E-10	1.1328E-10
25	68	0	3.95E-11	2.528E-11	25	69	0	6.32938E-12	4.0508E-12
25	70	0	7.3E-13	4.672E-13	25	71	0	5.23948E-14	3.35327E-14
25	72	0	1.28047E-15	8.19504E-16	25	73	0	1.37218E-16	8.78196E-17
26	66	0	8.42E-9	5.3888E-9	26	67	0	7.35E-9	4.704E-9
26	68	0	4.61E-9	2.9504E-9	26	69	0	2.08E-9	1.3312E-9
26	70	0	6.88E-10	4.4032E-10	26	71	0	1.48E-10	9.472E-11
26	72	0	2.31987E-11	1.48472E-11	26	73	0	2.05986E-12	1.31831E-12
26	74	0	1.31E-13	8.384E-14	26	75	0	5.60622E-15	3.58798E-15
27	66	0	1.05E-8	6.72E-9	27	67	0	2.22E-8	1.4208E-8
27	68	0	3.55E-8	2.272E-8	27	69	0	4.11E-8	2.6304E-8
27	70	0	3.64E-8	2.3296E-8	27	71	0	2.23E-8	1.4272E-8
27	72	0	9.9E-9	6.336E-9	27	73	0	2.61E-9	1.6704E-9
27	74	0	4.84E-10	3.0976E-10	27	75	0	5.67944E-11	3.63484E-11
27	76	0	4.55E-12	2.912E-12	27	77	0	8.85922E-14	5.6699E-14
27	78	0	7.61661E-15	4.87463E-15	27	79	0	2.60492E-15	1.66715E-15
28	66	0	1.28E-9	8.192E-10	28	67	0	6.72E-9	4.3008E-9
28	68	0	2.66E-8	1.7024E-8	28	69	0	7.41E-8	4.7424E-8
28	70	0	1.6E-7	1.024E-7	28	71	0	2.51E-7	1.6064E-7
28	72	0	2.91E-7	1.8624E-7	28	73	0	2.13E-7	1.3632E-7
28	74	0	1.1E-7	7.04E-8	28	75	0	3.8E-8	2.432E-8
28	76	0	8.83E-9	5.6512E-9	28	77	0	1.32991E-9	8.51143E-10
28	78	0	1.37992E-10	8.83151E-11	28	79	0	3.9104E-11	2.50266E-11
28	80	0	3.6E-13	2.304E-13	28	81	0	2.31947E-14	1.48446E-14
29	66	0	1.02E-11	6.528E-12	29	67	0	1.47E-10	9.408E-11
29	68	0	4.73E-10	3.0272E-10	29	68	1	1.1E-9	7.04E-10
29	69	0	1.12E-8	7.168E-9	29	70	0	1.49E-8	9.536E-9
29	70	1	4.46E-8	2.8544E-8	29	71	0	2.31E-7	1.4784E-7
29	72	0	6.44E-7	4.1216E-7	29	73	0	1.19E-6	7.616E-7
29	74	0	1.56E-6	9.984E-7	29	75	0	1.46E-6	9.344E-7
29	76	0	9.25E-7	5.92E-7	29	77	0	4.03E-7	2.5792E-7
29	78	0	1.2E-7	7.68E-8	29	79	0	2.16609E-8	1.3863E-8
29	80	0	2.77E-9	1.7728E-9	29	81	0	2.34977E-10	1.50385E-10
29	82	0	1.17E-11	7.488E-12	29	83	0	3.2506E-13	2.08039E-13
29	84	0	1.25288E-14	8.01842E-15	30	67	0	2.14E-13	1.3696E-13
30	68	0	6.76E-12	4.3264E-12	30	69	0	2.55E-11	1.632E-11
30	69	1	1.09E-10	6.976E-11	30	70	0	1.93E-9	1.2352E-9
30	71	0	3.83E-9	2.4512E-9	30	71	1	1.63E-8	1.0432E-8
30	72	0	1.42E-7	9.088E-8	30	73	0	6.54E-7	4.1856E-7
30	74	0	2.06E-6	1.3184E-6	30	75	0	4.77E-6	3.0528E-6
30	76	0	7.52E-6	4.8128E-6	30	77	0	8.65E-6	5.536E-6
30	78	0	6.89E-6	4.4096E-6	30	79	0	3.53E-6	2.2592E-6
30	80	0	1.28E-6	8.192E-7	30	81	0	3.13E-7	2.0032E-7
30	82	0	4.69E-8	3.0016E-8	30	83	0	4.87968E-9	3.12299E-9
30	84	0	2.26987E-10	1.45272E-10	30	85	0	8.01452E-12	5.1293E-12
30	86	0	3.19E-13	2.0416E-13	30	87	0	9.87326E-14	6.31889E-14
31	69	0	8.81E-14	5.6384E-14	31	70	0	3.67E-12	2.3488E-12
31	71	0	1.12E-10	7.168E-11	31	72	1	1.09E-9	6.976E-10
31	72	0	1.09E-9	6.976E-10	31	73	0	2.77E-8	1.7728E-8
31	74	1	1.13E-7	7.232E-8	31	74	0	1.13E-7	7.232E-8
31	75	0	1.33E-6	8.512E-7	31	76	0	5.08E-6	3.2512E-6
31	77	0	1.438E-5	9.2032E-6	31	78	0	2.785E-5	1.7824E-5
31	79	0	3.679E-5	2.35456E-5	31	80	0	3.469E-5	2.22016E-5
31	81	0	2.297E-5	1.47008E-5	31	82	0	9.85E-6	6.304E-6
31	83	0	2.92E-6	1.8688E-6	31	84	0	4.07E-7	2.6048E-7
31	85	0	8.1192E-8	5.19629E-8	31	86	0	5.13E-9	3.2832E-9
31	87	0	1.00022E-9	6.40142E-10	31	88	0	3.8911E-12	2.4903E-12
31	89	0	7.19053E-13	4.60194E-13	32	71	0	1.92E-14	1.2288E-14
32	71	1	1.92E-14	1.2288E-14	32	72	0	2.19E-12	1.4016E-12
32	73	0	6.66E-11	4.2624E-11	32	73	1	1.56E-11	9.984E-12
32	74	0	1.89E-9	1.2096E-9	32	75	0	4.08E-9	2.6112E-9
32	75	1	2.73E-8	1.7472E-8	32	76	0	3.18E-7	2.0352E-7
32	77	0	2.05E-6	1.312E-6	32	77	1	3.06E-7	1.9584E-7
32	78	0	1.125E-5	7.2E-6	32	79	1	1.8325E-5	1.1728E-5
32	79	0	1.8325E-5	1.1728E-5	32	80	0	8.315E-5	5.3216E-5
32	81	0	1.3509E-4	8.64576E-5	32	82	0	1.5084E-4	9.65376E-5
32	83	0	1.1816E-4	7.56224E-5	32	84	0	4.622E-5	2.95808E-5
32	85	0	2.592E-5	1.65888E-5	32	86	0	4.83E-6	3.0912E-6
32	87	0	8.21E-7	5.2544E-7	32	88	0	7.04961E-8	4.51175E-8
32	89	0	1.07941E-8	6.90825E-9	32	90	0	2.2497E-11	1.43981E-11
32	91	0	4.32646E-12	2.76893E-12	32	92	0	5.44224E-13	3.48303E-13
33	73	0	1.26E-14	8.064E-15	33	74	0	2.55E-13	1.632E-13
33	74	1	5.95E-13	3.808E-13	33	75	0	4.23E-11	2.7072E-11
33	76	0	1.23E-9	7.872E-10	33	77	0	2.61E-8	1.6704E-8
33	78	0	3.38E-7	2.1632E-7	33	79	0	2.96E-6	1.8944E-6
33	80	0	1.691E-5	1.08224E-5	33	81	0	6.707E-5	4.29248E-5
33	82	0	9.211E-5	5.89504E-5	33	82	1	9.211E-5	5.89504E-5
33	83	0	3.4874E-4	2.23194E-4	33	84	1	1.73355E-4	1.10947E-4
33	84	0	1.73355E-4	1.10947E-4	33	85	0	5.001E-4	3.20064E-4
33	86	0	2.559E-4	1.63776E-4	33	87	0	1.2019E-4	7.69216E-5
33	88	0	3.088E-5	1.97632E-5	33	89	0	5.97921E-6	3.82669E-6
33	90	0	1.8884E-7	1.20858E-7	33	91	0	4.38296E-8	2.8051E-8
33	92	0	4.56822E-9	2.92366E-9	33	93	0	1.68107E-11	1.07589E-11
33	94	0	9.71394E-13	6.21692E-13	34	76	0	2.88E-13	1.8432E-13
34	77	0	2.41E-12	1.5424E-12	34	77	1	1.61E-11	1.0304E-11
34	78	0	6.94E-10	4.4416E-10	34	79	0	1.54E-8	9.856E-9
34	79	1	2.31E-9	1.4784E-9	34	80	0	2.81E-7	1.7984E-7
34	81	0	3.89E-7	2.4896E-7	34	81	1	2.61E-6	1.6704E-6
34	82	0	2.182E-5	1.39648E-5	34	83	0	8.337E-5	5.33568E-5
34	83	1	1.956E-5	1.25184E-5	34	84	0	2.5392E-4	1.62509E-4
34	85	0	4.3968E-4	2.81395E-4	34	85	1	4.3968E-4	2.81395E-4
34	86	0	0.00110908	7.09811E-4	34	87	0	0.00132121	8.45574E-4
34	88	0	9.321E-4	5.96544E-4	34	89	0	5.0271E-4	3.21734E-4
34	90	0	1.87071E-4	1.19726E-4	34	91	0	3.59762E-5	2.30247E-5
34	92	0	4.52543E-6	2.89628E-6	34	93	0	2.52356E-7	1.61508E-7
34	94	0	1.7599E-8	1.12634E-8	34	95	0	5.92252E-11	3.79041E-11
34	96	0	7.13E-12	4.5632E-12	34	97	0	1.11825E-12	7.15679E-13
35	78	0	7.24E-14	4.6336E-14	35	79	0	1.3E-12	8.32E-13
35	79	1	4.34E-12	2.7776E-12	35	80	0	6.51E-11	4.1664E-11
35	80	1	1.95E-10	1.248E-10	35	81	0	7.98E-9	5.1072E-9
35	82	0	1.18E-7	7.552E-8	35	82	1	5.06E-8	3.2384E-8
35	83	0	2.18E-6	1.3952E-6	35	84	0	5.28E-6	3.3792E-6
35	84	1	9.39E-6	6.0096E-6	35	85	0	1.2979E-4	8.30656E-5
35	86	0	2.0898E-4	1.33747E-4	35	86	1	2.0898E-4	1.33747E-4
35	87	0	0.00118553	7.58739E-4	35	88	0	0.00210497	0.00134718
35	89	0	0.00286351	0.00183265	35	90	0	0.00278561	0.00178279
35	91	0	0.00153694	9.836419E-4	35	92	0	5.7678E-4	3.69139E-4
35	93	0	1.39788E-4	8.94641E-5	35	94	0	2.23E-5	1.4272E-5
35	95	0	5.99987E-7	3.83991E-7	35	96	0	9.89E-8	6.3296E-8
35	97	0	1.13285E-8	7.25027E-9	35	98	0	3.59857E-11	2.30309E-11
35	99	0	8.10227E-12	5.18545E-12	36	80	0	1.41E-14	9.024E-15
36	81	0	1.12E-12	7.168E-13	36	81	1	1.67E-13	1.0688E-13
36	82	0	8.22E-11	5.2608E-11	36	83	0	2.51E-9	1.6064E-9
36	83	1	5.88E-10	3.7632E-10	36	84	0	6.12E-8	3.9168E-8
36	85	0	1.23E-6	7.872E-7	36	85	1	2.88E-7	1.8432E-7
36	86	0	1.36E-5	8.704E-6	36	87	0	1.0112E-4	6.47168E-5
36	88	0	4.7689E-4	3.0521E-4	36	89	0	0.0015879	0.00101626
36	90	0	0.00380803	0.00243714	36	91	0	0.00548177	0.00350833
36	92	0	0.00557672	0.0035691	36	93	0	0.00380368	0.00243436
36	94	0	0.00182123	0.00116559	36	95	0	4.9248E-4	3.15187E-4
36	96	0	8.072E-5	5.16608E-5	36	97	0	9.29867E-6	5.95115E-6
36	98	0	6.51964E-7	4.17257E-7	36	99	0	1.21628E-7	7.78419E-8
36	100	0	8.28E-10	5.2992E-10	36	101	0	1.95171E-11	1.24909E-11
36	102	0	2.3535E-12	1.50624E-12	37	83	0	2.2E-13	1.408E-13
37	84	0	1.33E-11	8.512E-12	37	85	0	9.64E-10	6.1696E-10
37	86	1	1.29E-8	8.256E-9	37	86	0	1.29E-8	8.256E-9
37	87	0	5.45E-7	3.488E-7	37	88	0	7.52E-6	4.8128E-6
37	89	0	7.025E-5	4.496E-5	37	90	0	8.451E-5	5.40864E-5
37	90	1	3.6026E-4	2.30566E-4	37	91	0	0.00170222	0.00108942
37	92	0	0.00444908	0.00284741	37	93	0	0.0078137	0.00500077
37	94	0	0.0101269	0.00324059	37	95	0	0.0077309	0.00494778
37	96	0	0.00373358	0.00238949	37	97	0	0.00128638	8.23283E-4
37	98	0	2.7769E-4	1.77722E-4	37	99	0	6.73735E-5	4.3119E-5
37	100	0	3.55E-6	2.272E-6	37	101	0	1.9772E-7	1.26541E-7
37	102	0	1.97553E-8	1.26434E-8	37	103	0	6.82524E-11	4.36816E-11
37	104	0	3.22878E-12	2.06642E-12	38	85	1	1.78E-14	1.1392E-14
38	85	0	1.78E-14	1.1392E-14	38	86	0	2.92E-12	1.8688E-12
38	87	0	1.47E-10	9.408E-11	38	87	1	3.46E-11	2.2144E-11
38	88	0	7.77E-9	4.9728E-9	38	89	0	2.15E-7	1.376E-7
38	90	0	3.94E-6	2.5216E-6	38	91	0	4.482E-5	2.86848E-5
38	92	0	3.3434E-4	2.13978E-4	38	93	0	0.0016034	0.00102618
38	94	0	0.00553237	0.00354072	38	95	0	0.0111439	0.00356606
38	96	0	0.0143976	0.00460724	38	97	0	0.0134306	0.00429779
38	98	0	0.00816309	0.00522438	38	99	0	0.00343183	0.00219637
38	100	0	9.3031E-4	5.95398E-4	38	101	0	1.62292E-4	1.03867E-4
38	102	0	1.95702E-5	1.2525E-5	38	103	0	1.02458E-6	6.5573E-7
38	104	0	5.84968E-8	3.74379E-8	38	105	0	2.05324E-10	1.31407E-10
38	106	0	3.58347E-11	2.29342E-11	38	107	0	1.34292E-11	8.59466E-12
39	88	0	4.0E-13	2.56E-13	39	89	0	6.42E-12	4.1088E-12
39	89	1	2.74E-11	1.7536E-11	39	90	1	9.4E-10	6.016E-10
39	90	0	9.4E-10	6.016E-10	39	91	1	3.38E-8	2.1632E-8
39	91	0	3.38E-8	2.1632E-8	39	92	0	1.57E-6	1.0048E-6
39	93	1	1.134E-5	7.2576E-6	39	93	0	1.134E-5	7.2576E-6
39	94	0	2.362E-4	1.51168E-4	39	95	0	0.00135218	8.65395E-4
39	96	0	4.7881E-4	3.06438E-4	39	96	1	0.00430895	0.00275773
39	97	1	0.00575668	0.00368428	39	97	0	0.00575668	0.00368428
39	98	0	0.00903045	0.00577949	39	98	1	0.00902821	0.00577805
39	99	0	0.0204641	0.00654851	39	100	0	0.0149681	0.00478979
39	101	0	0.0075164	0.0048105	39	102	0	0.00263377	0.00168561
39	103	0	5.67545E-4	3.63229E-4	39	104	0	7.621E-5	4.87744E-5
39	105	0	2.08006E-6	1.33124E-6	39	106	0	3.00797E-7	1.9251E-7
39	107	0	1.36046E-7	8.70691E-8	39	108	0	1.2584E-10	8.05374E-11
39	109	0	1.22155E-11	7.81792E-12	40	90	1	2.575E-14	1.648E-14
40	90	0	2.575E-14	1.648E-14	40	91	0	6.05E-12	3.872E-12
40	92	0	4.52E-10	2.8928E-10	40	93	0	2.09E-8	1.3376E-8
40	94	0	7.02E-7	4.4928E-7	40	95	0	1.272E-5	8.1408E-6
40	96	0	1.3637E-4	8.72768E-5	40	97	0	9.3247E-4	5.96781E-4
40	98	0	0.00397474	0.00254383	40	99	0	0.0118086	0.00377875
40	100	0	0.0222925	0.00713361	40	101	0	0.0291647	0.00933269
40	102	0	0.0268356	0.0085874	40	103	0	0.0162785	0.00520913
40	104	0	0.00639545	0.00409309	40	105	0	0.00170735	0.0010927
40	106	0	2.97979E-4	1.90707E-4	40	107	0	1.11669E-4	7.14679E-5
40	108	0	2.27987E-6	1.45912E-6	40	109	0	1.83374E-7	1.1736E-7
40	110	0	2.0E-9	1.28E-9	40	111	0	1.98991E-11	1.27354E-11
40	112	0	1.22781E-12	7.85797E-13	41	93	0	7.74E-13	4.9536E-13
41	93	1	1.82E-13	1.1648E-13	41	94	0	6.33E-11	4.0512E-11
41	94	1	4.4E-11	2.816E-11	41	95	0	5.13E-9	3.2832E-9
41	95	1	1.2E-9	7.68E-10	41	96	0	2.24E-7	1.4336E-7
41	97	0	3.85E-6	2.464E-6	41	97	1	9.03E-7	5.7792E-7
41	98	0	4.581E-5	2.93184E-5	41	98	1	1.527E-5	9.7728E-6
41	99	0	4.215E-5	2.6976E-5	41	99	1	4.8478E-4	3.10259E-4
41	100	0	0.00138176	8.84326E-4	41	100	1	0.00138176	8.84326E-4
41	101	0	0.00963939	0.00616921	41	102	1	0.0112249	0.00718395
41	102	0	0.0112249	0.00718395	41	103	0	0.0351628	0.0112521
41	104	1	0.0182408	0.0116741	41	104	0	0.0182408	0.0116741
41	105	0	0.0261188	0.00835801	41	106	0	0.0123913	0.0039652
41	107	0	0.00383863	0.00245672	41	108	0	7.9737E-4	5.10317E-4
41	109	0	1.01577E-4	6.5009E-5	41	110	0	6.99E-6	4.4736E-6
41	111	0	2.0159E-7	1.29017E-7	41	112	0	1.03062E-8	6.59598E-9
41	113	0	1.95837E-11	1.25336E-11	41	114	0	2.67133E-13	1.70965E-13
42	95	0	1.84E-13	1.1776E-13	42	96	0	2.19E-11	1.4016E-11
42	97	0	1.5E-9	9.6E-10	42	98	0	6.13E-8	3.9232E-8
42	99	0	1.66E-6	1.0624E-6	42	100	0	2.658E-5	1.70112E-5
42	101	0	2.7454E-4	1.75706E-4	42	102	0	0.00177206	0.00113412
42	103	0	0.00755971	0.00483821	42	104	0	0.020537	0.00657183
42	105	0	0.0370749	0.011864	42	106	0	0.043637	0.0139638
42	107	0	0.0354859	0.0113555	42	108	0	0.0194967	0.00623895
42	109	0	0.00705514	0.00451529	42	110	0	0.00150374	9.62394E-4
42	111	0	1.65468E-4	1.059E-4	42	112	0	1.02097E-5	6.5342E-6
42	113	0	2.93983E-7	1.88149E-7	42	114	0	4.83973E-9	3.09743E-9
43	97	1	1.145E-14	7.328E-15	43	97	0	1.145E-14	7.328E-15
43	98	0	3.07E-12	1.9648E-12	43	99	0	2.18E-10	1.3952E-10
43	99	1	5.1E-11	3.264E-11	43	100	0	1.38E-8	8.832E-9
43	101	0	4.51E-7	2.8864E-7	43	102	0	4.39E-6	2.8096E-6
43	102	1	4.39E-6	2.8096E-6	43	103	0	1.1293E-4	7.22752E-5
43	104	0	8.9375E-4	5.72E-4	43	105	0	0.0043742	0.00279949
43	106	0	0.0130966	0.00419091	43	107	0	0.0263744	0.00843982
43	108	0	0.0364982	0.0116794	43	109	0	0.0338728	0.0108393
43	110	0	0.020202	0.00646463	43	111	0	0.00706936	0.00452439
43	112	0	0.00145297	9.29901E-4	43	113	0	1.62846E-4	1.04221E-4
43	114	0	9.18E-6	5.8752E-6	43	115	0	9.72112E-14	6.22152E-14
43	117	0	1.91551E-16	1.22593E-16	43	118	0	5.70967E-18	3.65419E-18
43	121	0	2.92903E-13	1.87458E-13	44	100	0	4.15E-13	2.656E-13
44	101	0	4.41E-11	2.8224E-11	44	102	0	2.69E-9	1.7216E-9
44	103	0	1.1E-7	7.04E-8	44	104	0	2.73E-6	1.7472E-6
44	105	0	3.981E-5	2.54784E-5	44	106	0	3.352E-4	2.14528E-4
44	107	0	0.0018311	0.0011719	44	108	0	0.00676983	0.00433269
44	109	1	0.00808164	0.00517225	44	109	0	0.00808164	0.00517225
44	110	0	0.0254928	0.00815769	44	111	0	0.0255055	0.00816174
44	112	0	0.0155727	0.00498327	44	113	0	0.00562185	0.00359798
44	114	0	0.00110155	7.04992E-4	44	115	0	2.37E-6	1.5168E-6
44	116	0	1.23E-7	7.872E-8	44	117	0	4.67E-9	2.9888E-9
44	118	0	1.68E-10	1.0752E-10	44	119	0	6.42E-12	4.1088E-12
44	120	0	2.49E-13	1.5936E-13	44	121	0	4.39695E-9	2.81405E-9
44	122	0	8.62E-12	5.5168E-12	44	123	0	2.80311E-14	1.79399E-14
45	102	0	2.0E-14	1.28E-14	45	102	1	2.0E-14	1.28E-14
45	103	0	6.95E-13	4.448E-13	45	103	1	4.65E-12	2.976E-12
45	104	0	1.08E-10	6.912E-11	45	104	1	3.23E-10	2.0672E-10
45	105	0	1.7E-8	1.088E-8	45	105	1	2.54E-9	1.6256E-9
45	106	0	2.46E-7	1.5744E-7	45	106	1	2.46E-7	1.5744E-7
45	107	0	7.89E-6	5.0496E-6	45	108	0	4.294E-5	2.74816E-5
45	108	1	4.294E-5	2.74816E-5	45	109	0	2.9217E-4	1.86989E-4
45	109	1	2.9217E-4	1.86989E-4	45	110	0	0.00132542	8.48269E-4
45	110	1	0.00132542	8.48269E-4	45	111	0	0.00784189	0.00501881
45	112	0	0.0136586	0.00437076	45	113	0	0.0143615	0.00459569
45	114	0	0.00868686	0.00555959	45	115	0	0.00269703	0.0017261
45	116	0	6.984E-4	4.46976E-4	45	117	0	1.2974E-4	8.30336E-5
45	118	0	2.017E-5	1.29088E-5	45	119	0	2.89E-6	1.8496E-6
45	120	0	3.93E-7	2.5152E-7	45	121	0	2.4356E-6	1.55879E-6
45	122	0	4.03E-8	2.5792E-8	45	123	0	2.83972E-10	1.81742E-10
45	124	0	1.12E-12	7.168E-13	46	105	0	5.52E-13	3.5328E-13
46	106	0	4.27E-11	2.7328E-11	46	107	0	7.3E-10	4.672E-10
46	107	1	1.36E-9	8.704E-10	46	108	0	7.05E-8	4.512E-8
46	109	0	5.13E-7	3.2832E-7	46	109	1	9.52E-7	6.0928E-7
46	110	0	2.101E-5	1.34464E-5	46	111	0	7.215E-5	4.6176E-5
46	111	1	1.34E-4	8.576E-5	46	112	0	0.00113471	7.26214E-4
46	113	0	0.00366365	0.00234474	46	114	0	0.00667075	0.00426928
46	115	0	0.00809535	0.00364291	46	116	0	0.00623307	0.00280488
46	117	0	0.00370884	0.00237366	46	118	0	0.00185121	0.00118477
46	119	0	8.1636E-4	5.2247E-4	46	120	0	3.3844E-4	2.16602E-4
46	121	0	1.224E-4	7.8336E-5	46	122	0	1.149E-5	7.3536E-6
46	123	0	4.77E-7	3.0528E-7	46	124	0	1.05E-8	6.72E-9
46	131	0	5.04473E-13	3.22863E-13	47	107	1	2.32E-14	1.4848E-14
47	108	1	1.435E-12	9.184E-13	47	108	0	1.435E-12	9.184E-13
47	109	1	9.4E-11	6.016E-11	47	109	0	9.4E-11	6.016E-11
47	110	0	2.68E-9	1.7152E-9	47	110	1	6.24E-9	3.9936E-9
47	111	0	4.04E-8	2.5856E-8	47	111	1	2.71E-7	1.7344E-7
47	112	0	5.94E-6	3.8016E-6	47	113	0	8.6E-6	5.504E-6
47	113	1	5.755E-5	3.6832E-5	47	114	0	4.0605E-4	2.59872E-4
47	115	0	7.43E-5	4.7552E-5	47	115	1	7.43E-5	4.7552E-5
47	116	0	2.0724E-4	1.32634E-4	47	116	1	2.0724E-4	1.32634E-4
47	117	0	3.6871E-4	2.35974E-4	47	117	1	3.6871E-4	2.35974E-4
47	118	0	4.5339E-4	2.9017E-4	47	118	1	4.5339E-4	2.9017E-4
47	119	0	8.6395E-4	5.52928E-4	47	120	1	3.71175E-4	2.37552E-4
47	120	0	3.71175E-4	2.37552E-4	47	121	0	4.384E-4	2.80576E-4
47	122	1	9.994E-5	6.39616E-5	47	122	0	9.994E-5	6.39616E-5
47	123	0	4.356E-5	2.78784E-5	47	124	0	4.99E-6	3.1936E-6
47	125	0	1.76E-10	1.1264E-10	47	126	0	2.85E-11	1.824E-11
47	127	0	3.08E-12	1.9712E-12	47	128	0	1.59E-13	1.0176E-13
47	129	0	3.37983E-15	2.16309E-15	47	131	0	5.11062E-9	3.2708E-9
47	132	0	1.44053E-11	9.21941E-12	47	133	0	1.9975E-12	1.2784E-12
48	110	0	2.17E-13	1.3888E-13	48	111	0	6.4E-12	4.096E-12
48	111	1	2.14E-11	1.3696E-11	48	112	0	1.93E-9	1.2352E-9
48	113	0	1.81E-8	1.1584E-8	48	113	1	6.08E-8	3.8912E-8
48	114	0	1.79E-6	1.1456E-6	48	115	0	5.41E-10	3.4624E-10
48	115	1	1.81E-9	1.1584E-9	48	116	0	3.51E-8	2.2464E-8
48	117	0	6.86E-8	4.3904E-8	48	117	1	2.3E-7	1.472E-7
48	118	0	1.44E-6	9.216E-7	48	119	0	2.21E-6	1.4144E-6
48	119	1	2.21E-6	1.4144E-6	48	120	0	1.08E-5	6.912E-6
48	121	1	7.8485E-5	5.02304E-5	48	121	0	7.8485E-5	5.02304E-5
48	122	0	3.1963E-4	2.04563E-4	48	123	0	3.1245E-4	1.99968E-4
48	124	0	1.6309E-4	1.04378E-4	48	125	0	1.231E-5	7.8784E-6
48	126	0	6.37E-6	4.0768E-6	48	127	0	2.4E-6	1.536E-6
48	128	0	5.52E-7	3.5328E-7	48	129	0	8.24E-8	5.2736E-8
48	130	0	7.61E-9	4.8704E-9	48	131	0	4.19489E-6	2.68473E-6
48	132	0	2.60986E-7	1.67031E-7	48	133	0	2.99857E-8	1.91909E-8
48	134	0	1.5E-10	9.6E-11	48	135	0	6.55575E-12	4.19568E-12
49	112	1	2.46E-14	1.5744E-14	49	113	0	3.81E-12	2.4384E-12
49	113	1	8.95E-13	5.728E-13	49	114	0	1.03E-10	6.592E-11
49	114	1	3.09E-10	1.9776E-10	49	117	0	4.08E-14	2.6112E-14
49	118	2	1.36E-13	8.704E-14	49	118	0	8.17E-13	5.2288E-13
49	118	1	1.36E-13	8.704E-14	49	119	0	1.03E-11	6.592E-12
49	119	1	2.41E-12	1.5424E-12	49	120	2	3.57333E-11	2.28693E-11
49	120	0	3.57333E-11	2.28693E-11	49	120	1	3.57333E-11	2.28693E-11
49	121	0	3.34E-6	2.1376E-6	49	121	1	7.84E-7	5.0176E-7
49	122	2	1.42333E-5	9.10933E-6	49	122	0	1.42333E-5	9.10933E-6
49	122	1	1.42333E-5	9.10933E-6	49	123	0	1.5197E-4	9.72608E-5
49	123	1	3.565E-5	2.2816E-5	49	124	1	1.98555E-4	1.27075E-4
49	124	0	1.98555E-4	1.27075E-4	49	125	0	3.1515E-4	2.01696E-4
49	125	1	3.1515E-4	2.01696E-4	49	126	1	4.2505E-4	2.72032E-4
49	126	0	4.2505E-4	2.72032E-4	49	127	0	4.7317E-4	3.02829E-4
49	127	1	4.7317E-4	3.02829E-4	49	128	1	4.184E-4	2.67776E-4
49	128	0	4.184E-4	2.67776E-4	49	129	0	2.7254E-4	1.74426E-4
49	129	1	2.7254E-4	1.74426E-4	49	130	2	8.211E-5	5.25504E-5
49	130	1	8.211E-5	5.25504E-5	49	130	0	8.211E-5	5.25504E-5
49	131	1	3.1568E-4	2.02035E-4	49	131	0	3.1568E-4	2.02035E-4
49	132	0	1.3553E-4	8.67392E-5	49	133	0	1.661E-5	1.06304E-5
49	134	0	1.03E-6	6.592E-7	49	135	0	6.64137E-8	4.25048E-8
49	136	0	7.9E-10	5.056E-10	49	137	0	1.41215E-11	9.03774E-12
49	138	0	3.90214E-13	2.49737E-13	50	121	0	2.13E-9	1.3632E-9
50	121	1	5.22E-9	3.3408E-9	50	122	0	4.46E-7	2.8544E-7
50	123	0	7.33E-6	4.6912E-6	50	123	1	2.99E-6	1.9136E-6
50	124	0	9.648E-5	6.17472E-5	50	125	0	1.6373E-4	1.04787E-4
50	125	1	6.688E-5	4.28032E-5	50	126	0	6.2066E-4	3.97222E-4
50	127	0	0.00101013	6.46483E-4	50	127	1	4.1259E-4	2.64058E-4
50	128	1	0.00151738	9.71123E-4	50	128	0	0.00151738	9.71123E-4
50	129	0	0.0038372	0.00245581	50	129	1	0.00156603	0.00100226
50	130	1	0.00395953	0.0025341	50	130	0	0.00395953	0.0025341
50	131	1	0.00355826	0.00227728	50	131	0	0.00355826	0.00227728
50	132	0	0.00479606	0.00306948	50	133	0	0.00194246	0.00124317
50	134	0	4.2267E-4	2.70509E-4	50	135	0	5.45136E-5	3.48887E-5
50	136	0	4.01E-6	2.5664E-6	50	137	0	2.11986E-7	1.35671E-7
50	138	0	7.06961E-9	4.52455E-9	50	139	0	1.22389E-10	7.83291E-11
50	140	0	9.55696E-12	6.11645E-12	51	121	0	6.62E-13	4.2368E-13
51	122	0	1.19E-10	7.616E-11	51	122	1	1.34E-10	8.576E-11
51	123	0	3.45E-8	2.208E-8	51	124	2	5.5E-7	3.52E-7
51	124	0	5.5E-7	3.52E-7	51	124	1	5.5E-7	3.52E-7
51	125	0	1.91E-7	1.2224E-7	51	126	2	4.675E-7	2.992E-7
51	126	0	5.49E-7	3.5136E-7	51	126	1	4.675E-7	2.992E-7
51	127	0	1.003E-5	6.4192E-6	51	128	0	2.635E-5	1.6864E-5
51	128	1	4.487E-5	2.87168E-5	51	129	0	4.0107E-4	2.56685E-4
51	130	0	6.4302E-4	4.11533E-4	51	130	1	0.00109484	7.00698E-4
51	131	0	0.00654586	0.00418935	51	132	0	0.00727888	0.00465848
51	132	1	0.00527091	0.00337338	51	133	0	0.0149225	0.0047752
51	134	1	0.00516108	0.00330309	51	134	0	0.00516108	0.00330309
51	135	0	0.00434587	0.00278136	51	136	0	0.00105381	6.74438E-4
51	137	0	1.7894E-4	1.14522E-4	51	138	0	1.846E-5	1.18144E-5
51	139	0	1.23988E-6	7.93522E-7	51	140	0	8.02211E-8	5.13415E-8
51	141	0	1.8969E-10	1.21401E-10	51	142	0	1.90415E-11	1.21866E-11
51	143	0	7.12823E-12	4.56207E-12	52	123	0	1.61E-12	1.0304E-12
52	123	1	5.4E-12	3.456E-12	52	124	0	1.86E-9	1.1904E-9
52	125	0	2.01E-14	1.2864E-14	52	125	1	6.73E-14	4.3072E-14
52	126	0	2.11E-12	1.3504E-12	52	127	0	1.44E-11	9.216E-12
52	127	1	3.53E-11	2.2592E-11	52	128	0	1.53E-9	9.792E-10
52	129	0	1.15E-8	7.36E-9	52	129	1	2.81E-8	1.7984E-8
52	130	0	8.14E-7	5.2096E-7	52	131	0	1.6597E-4	1.06221E-4
52	131	1	4.0634E-4	2.60058E-4	52	132	0	0.00328039	0.00209945
52	133	0	0.0032486	0.0020791	52	133	1	0.00795311	0.00508999
52	134	0	0.0223221	0.00714307	52	135	0	0.0274406	0.00878098
52	136	0	0.0198413	0.00634922	52	137	0	0.00998786	0.00319612
52	138	0	0.00300528	0.00192338	52	139	0	6.0688E-4	3.88403E-4
52	140	0	7.94698E-5	5.08607E-5	52	141	0	2.84755E-6	1.82243E-6
52	142	0	3.44981E-7	2.20788E-7	52	143	0	1.07006E-7	6.8484E-8
52	144	0	6.25617E-11	4.00395E-11	52	145	0	6.34675E-12	4.06192E-12
53	130	0	1.13E-13	7.232E-14	53	130	1	4.83E-14	3.0912E-14
53	131	0	3.17E-6	2.0288E-6	53	132	1	3.0425E-5	1.9472E-5
53	132	0	3.0425E-5	1.9472E-5	53	133	1	3.32285E-4	2.12662E-4
53	133	0	3.32285E-4	2.12662E-4	53	134	0	0.00240337	0.00153816
53	134	1	0.00174107	0.00111428	53	135	0	0.0146588	0.00469081
53	136	0	0.0146509	0.00468828	53	136	1	0.0145193	0.00464618
53	137	0	0.0393793	0.0126014	53	138	0	0.0312656	0.010005
53	139	0	0.0173624	0.00555595	53	140	0	0.00633372	0.00405358
53	141	0	0.00157734	0.0010095	53	142	0	2.3855E-4	1.52672E-4
53	143	0	5.9274E-5	3.79354E-5	53	144	0	5.25143E-7	3.36092E-7
53	145	0	6.42965E-8	4.11497E-8	53	146	0	2.0311E-10	1.2999E-10
53	147	0	1.28745E-11	8.23965E-12	53	148	0	1.92623E-13	1.23279E-13
54	131	0	3.16E-10	2.0224E-10	54	131	1	7.74E-10	4.9536E-10
54	132	0	7.47E-8	4.7808E-8	54	133	0	8.26E-7	5.2864E-7
54	133	1	2.02E-6	1.2928E-6	54	134	0	1.855E-5	1.1872E-5
54	134	1	4.328E-5	2.76992E-5	54	135	0	2.0559E-4	1.31578E-4
54	135	1	5.0334E-4	3.22138E-4	54	136	0	0.00424143	0.00271452
54	137	0	0.0153447	0.00491031	54	138	0	0.0308771	0.00988066
54	139	0	0.043489	0.0139165	54	140	0	0.0400254	0.0128081
54	141	0	0.0261447	0.0083663	54	142	0	0.0110276	0.00352884
54	143	1	0.00150963	9.66163E-4	54	143	0	0.00150963	9.66163E-4
54	144	0	5.20225E-4	3.32944E-4	54	145	0	5.27757E-5	3.37764E-5
54	146	0	3.6798E-6	2.35507E-6	54	147	0	1.93266E-7	1.2369E-7
54	148	0	3.48981E-9	2.23348E-9	54	149	0	2.56332E-11	1.64053E-11
54	150	0	5.24E-13	3.3536E-13	55	131	0	1.82E-14	1.1648E-14
55	132	0	4.59E-12	2.9376E-12	55	133	0	6.37E-10	4.0768E-10
55	134	1	2.555E-8	1.6352E-8	55	134	0	2.555E-8	1.6352E-8
55	135	1	1.03E-6	6.592E-7	55	135	0	1.03E-6	6.592E-7
55	136	1	2.045E-5	1.3088E-5	55	136	0	2.045E-5	1.3088E-5
55	137	0	4.5453E-4	2.90899E-4	55	138	0	0.00125735	8.04704E-4
55	138	1	0.00125735	8.04704E-4	55	139	0	0.00931982	0.00596469
55	140	0	0.0213881	0.00684418	55	141	0	0.0342834	0.0109707
55	142	0	0.0367043	0.0117454	55	143	0	0.0275239	0.00880764
55	144	0	0.013405	0.00428959	55	145	0	0.0040931	0.00261958
55	146	0	8.6471E-4	5.53414E-4	55	147	0	1.07056E-4	6.85159E-5
55	148	0	8.59E-6	5.4976E-6	55	149	0	2.5968E-7	1.66195E-7
55	150	0	1.39E-8	8.896E-9	55	151	0	4.07928E-11	2.61074E-11
55	152	0	2.91418E-12	1.86508E-12	55	153	0	4.14146E-13	2.65053E-13
56	134	0	2.46E-12	1.5744E-12	56	135	1	1.805E-10	1.1552E-10
56	135	0	1.805E-10	1.1552E-10	56	136	1	1.255E-8	8.032E-9
56	136	0	1.255E-8	8.032E-9	56	137	0	2.63E-7	1.6832E-7
56	137	1	6.43E-7	4.1152E-7	56	138	0	1.509E-5	9.6576E-6
56	139	0	1.6367E-4	1.04749E-4	56	140	0	0.00103319	6.61242E-4
56	141	0	0.00438031	0.0028034	56	142	0	0.012217	0.00390945
56	143	0	0.0237357	0.00759541	56	144	0	0.0305055	0.00976177
56	145	0	0.0252626	0.00808404	56	146	0	0.014687	0.00469985
56	147	0	0.00545315	0.00349002	56	148	0	0.00132204	8.46106E-4
56	149	0	2.1315E-4	1.36416E-4	56	150	0	2.138E-5	1.36832E-5
56	151	0	6.12365E-7	3.91913E-7	56	152	0	5.27971E-8	3.37901E-8
56	153	0	6.21699E-9	3.97888E-9	56	154	0	2.24E-11	1.4336E-11
56	155	0	1.02216E-12	6.54182E-13	57	137	0	9.18E-11	5.8752E-11
57	138	0	4.79E-9	3.0656E-9	57	139	0	1.61E-7	1.0304E-7
57	140	0	3.0E-6	1.92E-6	57	141	0	3.68E-5	2.3552E-5
57	142	0	2.9685E-4	1.89984E-4	57	143	0	0.00164717	0.00105419
57	144	0	0.00591485	0.0037855	57	145	0	0.0131696	0.00421428
57	146	1	0.00985963	0.00631016	57	146	0	0.00985963	0.00631016
57	147	0	0.0199161	0.00637315	57	148	0	0.0130796	0.00418546
57	149	0	0.00594533	0.00380501	57	150	0	0.00179823	0.00115087
57	151	0	3.39208E-4	2.17093E-4	57	152	0	4.211E-5	2.69504E-5
57	153	0	3.44378E-6	2.20402E-6	57	154	0	1.78E-7	1.1392E-7
57	155	0	1.03551E-8	6.62726E-9	57	156	0	3.01905E-11	1.93219E-11
57	157	0	1.57201E-12	1.00609E-12	57	158	0	3.68688E-14	2.35961E-14
58	138	0	8.68E-14	5.5552E-14	58	139	0	2.68E-12	1.7152E-12
58	139	1	6.55E-12	4.192E-12	58	140	0	5.27E-10	3.3728E-10
58	141	0	1.96E-8	1.2544E-8	58	142	0	4.85E-7	3.104E-7
58	143	0	8.36E-6	5.3504E-6	58	144	0	9.34E-5	5.9776E-5
58	145	0	6.1965E-4	3.96576E-4	58	146	0	0.00258268	0.00165292
58	147	0	0.00713091	0.00456378	58	148	0	0.0124191	0.00397411
58	149	0	0.014595	0.00467039	58	150	0	0.011971	0.0038307
58	151	0	0.00623768	0.00399212	58	152	0	0.0022271	0.00142534
58	153	0	5.4544E-4	3.49082E-4	58	154	0	8.426E-5	5.39264E-5
58	155	0	8.49964E-6	5.43977E-6	58	156	0	5.4697E-7	3.50061E-7
58	157	0	2.35984E-8	1.5103E-8	58	158	0	6.67963E-10	4.27496E-10
58	159	0	7.33349E-12	4.69343E-12	58	160	0	1.32E-13	8.448E-14
59	141	0	5.09E-13	3.2576E-13	59	142	1	2.0E-11	1.28E-11
59	142	0	2.0E-11	1.28E-11	59	143	0	2.23E-9	1.4272E-9
59	144	0	8.03E-9	5.1392E-9	59	144	1	7.23E-8	4.6272E-8
59	145	0	1.75E-6	1.12E-6	59	146	0	2.231E-5	1.42784E-5
59	147	0	1.8748E-4	1.19987E-4	59	148	1	4.76535E-4	3.04982E-4
59	148	0	4.76535E-4	3.04982E-4	59	149	0	0.00304218	0.001947
59	150	0	0.00669415	0.00428426	59	151	0	0.00899197	0.00575486
59	152	0	0.00837428	0.00535954	59	153	0	0.00553491	0.00354234
59	154	0	0.0023476	0.00150246	59	155	0	6.7767E-4	4.33709E-4
59	156	0	1.285E-4	8.224E-5	59	157	0	1.635E-5	1.0464E-5
59	158	0	1.38E-6	8.832E-7	59	159	0	7.42927E-8	4.75473E-8
59	160	0	2.54E-9	1.6256E-9	59	161	0	1.33888E-11	8.5688E-12
59	162	0	4.86801E-13	3.11553E-13	59	163	0	1.77184E-14	1.13398E-14
60	143	0	3.38E-14	2.1632E-14	60	144	0	4.1E-12	2.624E-12
60	145	0	2.98E-10	1.9072E-10	60	146	0	1.22E-8	7.808E-9
60	147	0	3.34E-7	2.1376E-7	60	148	0	5.41E-6	3.4624E-6
60	149	0	5.198E-5	3.32672E-5	60	150	0	3.4057E-4	2.17965E-4
60	151	0	0.00126943	8.12435E-4	60	152	0	0.00314619	0.00201356
60	153	0	0.0053848	0.00344627	60	154	0	0.00576296	0.00368829
60	155	0	0.00429314	0.00274761	60	156	0	0.00218262	0.00139688
60	157	0	7.5576E-4	4.83686E-4	60	158	0	1.8025E-4	1.1536E-4
60	159	0	2.811E-5	1.79904E-5	60	160	0	2.85E-6	1.824E-6
60	161	0	2.00987E-7	1.28631E-7	60	162	0	8.81951E-9	5.64449E-9
60	163	0	2.65982E-10	1.70229E-10	60	164	0	4.7E-12	3.008E-12
60	165	0	7.82699E-14	5.00928E-14	60	166	0	5.33411E-15	3.41383E-15
61	146	0	3.28E-13	2.0992E-13	61	147	0	3.01E-11	1.9264E-11
61	148	0	4.86E-10	3.1104E-10	61	148	1	1.13E-9	7.232E-10
61	149	0	4.96E-8	3.1744E-8	61	150	0	1.05E-6	6.72E-7
61	151	0	1.191E-5	7.6224E-6	61	152	2	2.908E-5	1.86112E-5
61	152	0	2.908E-5	1.86112E-5	61	152	1	2.908E-5	1.86112E-5
61	153	0	4.2363E-4	2.71123E-4	61	154	0	6.0056E-4	3.84358E-4
61	154	1	6.0056E-4	3.84358E-4	61	155	0	0.00228877	0.00146481
61	156	0	0.00293046	0.00187549	61	157	0	0.00251702	0.00161089
61	158	0	0.00153275	9.8096E-4	61	159	0	6.3445E-4	4.06048E-4
61	160	0	1.7724E-4	1.13434E-4	61	161	0	3.479E-5	2.22656E-5
61	162	0	4.45E-6	2.848E-6	61	163	0	3.88E-7	2.4832E-7
61	164	0	2.08E-8	1.3312E-8	61	165	0	7.92922E-10	5.0747E-10
61	166	0	4.47746E-11	2.86557E-11	61	167	0	1.29891E-13	8.31302E-14
61	168	0	3.31157E-15	2.11941E-15	62	148	0	2.77E-14	1.7728E-14
62	149	0	2.77E-12	1.7728E-12	62	150	0	1.95E-10	1.248E-10
62	151	0	7.11E-9	4.5504E-9	62	152	0	1.65E-7	1.056E-7
62	153	0	2.47E-6	1.5808E-6	62	154	0	2.052E-5	1.31328E-5
62	155	0	1.1055E-4	7.0752E-5	62	156	0	3.8381E-4	2.45638E-4
62	157	0	8.3835E-4	5.36544E-4	62	158	0	0.00126364	8.0873E-4
62	159	0	0.00128672	8.23501E-4	62	160	0	8.995E-4	5.7568E-4
62	161	0	4.4548E-4	2.85107E-4	62	162	0	1.5347E-4	9.82208E-5
62	163	0	3.636E-5	2.32704E-5	62	164	0	5.59E-6	3.5776E-6
62	165	0	6.12E-7	3.9168E-7	62	166	0	4.43552E-8	2.83873E-8
62	167	0	1.94987E-9	1.24792E-9	62	168	0	5.99967E-11	3.83979E-11
62	169	0	3.24726E-13	2.07825E-13	62	170	0	1.43E-14	9.152E-15
62	171	0	5.63328E-16	3.6053E-16	63	151	0	2.09E-13	1.3376E-13
63	152	2	5.24E-12	3.3536E-12	63	152	0	5.24E-12	3.3536E-12
63	152	1	5.24E-12	3.3536E-12	63	153	0	7.62E-10	4.8768E-10
63	154	1	9.8E-9	6.272E-9	63	154	0	9.8E-9	6.272E-9
63	155	0	3.21E-7	2.0544E-7	63	156	0	3.32E-6	2.1248E-6
63	157	0	2.034E-5	1.30176E-5	63	158	0	8.31E-5	5.3184E-5
63	159	0	2.2031E-4	1.40998E-4	63	160	0	3.8704E-4	2.47706E-4
63	161	0	4.6105E-4	2.95072E-4	63	162	0	3.9205E-4	2.50912E-4
63	163	0	2.2907E-4	1.46605E-4	63	164	0	9.231E-5	5.90784E-5
63	165	0	2.681E-5	1.71584E-5	63	166	0	5.35E-6	3.424E-6
63	167	0	6.8E-7	4.352E-7	63	168	0	6.02E-8	3.8528E-8
63	169	0	3.28968E-9	2.10539E-9	63	170	0	1.28E-10	8.192E-11
63	171	0	5.70686E-12	3.65239E-12	63	172	0	1.23632E-14	7.91245E-15
64	153	0	1.34E-14	8.576E-15	64	154	0	1.09E-12	6.976E-13
64	155	0	5.62E-11	3.5968E-11	64	156	0	1.81E-9	1.1584E-9
64	157	0	3.33E-8	2.1312E-8	64	158	0	3.99E-7	2.5536E-7
64	159	0	3.03E-6	1.9392E-6	64	160	0	1.476E-5	9.4464E-6
64	161	0	4.577E-5	2.92928E-5	64	162	0	1.0001E-4	6.40064E-5
64	163	0	1.421E-4	9.0944E-5	64	164	0	1.4078E-4	9.00992E-5
64	165	0	9.911E-5	6.34304E-5	64	166	0	4.925E-5	3.152E-5
64	167	0	1.664E-5	1.06496E-5	64	168	0	3.96E-6	2.5344E-6
64	169	0	6.15E-7	3.936E-7	64	170	0	6.79E-8	4.3456E-8
64	171	0	4.68429E-9	2.99795E-9	64	172	0	2.23988E-10	1.43352E-10
65	156	0	4.39E-14	2.8096E-14	65	157	0	2.74E-12	1.7536E-12
65	158	0	9.02E-11	5.7728E-11	65	158	1	1.0E-11	6.4E-12
65	159	0	2.29E-9	1.4656E-9	65	160	0	3.32E-8	2.1248E-8
65	161	0	2.91E-7	1.8624E-7	65	162	0	9.03E-7	5.7792E-7
65	162	1	9.03E-7	5.7792E-7	65	163	0	6.85E-6	4.384E-6
65	164	0	1.789E-5	1.14496E-5	65	165	0	3.122E-5	1.99808E-5
65	166	0	3.748E-5	2.39872E-5	65	167	0	3.115E-5	1.9936E-5
65	168	0	1.809E-5	1.15776E-5	65	169	0	7.27E-6	4.6528E-6
65	170	0	2.1E-6	1.344E-6	65	171	0	4.05E-7	2.592E-7
65	172	0	5.41E-8	3.4624E-8	66	159	0	1.01E-13	6.464E-14
66	160	0	4.48E-12	2.8672E-12	66	161	0	1.16E-10	7.424E-11
66	162	0	2.15E-9	1.376E-9	66	163	0	2.34E-8	1.4976E-8
66	164	0	1.77E-7	1.1328E-7	66	165	0	7.33E-7	4.6912E-7
66	165	1	1.1E-7	7.04E-8	66	166	0	2.67E-6	1.7088E-6
66	167	0	5.78E-6	3.6992E-6	66	168	0	8.23E-6	5.2672E-6
66	169	0	8.15E-6	5.216E-6	66	170	0	5.68E-6	3.6352E-6
66	171	0	2.76E-6	1.7664E-6	66	172	0	9.43E-7	6.0352E-7
67	162	0	3.86E-14	2.4704E-14	67	162	1	9.0E-14	5.76E-14
67	163	0	3.61E-12	2.3104E-12	67	163	1	5.39E-13	3.4496E-13
67	164	0	2.84E-11	1.8176E-11	67	164	1	6.63E-11	4.2432E-11
67	165	0	1.31E-9	8.384E-10	67	166	0	3.55E-9	2.272E-9
67	166	1	8.28E-9	5.2992E-9	67	167	0	7.33E-8	4.6912E-8
67	168	0	2.82E-7	1.8048E-7	67	169	0	7.47E-7	4.7808E-7
67	170	0	6.53E-7	4.1792E-7	67	170	1	6.53E-7	4.1792E-7
67	171	0	1.58E-6	1.0112E-6	67	172	0	1.3E-6	8.32E-7
68	165	0	1.2E-13	7.68E-14	68	166	0	3.22E-12	2.0608E-12
68	167	0	5.23E-11	3.3472E-11	68	167	1	7.82E-12	5.0048E-12
68	168	0	6.68E-10	4.2752E-10	68	169	0	5.15E-9	3.296E-9
68	170	0	2.49E-8	1.5936E-8	68	171	0	8.26E-8	5.2864E-8
68	172	0	1.74E-7	1.1136E-7	69	168	0	8.08E-14	5.1712E-14
69	169	0	1.89E-12	1.2096E-12	69	170	0	2.66E-11	1.7024E-11
69	171	0	2.61E-10	1.6704E-10	69	172	0	1.55E-9	9.92E-10
70	171	0	5.01E-14	3.2064E-14	70	172	0	8.71E-13	5.5744E-13