Z	A	FPS	Yield	Uncertainty	Z	A	FPS	Yield	Uncertainty
25	66	0	1.0398E-12	6.6547E-13	25	67	0	2.46952E-13	1.58049E-13
25	68	0	9.61812E-14	6.1556E-14	25	69	0	1.40972E-14	9.02224E-15
26	66	0	1.22976E-10	7.87046E-11	26	67	0	4.53911E-11	2.90503E-11
26	68	0	5.87885E-11	3.76246E-11	26	69	0	1.35973E-11	8.7023E-12
26	70	0	9.55813E-12	6.1172E-12	26	71	0	1.09978E-12	7.03862E-13
26	72	0	1.40972E-13	9.02224E-14	26	73	0	1.0298E-14	6.59071E-15
27	66	0	9.27819E-10	5.93804E-10	27	67	0	1.04979E-9	6.71869E-10
27	68	0	2.09959E-9	1.34374E-9	27	69	0	1.5497E-9	9.91806E-10
27	70	0	1.68967E-9	1.08139E-9	27	71	0	6.30877E-10	4.03761E-10
27	72	0	1.31974E-10	8.44635E-11	27	73	0	3.19937E-11	2.0476E-11
27	74	0	4.86905E-12	3.11619E-12	27	75	0	5.26897E-13	3.37214E-13
27	76	0	3.5593E-14	2.27795E-14	28	66	0	1.70967E-9	1.09419E-9
28	67	0	2.73946E-9	1.75326E-9	28	68	0	1.65968E-8	1.06219E-8
28	69	0	1.78965E-8	1.14538E-8	28	70	0	6.02882E-8	3.85845E-8
28	71	0	3.41933E-8	2.18837E-8	28	72	0	2.32954E-8	1.49091E-8
28	73	0	8.82827E-9	5.65009E-9	28	74	0	4.38914E-9	2.80905E-9
28	75	0	7.74848E-10	4.95903E-10	28	76	0	1.73966E-10	1.11338E-10
28	77	0	2.38953E-11	1.5293E-11	28	78	0	2.26956E-12	1.45252E-12
28	79	0	5.14789E-13	3.29465E-13	29	66	0	2.34954E-10	1.50371E-10
29	67	0	1.11978E-9	7.1666E-10	29	68	0	2.94942E-9	1.88763E-9
29	68	1	6.87865E-9	4.40234E-9	29	69	0	3.0894E-8	1.97721E-8
29	70	0	3.69928E-8	2.36754E-8	29	70	1	1.10978E-7	7.10261E-8
29	71	0	2.49951E-7	1.59969E-7	29	72	0	2.5595E-7	1.63808E-7
29	73	0	2.99941E-7	1.91962E-7	29	74	0	2.27955E-7	1.45891E-7
29	75	0	1.30974E-7	8.38236E-8	29	76	0	4.6091E-8	2.94982E-8
29	77	0	2.07959E-8	1.33094E-8	29	78	0	3.22937E-9	2.0668E-9
29	79	0	7.77333E-10	4.97493E-10	29	80	0	6.78867E-11	4.34475E-11
29	81	0	5.50892E-12	3.52571E-12	29	82	0	2.48951E-13	1.59329E-13
30	66	0	7.23858E-12	4.63269E-12	30	67	0	5.18899E-11	3.32095E-11
30	68	0	1.41972E-9	9.08622E-10	30	69	0	1.23976E-9	7.93445E-10
30	69	1	5.26897E-9	3.37214E-9	30	70	0	9.2082E-8	5.89325E-8
30	71	0	4.18918E-8	2.68108E-8	30	71	1	1.78965E-7	1.14538E-7
30	72	0	6.72868E-7	4.30636E-7	30	73	0	1.12978E-6	7.23059E-7
30	74	0	2.5495E-6	1.63168E-6	30	75	0	2.21957E-6	1.42052E-6
30	76	0	2.42952E-6	1.5549E-6	30	77	0	1.66967E-6	1.06859E-6
30	78	0	8.52833E-7	5.45813E-7	30	79	0	3.23937E-7	2.07319E-7
30	80	0	9.25819E-8	5.92524E-8	30	81	0	1.22976E-8	7.87046E-9
30	82	0	1.83964E-9	1.17737E-9	30	83	0	1.44972E-10	9.27819E-11
30	84	0	8.63831E-12	5.52852E-12	31	66	0	1.30974E-14	8.38236E-15
31	67	0	3.03941E-13	1.94522E-13	31	68	0	1.31974E-11	8.44635E-12
31	69	0	1.90963E-10	1.22216E-10	31	70	0	4.05921E-9	2.59789E-9
31	71	0	2.95942E-8	1.89403E-8	31	72	1	6.6487E-8	4.25517E-8
31	72	0	6.6487E-8	4.25517E-8	31	73	0	6.55872E-7	4.19758E-7
31	74	1	1.05479E-6	6.75068E-7	31	74	0	1.05479E-6	6.75068E-7
31	75	0	5.47893E-6	3.50651E-6	31	76	0	8.55833E-6	5.47733E-6
31	77	0	1.77665E-5	1.13706E-5	31	78	0	1.37073E-5	8.77268E-6
31	79	0	1.62268E-5	1.03852E-5	31	80	0	7.1386E-6	4.56871E-6
31	81	0	3.11939E-6	1.99641E-6	31	82	0	7.38855E-7	4.72868E-7
31	83	0	1.94962E-7	1.24776E-7	31	84	0	1.94962E-8	1.24776E-8
31	85	0	2.0696E-9	1.32454E-9	31	86	0	1.0098E-10	6.46274E-11
31	87	0	8.50639E-12	5.44409E-12	32	68	0	2.34954E-14	1.50371E-14
32	69	0	5.37895E-13	3.44253E-13	32	70	0	3.70927E-11	2.37394E-11
32	71	0	2.08959E-10	1.33734E-10	32	71	1	2.08959E-10	1.33734E-10
32	72	0	6.04882E-9	3.87124E-9	32	73	0	3.60929E-8	2.30995E-8
32	73	1	8.46834E-9	5.41974E-9	32	74	0	4.33915E-7	2.77706E-7
32	75	0	2.14958E-7	1.37573E-7	32	75	1	1.43972E-6	9.2142E-7
32	76	0	7.59851E-6	4.86305E-6	32	77	0	1.94162E-5	1.24264E-5
32	77	1	2.89943E-6	1.85564E-6	32	78	0	5.15099E-5	3.29664E-5
32	79	1	4.38264E-5	2.80489E-5	32	79	0	4.38264E-5	2.80489E-5
32	80	0	1.16417E-4	7.4507E-5	32	81	0	7.75448E-5	4.96287E-5
32	82	0	5.75088E-5	3.68056E-5	32	83	0	2.39953E-5	1.5357E-5
32	84	0	8.10841E-6	5.18938E-6	32	85	0	1.42972E-6	9.15021E-7
32	86	0	2.38953E-7	1.5293E-7	32	87	0	1.91877E-8	1.22802E-8
32	88	0	1.73966E-9	1.11338E-9	32	89	0	9.19738E-11	5.88632E-11
32	90	0	1.43312E-11	9.17197E-12	33	71	0	7.00863E-13	4.48552E-13
33	72	0	1.63968E-11	1.04939E-11	33	73	0	3.89924E-10	2.49551E-10
33	74	0	1.75966E-9	1.12618E-9	33	74	1	4.0992E-9	2.62349E-9
33	75	0	7.1586E-8	4.5815E-8	33	76	0	4.88904E-7	3.12899E-7
33	77	0	4.32915E-6	2.77066E-6	33	78	0	1.46271E-5	9.36137E-6
33	79	0	7.29457E-5	4.66853E-5	33	80	0	1.37103E-4	8.7746E-5
33	81	0	2.73706E-4	1.75172E-4	33	82	0	1.46471E-4	9.37417E-5
33	82	1	1.46471E-4	9.37417E-5	33	83	0	3.78556E-4	2.42276E-4
33	84	1	1.0007E-4	6.40451E-5	33	84	0	1.0007E-4	6.40451E-5
33	85	0	1.15867E-4	7.41551E-5	33	86	0	3.15238E-5	2.01753E-5
33	87	0	8.59832E-6	5.50292E-6	33	88	0	1.26975E-6	8.12641E-7
33	89	0	1.38881E-7	8.88837E-8	33	90	0	2.16402E-8	1.38497E-8
33	91	0	3.49559E-10	2.23718E-10	33	92	0	3.14559E-11	2.01318E-11
34	73	0	2.52951E-13	1.61888E-13	34	73	1	5.92884E-14	3.79446E-14
34	74	0	1.5397E-11	9.85407E-12	34	75	0	3.02941E-10	1.93882E-10
34	76	0	6.6587E-9	4.26157E-9	34	77	0	1.17977E-8	7.55052E-9
34	77	1	7.87846E-8	5.04221E-8	34	78	0	9.75809E-7	6.24518E-7
34	79	0	6.26877E-6	4.01202E-6	34	79	1	9.36817E-7	5.99563E-7
34	80	0	4.0652E-5	2.60173E-5	34	81	0	1.5407E-5	9.86047E-6
34	81	1	1.0308E-4	6.59711E-5	34	82	0	3.70877E-4	2.37362E-4
34	83	0	5.607E-4	3.58848E-4	34	83	1	1.31524E-4	8.41755E-5
34	84	0	0.00110661	7.08233E-4	34	85	0	4.91394E-4	3.14492E-4
34	85	1	4.91394E-4	3.14492E-4	34	86	0	8.51943E-4	5.45244E-4
34	87	0	3.66348E-4	2.34463E-4	34	88	0	1.75296E-4	1.12189E-4
34	89	0	3.12339E-5	1.99897E-5	34	90	0	4.96737E-6	3.17912E-6
34	91	0	7.88496E-7	5.04638E-7	34	92	0	7.09547E-8	4.5411E-8
34	93	0	3.16946E-9	2.02845E-9	34	94	0	2.86944E-10	1.83644E-10
34	95	0	5.20117E-11	3.32875E-11	34	96	0	5.19898E-13	3.32735E-13
35	75	0	1.46971E-13	9.40616E-14	35	77	0	5.27897E-11	3.37854E-11
35	77	1	1.76965E-10	1.13258E-10	35	78	0	3.96922E-9	2.5403E-9
35	79	0	2.15958E-8	1.38213E-8	35	79	1	7.24858E-8	4.63909E-8
35	80	0	2.0296E-7	1.29895E-7	35	80	1	6.08881E-7	3.89684E-7
35	81	0	7.49853E-6	4.79906E-6	35	82	0	2.42453E-5	1.5517E-5
35	82	1	1.0388E-5	6.6483E-6	35	83	0	1.97071E-4	1.26126E-4
35	84	0	1.70747E-4	1.09278E-4	35	84	1	3.03551E-4	1.94272E-4
35	85	0	0.00126239	8.07932E-4	35	86	0	8.07252E-4	5.16641E-4
35	86	1	8.07252E-4	5.16641E-4	35	87	0	0.00214124	0.00137039
35	88	0	0.00168078	0.0010757	35	89	0	7.87806E-4	5.04196E-4
35	90	0	2.21507E-4	1.41764E-4	35	91	0	1.14238E-4	7.31121E-5
35	92	0	1.68367E-5	1.07755E-5	35	93	0	4.78589E-6	3.06297E-6
35	94	0	3.88924E-7	2.48911E-7	35	95	0	7.85378E-8	5.02642E-8
35	96	0	3.95923E-9	2.5339E-9	35	97	0	2.14432E-10	1.37236E-10
36	77	0	5.129E-14	3.28256E-14	36	78	0	3.00941E-12	1.92602E-12
36	79	1	5.69889E-11	3.64729E-11	36	79	0	5.69889E-11	3.64729E-11
36	80	0	3.21937E-9	2.0604E-9	36	81	0	4.14919E-8	2.65548E-8
36	81	1	6.18879E-9	3.96083E-9	36	82	0	7.02863E-7	4.49832E-7
36	83	0	4.88904E-6	3.12899E-6	36	83	1	1.14978E-6	7.35856E-7
36	84	0	4.82406E-5	3.0874E-5	36	85	0	1.58709E-4	1.01574E-4
36	85	1	3.72327E-5	2.38289E-5	36	86	0	7.75168E-4	4.96108E-4
36	87	0	0.0014906	9.53983E-4	36	88	0	0.00284174	0.00181872
36	89	0	0.00303116	2.42493E-4	36	90	0	0.00386736	0.00247511
36	91	0	0.00246744	1.48046E-4	36	92	0	0.0010157	8.12561E-5
36	93	0	3.61169E-4	2.31148E-4	36	94	0	9.83208E-5	6.29253E-5
36	95	0	1.80279E-5	1.15378E-5	36	96	0	5.39894E-6	3.45532E-6
36	97	0	4.83691E-7	3.09562E-7	36	98	0	2.36954E-8	1.5165E-8
36	99	0	9.17886E-10	5.87447E-10	36	100	0	6.00882E-11	3.84565E-11
37	79	0	1.5297E-14	9.79009E-15	37	81	0	3.48932E-11	2.23316E-11
37	83	0	2.34954E-8	1.50371E-8	37	84	0	3.0694E-7	1.96442E-7
37	85	0	4.14919E-6	2.65548E-6	37	86	1	1.29675E-5	8.29918E-6
37	86	0	1.29675E-5	8.29918E-6	37	87	0	1.62428E-4	1.03954E-4
37	88	0	4.95653E-4	3.17218E-4	37	89	0	6.6556E-4	5.32448E-5
37	90	0	2.94152E-4	1.88258E-4	37	90	1	0.00125403	8.02582E-4
37	91	0	0.00459623	0.00294159	37	92	0	0.00417405	0.00267139
37	93	0	0.00339448	0.00217246	37	94	0	0.00179202	0.00114689
37	95	0	8.88996E-4	5.68958E-4	37	96	0	4.16419E-4	2.66508E-4
37	97	0	1.25675E-4	8.04323E-5	37	98	0	1.0398E-5	6.6547E-6
37	99	0	1.38601E-6	8.87048E-7	37	100	0	1.71966E-7	1.10058E-7
37	101	0	3.86332E-9	2.47252E-9	37	102	0	3.60192E-10	2.30523E-10
38	83	0	8.1784E-12	5.23418E-12	38	84	0	3.69928E-10	2.36754E-10
38	85	1	4.15419E-9	2.65868E-9	38	85	0	4.15419E-9	2.65868E-9
38	86	0	1.76965E-7	1.13258E-7	38	87	0	1.45971E-6	9.34217E-7
38	87	1	3.41933E-7	2.18837E-7	38	88	0	1.77365E-5	1.13514E-5
38	89	0	9.68711E-5	6.19975E-5	38	90	0	2.75756E-4	1.76484E-4
38	91	0	0.00106897	8.55177E-5	38	92	0	0.00311626	2.49301E-4
38	93	0	0.0047665	3.8132E-4	38	94	0	0.00823183	6.58546E-4
38	95	0	0.00720241	0.00460954	38	96	0	0.00592693	0.00379324
38	97	0	0.00213352	0.00136545	38	98	0	8.83587E-4	5.65496E-4
38	99	0	3.18151E-4	2.03616E-4	38	100	0	8.94125E-5	5.7224E-5
38	101	0	8.71443E-6	5.57724E-6	38	102	0	8.12481E-7	5.19988E-7
38	103	0	3.32297E-8	2.1267E-8	38	104	0	2.0296E-9	1.29895E-9
38	105	0	2.67899E-10	1.71455E-10	39	85	0	1.85964E-12	1.19017E-12
39	87	0	2.33954E-9	1.49731E-9	39	88	0	3.74927E-8	2.39953E-8
39	89	0	1.31974E-7	8.44635E-8	39	89	1	5.6289E-7	3.6025E-7
39	90	1	2.42952E-6	1.5549E-6	39	90	0	2.42952E-6	1.5549E-6
39	91	1	2.23606E-5	1.43108E-5	39	91	0	2.23606E-5	1.43108E-5
39	92	0	5.33246E-4	1.70639E-4	39	93	1	0.0010518	6.73155E-4
39	93	0	0.0010518	6.73155E-4	39	94	0	0.00181472	1.45177E-4
39	95	0	0.00610247	0.00390558	39	96	0	7.99354E-4	5.11586E-4
39	96	1	0.00724976	0.00326239	39	97	1	0.00573918	0.00367308
39	97	0	0.00573918	0.00367308	39	98	0	0.00371693	0.00237884
39	98	1	0.00356166	0.00227946	39	99	0	0.00656504	0.00420162
39	100	0	0.00274053	0.00175394	39	101	0	9.24889E-4	5.91929E-4
39	102	0	1.46991E-4	9.40744E-5	39	103	0	5.01769E-5	3.21132E-5
39	104	0	2.23956E-6	1.43332E-6	39	105	0	4.04528E-7	2.58898E-7
39	106	0	7.09309E-9	4.53958E-9	39	107	0	6.61351E-10	4.23265E-10
40	87	0	2.65948E-13	1.70207E-13	40	88	0	1.44972E-11	9.27819E-12
40	89	0	4.51912E-10	2.89223E-10	40	90	1	5.44893E-9	3.48732E-9
40	90	0	5.44893E-9	3.48732E-9	40	91	0	1.62968E-7	1.043E-7
40	92	0	2.23956E-6	1.43332E-6	40	93	0	1.5107E-5	9.66851E-6
40	94	0	1.45242E-4	9.29546E-5	40	95	0	8.58862E-4	5.15317E-5
40	96	0	0.00238071	1.90457E-4	40	97	0	0.0067847	4.07082E-4
40	98	0	0.0117058	0.00374585	40	99	0	0.0155772	0.0049847
40	100	0	0.0188206	0.00602259	40	101	0	0.0100648	0.00322074
40	102	0	0.00535552	0.00342753	40	103	0	0.00303547	0.0019427
40	104	0	4.6239E-4	2.95929E-4	40	105	0	9.2857E-5	5.94285E-5
40	106	0	1.59998E-5	1.02399E-5	40	107	0	1.4918E-6	9.54753E-7
40	108	0	1.16977E-7	7.48654E-8	40	109	0	3.18269E-9	2.03692E-9
40	110	0	8.30837E-11	5.31736E-11	41	89	0	3.21937E-14	2.0604E-14
41	90	0	1.30974E-12	8.38236E-13	41	91	0	6.69869E-11	4.28716E-11
41	92	0	1.5397E-9	9.85407E-10	41	93	0	2.88943E-8	1.84924E-8
41	93	1	6.78867E-9	4.34475E-9	41	94	0	3.33935E-7	2.13718E-7
41	94	1	2.31955E-7	1.48451E-7	41	95	0	5.88885E-6	3.76886E-6
41	95	1	1.37973E-6	8.83027E-7	41	96	0	4.5931E-5	2.93959E-5
41	97	0	2.88494E-4	1.84636E-4	41	97	1	6.76668E-5	4.33067E-5
41	98	0	0.0028558	0.00182771	41	98	1	2.91983E-4	1.86869E-4
41	99	0	4.30716E-4	2.75658E-4	41	99	1	0.00502606	0.00321668
41	100	0	0.0047624	0.00304794	41	100	1	0.0047624	0.00304794
41	101	0	0.021438	0.00686017	41	102	1	0.0105825	0.0067728
41	102	0	0.0105825	0.0067728	41	103	0	0.0189818	0.00607417
41	104	1	0.00466254	0.00298403	41	104	0	0.00466254	0.00298403
41	105	0	0.00401856	0.00257188	41	106	0	0.00115562	7.39599E-4
41	107	0	2.29232E-4	1.46709E-4	41	108	0	5.14199E-5	3.29088E-5
41	109	0	4.80588E-6	3.07576E-6	41	110	0	2.48951E-7	1.59329E-7
41	111	0	5.44054E-9	3.48195E-9	41	112	0	4.02281E-9	2.5746E-9
42	92	0	1.89963E-13	1.21576E-13	42	93	1	3.72427E-12	2.38353E-12
42	93	0	3.72427E-12	2.38353E-12	42	94	0	4.0992E-10	2.62349E-10
42	95	0	8.6683E-9	5.54771E-9	42	96	0	1.87963E-7	1.20296E-7
42	97	0	2.24956E-6	1.43972E-6	42	98	0	2.58749E-5	1.656E-5
42	99	0	1.97811E-4	1.26599E-4	42	100	0	0.0011967	7.65885E-4
42	101	0	0.00431362	0.00276071	42	102	0	0.0148669	0.00475742
42	103	0	0.0235848	0.00754715	42	104	0	0.0336154	0.00773155
42	105	0	0.0259034	0.00828909	42	106	0	0.0176937	0.00796218
42	107	0	0.00663343	0.0042454	42	108	0	0.00436865	0.00279593
42	109	0	7.06782E-4	4.5234E-4	42	110	0	1.35543E-4	8.67478E-5
42	111	0	1.22722E-5	7.85418E-6	42	112	0	9.0742E-6	5.80749E-6
42	113	0	3.24489E-8	2.07673E-8	42	114	0	3.76926E-9	2.41233E-9
42	115	0	4.75917E-10	3.04587E-10	42	116	0	2.44952E-12	1.56769E-12
43	95	0	9.2082E-13	5.89325E-13	43	95	1	2.15958E-13	1.38213E-13
43	97	1	8.44835E-10	5.40694E-10	43	97	0	8.44835E-10	5.40694E-10
43	98	0	3.30935E-8	2.11799E-8	43	99	0	7.89846E-7	5.05501E-7
43	99	1	1.84964E-7	1.18377E-7	43	100	0	9.51814E-6	6.09161E-6
43	101	0	1.0283E-4	6.58111E-5	43	102	0	2.95182E-4	1.88917E-4
43	102	1	2.95182E-4	1.88917E-4	43	103	0	0.00355908	0.00227781
43	104	0	0.00703865	5.63092E-4	43	105	0	0.0218305	0.00698578
43	106	0	0.0281078	0.00168647	43	107	0	0.0323596	0.0145618
43	108	0	0.0203879	0.00652413	43	109	0	0.0132002	0.00594007
43	110	0	0.00433917	0.00277707	43	111	0	0.00139109	8.90296E-4
43	112	0	0.0017579	0.00112505	43	113	0	4.8998E-5	3.13587E-5
43	114	0	4.25917E-6	2.72587E-6	43	115	0	7.18636E-7	4.59927E-7
43	116	0	1.5097E-8	9.66211E-9	43	117	0	6.21445E-11	3.97724E-11
43	118	0	1.59194E-11	1.01884E-11	43	119	0	9.78746E-13	6.26397E-13
43	120	0	2.81832E-13	1.80372E-13	44	97	0	1.08979E-13	6.97464E-14
44	98	0	7.6785E-12	4.91424E-12	44	99	0	3.5793E-10	2.29075E-10
44	100	0	1.43972E-8	9.2142E-9	44	101	0	2.70947E-7	1.73406E-7
44	102	0	5.50892E-6	3.52571E-6	44	103	0	4.98602E-5	3.19106E-5
44	104	0	3.84355E-4	2.45987E-4	44	105	0	0.00255233	1.5314E-4
44	106	0	0.00907658	7.26127E-4	44	107	0	0.0168431	0.00538981
44	108	0	0.0293169	0.00234535	44	109	1	0.0151839	0.00971769
44	109	0	0.0151839	0.00971769	44	110	0	0.031034	0.0099309
44	111	0	0.0155246	0.00496787	44	112	0	0.0114025	0.00513115
44	113	0	0.00309733	0.00198229	44	114	0	8.98364E-4	5.74953E-4
44	115	0	1.64958E-4	1.05573E-4	44	116	0	1.67267E-5	1.07051E-5
44	117	0	5.26835E-7	3.37174E-7	44	118	0	1.34958E-7	8.63729E-8
44	119	0	8.2974E-9	5.31033E-9	44	120	0	2.38925E-9	1.52912E-9
44	121	0	1.21749E-10	7.79197E-11	44	122	0	1.16977E-12	7.48654E-13
45	99	0	1.58969E-14	1.0174E-14	45	101	0	1.5297E-11	9.79009E-12
45	101	1	6.50873E-11	4.16559E-11	45	102	0	1.43972E-9	9.2142E-10
45	102	1	1.43972E-9	9.2142E-10	45	103	0	1.18977E-8	7.61451E-9
45	103	1	7.93845E-8	5.08061E-8	45	104	0	3.0594E-7	1.95802E-7
45	104	1	9.16821E-7	5.86765E-7	45	105	0	1.63768E-5	1.04811E-5
45	105	1	2.44952E-6	1.56769E-6	45	106	0	6.49273E-5	4.15535E-5
45	106	1	6.49273E-5	4.15535E-5	45	107	0	8.99354E-4	5.75587E-4
45	108	0	0.00153703	9.83699E-4	45	108	1	0.00150346	9.62212E-4
45	109	0	0.00553854	0.00354466	45	109	1	0.00556627	0.00356241
45	110	0	0.0082141	0.00525703	45	110	1	0.0082633	0.00371849
45	111	0	0.0307153	0.0138219	45	112	0	0.0196694	0.00629421
45	113	0	0.0193687	0.00619798	45	114	0	0.0093071	0.00595654
45	115	0	0.00436272	0.00279214	45	116	0	0.00105717	6.76591E-4
45	117	0	1.70857E-4	1.09348E-4	45	118	0	5.05401E-5	3.23457E-5
45	119	0	7.04862E-6	4.51112E-6	45	120	0	2.17957E-6	1.39493E-6
45	121	0	1.83842E-7	1.17659E-7	45	122	0	4.31916E-9	2.76426E-9
45	123	0	1.09978E-10	7.03862E-11	45	124	0	8.93825E-13	5.72048E-13
46	102	0	2.66948E-13	1.70847E-13	46	103	0	1.5097E-11	9.66211E-12
46	104	0	7.1786E-10	4.5943E-10	46	105	0	1.92962E-8	1.23496E-8
46	106	0	4.79906E-7	3.0714E-7	46	107	0	1.99961E-6	1.27975E-6
46	107	1	3.71927E-6	2.38033E-6	46	108	0	6.6617E-5	4.26349E-5
46	109	0	1.33404E-4	8.53785E-5	46	109	1	2.47752E-4	1.58561E-4
46	110	0	0.00215901	0.00138176	46	111	0	0.00215595	0.00137981
46	111	1	0.00501242	4.00994E-4	46	112	0	0.0147359	0.00117888
46	113	0	0.0161888	0.0051804	46	114	0	0.0206625	0.006612
46	115	0	0.0143583	0.00459466	46	116	0	0.00783349	0.00501343
46	117	0	0.00373802	0.00239233	46	118	0	0.00255312	0.001634
46	119	0	3.81505E-4	2.44163E-4	46	120	0	2.5557E-4	1.63565E-4
46	121	0	2.76446E-5	1.76925E-5	46	122	0	2.89943E-6	1.85564E-6
46	123	0	1.5397E-7	9.85407E-8	46	124	0	5.6289E-9	3.6025E-9
46	125	0	1.39973E-10	8.95825E-11	46	126	0	3.29935E-12	2.11159E-12
47	105	0	2.85944E-13	1.83004E-13	47	105	1	1.91962E-12	1.22856E-12
47	106	0	2.90943E-11	1.86204E-11	47	106	1	6.77867E-11	4.33835E-11
47	107	0	5.44893E-10	3.48732E-10	47	107	1	3.64929E-9	2.33554E-9
47	108	1	4.26417E-8	2.72907E-8	47	108	0	4.26417E-8	2.72907E-8
47	109	1	8.89826E-7	5.69489E-7	47	109	0	8.89826E-7	5.69489E-7
47	110	0	5.38895E-6	3.44893E-6	47	110	1	1.25675E-5	8.04323E-6
47	111	0	2.34754E-5	1.50243E-5	47	111	1	1.57099E-4	1.00544E-4
47	112	0	0.00166287	5.3212E-4	47	113	0	3.75277E-4	2.40177E-4
47	113	1	0.00251899	0.00161215	47	114	0	0.00506866	8.10985E-4
47	115	0	0.00499532	0.00319701	47	115	1	0.00512208	0.00327813
47	116	0	0.00581074	0.00371888	47	116	1	0.00608749	0.00389599
47	117	0	0.00592027	0.00378897	47	117	1	0.00592027	0.00378897
47	118	0	0.00271132	0.00173524	47	118	1	0.00271132	0.00173524
47	119	0	0.00376982	0.00241269	47	120	1	9.75314E-4	6.24201E-4
47	120	0	9.75314E-4	6.24201E-4	47	121	0	5.27277E-4	3.37457E-4
47	122	1	5.6384E-5	3.60857E-5	47	122	0	5.6384E-5	3.60857E-5
47	123	0	2.50051E-5	1.60033E-5	47	124	0	1.91962E-6	1.22856E-6
47	125	0	2.16958E-7	1.38853E-7	47	126	0	1.21976E-8	7.80647E-9
47	127	0	3.33935E-10	2.13718E-10	47	128	0	5.67889E-11	3.63449E-11
47	129	0	1.85136E-11	1.18487E-11	47	130	0	3.26936E-12	2.09239E-12
48	107	0	2.64948E-13	1.69567E-13	48	108	0	1.97961E-11	1.26695E-11
48	109	0	7.42855E-10	4.75427E-10	48	110	0	2.84944E-8	1.82364E-8
48	111	0	1.16977E-7	7.48654E-8	48	111	1	3.91923E-7	2.50831E-7
48	112	0	7.38855E-6	4.72868E-6	48	113	0	1.09379E-5	7.00023E-6
48	113	1	3.66028E-5	2.34258E-5	48	114	0	2.92683E-4	1.87317E-4
48	115	0	1.94442E-4	1.24443E-4	48	115	1	6.50953E-4	4.1661E-4
48	116	0	0.0011265	1.8024E-4	48	117	0	5.78597E-4	3.70302E-4
48	117	1	0.00192346	0.00123102	48	118	0	0.00212598	0.00136063
48	119	0	9.1956E-4	5.88518E-4	48	119	1	9.1956E-4	5.88518E-4
48	120	0	0.00155224	9.93431E-4	48	121	1	5.50172E-4	3.5211E-4
48	121	0	5.50172E-4	3.5211E-4	48	122	0	9.6886E-4	6.20071E-4
48	123	0	4.05501E-4	2.5952E-4	48	124	0	1.28415E-4	8.21855E-5
48	125	0	3.0434E-5	1.94778E-5	48	126	0	8.14841E-6	5.21498E-6
48	127	0	9.01824E-7	5.77167E-7	48	128	0	3.50931E-7	2.24596E-7
48	129	0	1.56951E-7	1.00449E-7	48	130	0	5.5989E-8	3.5833E-8
48	131	0	2.35954E-8	1.5101E-8	48	132	0	3.33935E-9	2.13718E-9
48	133	0	1.38953E-10	8.89301E-11	48	134	0	4.41914E-13	2.82825E-13
49	109	0	3.38934E-14	2.16918E-14	49	111	0	1.61968E-10	1.0366E-10
49	112	0	7.85846E-10	5.02942E-10	49	112	1	3.34934E-9	2.14358E-9
49	113	0	7.58852E-8	4.85665E-8	49	113	1	1.77965E-8	1.13898E-8
49	114	0	2.37953E-7	1.5229E-7	49	114	1	7.1386E-7	4.56871E-7
49	115	0	6.80867E-6	4.35755E-6	49	115	1	1.59969E-6	1.0238E-6
49	116	2	2.09626E-5	1.3416E-5	49	116	0	2.09626E-5	1.3416E-5
49	116	1	2.09626E-5	1.3416E-5	49	117	0	4.30816E-5	2.75722E-5
49	117	1	1.0108E-5	6.46913E-6	49	118	2	7.39855E-6	4.73507E-6
49	118	0	4.44013E-5	2.84168E-5	49	118	1	7.39855E-6	4.73507E-6
49	119	0	7.78248E-5	4.98079E-5	49	119	1	1.82564E-5	1.16841E-5
49	120	2	3.03274E-5	1.94095E-5	49	120	0	3.03274E-5	1.94095E-5
49	120	1	3.03274E-5	1.94095E-5	49	121	0	3.18368E-4	2.03755E-4
49	121	1	7.46754E-5	4.77923E-5	49	122	2	2.0646E-4	1.32134E-4
49	122	0	2.0646E-4	1.32134E-4	49	122	1	2.0646E-4	1.32134E-4
49	123	0	7.78038E-4	4.97944E-4	49	123	1	1.82504E-4	1.16803E-4
49	124	1	2.83465E-4	1.81417E-4	49	124	0	2.83465E-4	1.81417E-4
49	125	0	2.72397E-4	1.74334E-4	49	125	1	2.72397E-4	1.74334E-4
49	126	1	1.58759E-4	1.01606E-4	49	126	0	1.58759E-4	1.01606E-4
49	127	0	9.32018E-5	5.96491E-5	49	127	1	9.32018E-5	5.96491E-5
49	128	1	3.95923E-5	2.5339E-5	49	128	0	3.95923E-5	2.5339E-5
49	129	0	4.0982E-5	2.62285E-5	49	129	1	4.0982E-5	2.62285E-5
49	130	2	1.13278E-5	7.24978E-6	49	130	1	1.13278E-5	7.24978E-6
49	130	0	1.13278E-5	7.24978E-6	49	131	1	8.52833E-6	5.45813E-6
49	131	0	8.52833E-6	5.45813E-6	49	132	0	4.32915E-6	2.77066E-6
49	133	0	2.0982E-7	1.34285E-7	49	134	0	4.25917E-9	2.72587E-9
49	135	0	2.28166E-10	1.46026E-10	49	136	0	1.76965E-12	1.13258E-12
50	112	0	4.11919E-13	2.63628E-13	50	113	1	8.09842E-12	5.18299E-12
50	113	0	8.09842E-12	5.18299E-12	50	114	0	5.72888E-10	3.66648E-10
50	115	0	8.27838E-9	5.29816E-9	50	116	0	2.0296E-7	1.29895E-7
50	117	1	3.60929E-8	2.30995E-8	50	117	0	3.60929E-8	2.30995E-8
50	118	0	1.91962E-7	1.22856E-7	50	119	0	7.83847E-8	5.01662E-8
50	119	1	2.62949E-7	1.68287E-7	50	120	0	7.07862E-7	4.53031E-7
50	121	0	4.36915E-6	2.79625E-6	50	121	1	1.06879E-5	6.84026E-6
50	122	0	9.74909E-5	6.23942E-5	50	123	0	1.98161E-4	1.26823E-4
50	123	1	8.09442E-5	5.18043E-5	50	124	0	6.25328E-4	4.0021E-4
50	125	0	7.96644E-4	5.09852E-4	50	125	1	3.25386E-4	2.08247E-4
50	126	0	0.00272768	0.00122745	50	127	0	0.00191759	3.06815E-4
50	127	1	7.6892E-4	2.46054E-4	50	128	1	0.00124417	7.96267E-4
50	128	0	0.00124417	7.96267E-4	50	129	0	0.00199541	0.00127706
50	129	1	8.15021E-4	5.21613E-4	50	130	1	0.00135523	8.6735E-4
50	130	0	0.00135523	8.6735E-4	50	131	1	5.75402E-4	3.68258E-4
50	131	0	5.75402E-4	3.68258E-4	50	132	0	0.00104577	4.70594E-4
50	133	0	9.33317E-5	5.97323E-5	50	134	0	7.30857E-6	4.67749E-6
50	135	0	5.14671E-7	3.2939E-7	50	136	0	2.14958E-8	1.37573E-8
50	137	0	8.26838E-10	5.29176E-10	50	138	0	1.78965E-11	1.14538E-11
51	115	0	8.98824E-13	5.75247E-13	51	117	0	7.19859E-12	4.6071E-12
51	118	0	9.22819E-12	5.90604E-12	51	118	1	1.32974E-11	8.51034E-12
51	119	0	9.15821E-11	5.86125E-11	51	120	0	8.39836E-11	5.37495E-11
51	120	1	1.20976E-10	7.74249E-11	51	121	0	7.19859E-8	4.6071E-8
51	122	0	4.64909E-7	2.97542E-7	51	122	1	5.23898E-7	3.35294E-7
51	123	0	1.15477E-5	7.39055E-6	51	124	2	1.685E-5	1.0784E-5
51	124	0	1.685E-5	1.0784E-5	51	124	1	1.685E-5	1.0784E-5
51	125	0	3.6032E-4	2.30604E-4	51	126	2	3.82245E-4	2.44637E-4
51	126	0	4.48992E-4	2.87355E-4	51	126	1	3.82245E-4	2.44637E-4
51	127	0	0.00280925	0.00179792	51	128	0	0.0014867	9.51487E-4
51	128	1	0.00253163	0.00162025	51	129	0	0.00983041	0.00157287
51	130	0	0.0054722	4.37776E-4	51	130	1	0.00504225	0.00161352
51	131	0	0.0103451	0.00113796	51	132	0	0.00704612	0.00450952
51	132	1	0.00510236	0.00326551	51	133	0	0.00499964	0.00319977
51	134	1	3.52246E-4	2.25438E-4	51	134	0	3.52246E-4	2.25438E-4
51	135	0	1.83604E-4	1.17507E-4	51	136	0	1.39173E-5	8.90706E-6
51	137	0	1.93962E-6	1.24136E-6	51	138	0	7.41855E-8	4.74787E-8
51	139	0	6.03882E-9	3.86484E-9	51	140	0	2.26394E-10	1.44892E-10
52	121	1	1.5397E-11	9.85407E-12	52	121	0	1.5397E-11	9.85407E-12
52	122	0	1.92962E-9	1.23496E-9	52	123	0	1.07979E-8	6.91065E-9
52	123	1	3.5993E-8	2.30355E-8	52	124	0	8.78828E-7	5.6245E-7
52	125	0	2.97942E-6	1.90683E-6	52	125	1	9.96805E-6	6.37955E-6
52	126	0	1.91013E-4	1.22248E-4	52	127	0	5.88185E-5	3.76438E-5
52	127	1	1.44012E-4	9.21676E-5	52	128	0	0.00123003	7.87219E-4
52	129	0	9.926161E-4	6.35274E-4	52	129	1	0.00246839	0.00157977
52	130	0	0.00618515	0.0039585	52	131	0	0.00267357	0.00171108
52	131	1	0.0118694	9.49554E-4	52	132	0	0.0232566	0.00744213
52	133	0	0.0101848	0.0023425	52	133	1	0.0185005	0.00203506
52	134	0	0.0141438	0.00226301	52	135	0	0.00629444	0.00402844
52	136	0	0.00172029	0.00110099	52	137	0	4.0885E-4	2.61664E-4
52	138	0	5.57091E-5	3.56538E-5	52	139	0	7.90845E-6	5.06141E-6
52	140	0	5.10674E-7	3.26831E-7	52	141	0	1.77992E-8	1.13915E-8
52	142	0	9.98805E-10	6.39235E-10	52	143	0	2.59742E-10	1.66235E-10
53	123	0	2.15958E-11	1.38213E-11	53	125	0	5.77887E-8	3.69848E-8
53	126	0	1.93962E-6	1.24136E-6	53	127	0	2.76946E-6	1.77245E-6
53	128	0	1.80965E-5	1.15817E-5	53	129	0	1.14178E-4	7.30737E-5
53	130	0	2.23656E-4	1.4314E-4	53	130	1	6.89065E-5	4.41002E-5
53	131	0	0.0055775	0.0017848	53	132	1	0.00240456	0.00153892
53	132	0	0.00240456	0.00153892	53	133	1	0.00819042	0.00524187
53	133	0	0.00819042	0.00524187	53	134	0	0.0141845	0.00226952
53	134	1	0.00983238	7.8659E-4	53	135	0	0.0300393	0.00330432
53	136	0	0.00576252	0.00368801	53	136	1	0.00921464	0.00101361
53	137	0	0.0107305	0.00343377	53	138	0	0.00242091	0.00154938
53	139	0	0.00119828	7.66896E-4	53	140	0	1.29865E-4	8.31133E-5
53	141	0	2.68769E-5	1.72012E-5	53	142	0	1.44972E-6	9.27819E-7
53	143	0	3.92212E-7	2.51016E-7	53	144	0	4.2399E-9	2.71354E-9
53	145	0	2.87534E-10	1.84022E-10	54	125	1	1.15477E-11	7.39055E-12
54	125	0	1.15477E-11	7.39055E-12	54	126	0	3.77926E-9	2.41873E-9
54	127	1	1.18977E-9	7.61451E-10	54	127	0	1.18977E-9	7.61451E-10
54	128	0	3.52931E-8	2.25876E-8	54	129	1	1.23476E-7	7.90245E-8
54	129	0	1.23476E-7	7.90245E-8	54	130	0	1.19977E-6	7.6785E-7
54	131	0	1.20776E-5	7.72969E-6	54	131	1	2.95642E-5	1.89211E-5
54	132	0	3.22067E-4	2.06123E-4	54	133	0	6.61101E-4	4.23104E-4
54	133	1	0.00163113	0.00104392	54	134	0	0.00918367	0.00293878
54	134	1	0.00560783	0.00358901	54	135	0	0.0055866	6.14526E-4
54	135	1	0.0106325	8.50601E-4	54	136	0	0.034907	0.0111702
54	137	0	0.0315689	0.00726085	54	138	0	0.0229741	0.00183793
54	139	0	0.018232	0.00145856	54	140	0	0.00653341	0.00104535
54	141	0	0.00216581	1.73265E-4	54	142	0	3.92933E-4	2.51477E-4
54	143	1	4.50149E-5	2.88095E-5	54	143	0	4.50149E-5	2.88095E-5
54	144	0	9.56389E-6	6.12089E-6	54	145	0	6.48586E-7	4.15095E-7
54	146	0	4.11919E-8	2.63628E-8	54	147	0	1.00089E-9	6.40568E-10
54	148	0	3.13939E-11	2.00921E-11	55	127	0	1.47971E-13	9.47015E-14
55	129	0	4.03921E-11	2.58509E-11	55	131	0	8.78828E-8	5.6245E-8
55	132	0	1.19977E-6	7.6785E-7	55	133	0	3.18138E-5	2.03608E-5
55	134	1	9.93006E-5	6.35524E-5	55	134	0	9.93006E-5	6.35524E-5
55	135	1	7.25658E-4	4.64421E-4	55	135	0	7.25658E-4	4.64421E-4
55	136	1	0.00204218	0.00130699	55	136	0	0.00204218	0.00130699
55	137	0	0.0141742	0.00453575	55	138	0	0.0169283	0.00270852
55	138	1	0.00857795	0.00386008	55	139	0	0.0329194	0.00362113
55	140	0	0.02368	0.00757762	55	141	0	0.0210186	0.00672595
55	142	0	0.00631173	0.0040395	55	143	0	0.00409745	0.00262237
55	144	0	8.07052E-4	5.16513E-4	55	145	0	1.84574E-4	1.18127E-4
55	146	0	2.0266E-5	1.29703E-5	55	147	0	1.51134E-6	9.6726E-7
55	148	0	9.60812E-8	6.1492E-8	55	149	0	2.29052E-9	1.46593E-9
55	150	0	1.42972E-10	9.15021E-11	56	131	0	1.62968E-11	1.043E-11
56	132	0	8.28838E-10	5.30456E-10	56	133	0	4.12919E-8	2.64268E-8
56	134	0	9.86807E-7	6.31556E-7	56	135	1	6.50373E-6	4.16239E-6
56	135	0	6.50373E-6	4.16239E-6	56	136	1	7.56552E-5	4.84193E-5
56	136	0	7.56552E-5	4.84193E-5	56	137	0	2.18287E-4	1.39704E-4
56	137	1	5.34435E-4	3.42039E-4	56	138	0	0.0030153	0.00192979
56	139	0	0.00845647	0.00194499	56	140	0	0.0209985	0.00482966
56	141	0	0.0241731	0.00773541	56	142	0	0.0235808	0.00259389
56	143	0	0.0230734	0.00738347	56	144	0	0.0142944	0.00457422
56	145	0	0.00510007	0.00326405	56	146	0	0.00192176	0.00122993
56	147	0	3.4692E-4	2.22028E-4	56	148	0	5.36295E-5	3.43229E-5
56	149	0	5.1667E-6	3.30669E-6	56	150	0	4.80906E-7	3.0778E-7
56	151	0	1.02892E-8	6.58506E-9	56	152	0	9.78809E-10	6.26437E-10
56	153	0	6.88149E-11	4.40416E-11	56	154	0	4.16918E-13	2.66828E-13
57	133	0	5.93884E-12	3.80086E-12	57	135	0	1.34974E-8	8.63831E-9
57	137	0	5.03901E-6	3.22497E-6	57	138	0	3.41633E-5	2.18645E-5
57	139	0	3.69848E-4	2.36702E-4	57	140	0	0.00186556	1.11933E-4
57	141	0	0.00682023	0.00436494	57	142	0	0.0130322	0.00104257
57	143	0	0.0177352	0.00567526	57	144	0	0.0182247	0.00419168
57	145	0	0.0199046	0.00636946	57	146	1	0.00588941	0.00376922
57	146	0	0.00588941	0.00376922	57	147	0	0.00693432	0.00443797
57	148	0	0.00175447	0.00112286	57	149	0	5.73358E-4	3.66949E-4
57	150	0	8.90326E-5	5.69809E-5	57	151	0	1.55367E-5	9.94347E-6
57	152	0	1.04979E-6	6.71869E-7	57	153	0	1.03911E-7	6.65029E-8
57	154	0	2.69947E-9	1.72766E-9	57	155	0	9.7026E-11	6.20966E-11
57	156	0	8.50639E-12	5.44409E-12	58	135	0	1.20976E-12	7.74249E-13
58	137	0	3.0594E-9	1.95802E-9	58	138	0	7.47854E-8	4.78626E-8
58	139	0	4.05921E-7	2.59789E-7	58	139	1	9.93806E-7	6.36036E-7
58	140	0	1.66267E-5	1.06411E-5	58	141	0	1.10068E-4	7.04438E-5
58	142	0	5.44473E-4	3.48463E-4	58	143	0	0.0020577	0.00131693
58	144	0	0.00969462	0.00310228	58	145	0	0.00951385	0.00608886
58	146	0	0.0178051	0.00409517	58	147	0	0.0157731	0.00504739
58	148	0	0.0128039	0.00409724	58	149	0	0.00650519	0.00416332
58	150	0	0.0033141	0.00212103	58	151	0	9.1949E-4	5.88474E-4
58	152	0	2.12788E-4	1.36185E-4	58	153	0	3.43133E-5	2.19605E-5
58	154	0	3.12939E-6	2.00281E-6	58	155	0	2.1886E-7	1.4007E-7
58	156	0	1.91877E-8	1.22802E-8	58	157	0	4.66909E-10	2.98822E-10
58	158	0	1.76965E-11	1.13258E-11	59	139	0	6.02882E-10	3.85845E-10
59	140	0	1.22976E-8	7.87046E-9	59	141	0	2.73946E-7	1.75326E-7
59	142	1	1.13478E-6	7.26258E-7	59	142	0	1.13478E-6	7.26258E-7
59	143	0	2.34354E-5	1.49987E-5	59	144	0	1.38773E-5	8.88146E-6
59	144	1	1.24866E-4	7.9914E-5	59	145	0	6.81197E-4	4.35966E-4
59	146	0	0.00193265	0.0012369	59	147	0	0.00527811	0.00337799
59	148	1	0.00349603	0.00223746	59	148	0	0.00349603	0.00223746
59	149	0	0.0112092	0.00358696	59	150	0	0.00847553	0.00542434
59	151	0	0.00730461	0.00467495	59	152	0	0.00265174	0.00169711
59	153	0	0.00138544	8.86681E-4	59	154	0	2.0669E-4	1.32281E-4
59	155	0	4.96803E-5	3.17954E-5	59	156	0	7.35856E-6	4.70948E-6
59	157	0	6.28877E-7	4.02481E-7	59	158	0	4.00922E-8	2.5659E-8
59	159	0	2.72947E-9	1.74686E-9	59	160	0	6.51872E-11	4.17198E-11
59	161	0	3.91205E-12	2.50371E-12	60	140	0	1.61968E-12	1.0366E-12
60	141	0	6.1188E-11	3.91603E-11	60	142	0	1.75966E-9	1.12618E-9
60	143	0	2.96942E-8	1.90043E-8	60	144	0	6.01882E-7	3.85205E-7
60	145	0	4.83905E-6	3.09699E-6	60	146	0	4.97603E-5	3.18466E-5
60	147	0	2.23836E-4	1.43255E-4	60	148	0	9.32648E-4	5.96894E-4
60	149	0	0.00217615	0.00139274	60	150	0	0.00548395	0.00350973
60	151	0	0.00673943	0.00303274	60	152	0	0.00784608	0.00502149
60	153	0	0.00610719	0.0039086	60	154	0	0.00291181	0.00186356
60	155	0	0.00110809	7.0918E-4	60	156	0	5.48213E-4	3.50856E-4
60	157	0	7.72249E-5	4.94239E-5	60	158	0	1.66567E-5	1.06603E-5
60	159	0	1.91962E-6	1.22856E-6	60	160	0	1.57969E-7	1.011E-7
60	161	0	8.82436E-9	5.64759E-9	60	162	0	3.52931E-10	2.25876E-10
60	163	0	7.96844E-12	5.0998E-12	60	164	0	1.91962E-13	1.22856E-13
61	143	0	4.17918E-12	2.67468E-12	61	144	0	1.42972E-10	9.15021E-11
61	145	0	3.97922E-9	2.5467E-9	61	146	0	7.1386E-8	4.56871E-8
61	147	0	1.0398E-6	6.6547E-7	61	148	0	2.37953E-6	1.5229E-6
61	148	1	5.54891E-6	3.55131E-6	61	149	0	7.1616E-5	4.58342E-5
61	150	0	1.81504E-4	1.16163E-4	61	151	0	0.00105017	6.72112E-4
61	152	2	5.84606E-4	3.74148E-4	61	152	0	5.84606E-4	3.74148E-4
61	152	1	5.84606E-4	3.74148E-4	61	153	0	0.00423469	0.0027102
61	154	0	0.00149335	9.55743E-4	61	154	1	0.0035299	0.00158845
61	155	0	0.00353345	0.00226141	61	156	0	0.00268054	0.00171554
61	157	0	0.00121826	7.79687E-4	61	158	0	4.1127E-4	2.63213E-4
61	159	0	1.59839E-4	1.02297E-4	61	160	0	2.13658E-5	1.36741E-5
61	161	0	3.94923E-6	2.52751E-6	61	162	0	2.5695E-7	1.64448E-7
61	163	0	1.95962E-8	1.25415E-8	61	164	0	7.77848E-10	4.97823E-10
61	165	0	3.5793E-11	2.29075E-11	61	166	0	1.34684E-12	8.61981E-13
62	145	0	2.82945E-13	1.81085E-13	62	146	0	1.85964E-11	1.19017E-11
62	147	0	4.67908E-10	2.99461E-10	62	148	0	1.28975E-8	8.25439E-9
62	149	0	1.88963E-7	1.20936E-7	62	150	0	2.40953E-6	1.5421E-6
62	151	0	1.47471E-5	9.43815E-6	62	152	0	9.05223E-5	5.79343E-5
62	153	0	3.34884E-4	2.14326E-4	62	154	0	7.6847E-4	4.91821E-4
62	155	0	0.00138904	8.88985E-4	62	156	0	0.0032627	0.00208813
62	157	0	0.0022613	0.00144723	62	158	0	0.00230721	0.00147661
62	159	0	0.00138406	8.85798E-4	62	160	0	5.89775E-4	3.77456E-4
62	161	0	1.68387E-4	1.07768E-4	62	162	0	3.54731E-5	2.27028E-5
62	163	0	4.31916E-6	2.76426E-6	62	164	0	5.70888E-7	3.65369E-7
62	165	0	4.17918E-8	2.67468E-8	62	166	0	3.03806E-9	1.94436E-9
62	167	0	7.6785E-11	4.91424E-11	62	168	0	2.74946E-12	1.75966E-12
62	169	0	9.59439E-14	6.14041E-14	63	147	0	2.28955E-14	1.46531E-14
63	149	0	5.87885E-11	3.76246E-11	63	151	0	2.70947E-8	1.73406E-8
63	152	2	9.39816E-8	6.01482E-8	63	152	0	9.39816E-8	6.01482E-8
63	152	1	9.39816E-8	6.01482E-8	63	153	0	3.5793E-6	2.29075E-6
63	154	1	6.59371E-6	4.21997E-6	63	154	0	6.59371E-6	4.21997E-6
63	155	0	7.88146E-5	5.04413E-5	63	156	0	2.63658E-4	1.68741E-4
63	157	0	6.34226E-4	4.05905E-4	63	158	0	9.74649E-4	6.23776E-4
63	159	0	0.00180079	0.0011525	63	160	0	0.00114015	7.29694E-4
63	161	0	9.844271E-4	6.30034E-4	63	162	0	3.09389E-4	1.98009E-4
63	163	0	1.18227E-4	7.56652E-5	63	164	0	2.42653E-5	1.55298E-5
63	165	0	5.65889E-6	3.62169E-6	63	166	0	6.43874E-7	4.12079E-7
63	167	0	5.43894E-8	3.48092E-8	63	168	0	3.09939E-9	1.98361E-9
63	169	0	1.44876E-10	9.27204E-11	63	170	0	3.94923E-12	2.52751E-12
63	171	0	1.04558E-13	6.69169E-14	63	172	0	8.19626E-15	5.24561E-15
64	151	0	4.37914E-12	2.80265E-12	64	152	0	1.61968E-10	1.0366E-10
64	153	0	3.44933E-9	2.20757E-9	64	154	0	4.44913E-8	2.84744E-8
64	155	0	4.46913E-7	2.86024E-7	64	156	0	4.78906E-6	3.065E-6
64	157	0	2.0436E-5	1.3079E-5	64	158	0	9.91206E-5	6.34372E-5
64	159	0	2.87224E-4	1.83823E-4	64	160	0	5.58451E-4	3.57408E-4
64	161	0	6.98523E-4	4.47055E-4	64	162	0	6.53902E-4	4.18497E-4
64	163	0	3.62739E-4	2.32153E-4	64	164	0	2.26256E-4	1.44804E-4
64	165	0	7.75748E-5	4.96479E-5	64	166	0	2.72647E-5	1.74494E-5
64	167	0	3.5893E-6	2.29715E-6	64	168	0	6.54872E-7	4.19118E-7
64	169	0	4.80906E-8	3.0778E-8	64	170	0	4.37914E-9	2.80265E-9
64	171	0	2.35849E-10	1.50944E-10	64	172	0	1.84882E-11	1.18324E-11
65	153	0	3.65928E-13	2.34194E-13	65	155	0	2.91943E-10	1.86843E-10
65	156	0	4.81906E-9	3.0842E-9	65	156	1	5.34895E-10	3.42333E-10
65	157	0	7.96844E-8	5.0998E-8	65	158	0	5.68889E-7	3.64089E-7
65	158	1	6.31876E-8	4.04401E-8	65	159	0	6.17879E-6	3.95443E-6
65	160	0	1.90863E-5	1.22152E-5	65	161	0	7.46554E-5	4.77795E-5
65	162	0	5.18998E-5	3.32159E-5	65	162	1	5.18998E-5	3.32159E-5
65	163	0	1.73566E-4	1.11082E-4	65	164	0	1.56499E-4	1.0016E-4
65	165	0	1.56809E-4	1.00358E-4	65	166	0	7.86446E-5	5.03326E-5
65	167	0	3.15838E-5	2.02136E-5	65	168	0	8.51833E-6	5.45173E-6
65	169	0	1.93962E-6	1.24136E-6	65	170	0	2.76946E-7	1.77245E-7
65	171	0	4.77907E-8	3.0586E-8	65	172	0	5.90884E-9	3.78166E-9
66	155	0	1.63968E-14	1.04939E-14	66	156	0	1.07979E-12	6.91065E-13
66	157	0	2.76946E-11	1.77245E-11	66	158	0	7.60851E-10	4.86945E-10
66	159	0	1.26975E-8	8.12641E-9	66	160	0	1.32974E-7	8.51034E-8
66	161	0	8.31837E-7	5.32376E-7	66	162	0	3.71927E-6	2.38033E-6
66	163	0	9.54813E-6	6.1108E-6	66	164	0	2.67548E-5	1.71231E-5
66	165	0	3.37634E-5	2.16086E-5	66	165	1	5.04901E-6	3.23137E-6
66	166	0	5.73088E-5	3.66776E-5	66	167	0	3.32335E-5	2.12694E-5
66	168	0	2.62149E-5	1.67775E-5	66	169	0	8.55833E-6	5.47733E-6
66	170	0	3.73927E-6	2.39313E-6	66	171	0	9.57813E-7	6.13E-7
66	172	0	3.69928E-7	2.36754E-7	67	159	0	2.52951E-12	1.61888E-12
67	159	1	3.77926E-13	2.41873E-13	67	161	0	9.43815E-10	6.04042E-10
67	161	1	1.40972E-10	9.02224E-11	67	162	0	2.35954E-9	1.5101E-9
67	162	1	5.49892E-9	3.51931E-9	67	163	0	5.80886E-8	3.71767E-8
67	163	1	8.6883E-9	5.56051E-9	67	164	0	8.89826E-8	5.69489E-8
67	164	1	2.07959E-7	1.33094E-7	67	165	0	1.34974E-6	8.63831E-7
67	166	0	8.96825E-7	5.73968E-7	67	166	1	2.08959E-6	1.33734E-6
67	167	0	5.35895E-6	3.42973E-6	67	168	0	6.09881E-6	3.90324E-6
67	169	0	5.84886E-6	3.74327E-6	67	170	0	1.83964E-6	1.17737E-6
67	170	1	1.83964E-6	1.17737E-6	67	171	0	2.76946E-6	1.77245E-6
67	172	0	1.5297E-6	9.79009E-7	68	161	0	1.22976E-13	7.87046E-14
68	162	0	3.03941E-12	1.94522E-12	68	163	0	4.24917E-11	2.71947E-11
68	164	0	6.33876E-10	4.05681E-10	68	165	0	4.56911E-9	2.92423E-9
68	166	0	3.25936E-8	2.08599E-8	68	167	0	8.02843E-8	5.13819E-8
68	167	1	1.19977E-8	7.6785E-9	68	168	0	3.28936E-7	2.10519E-7
68	169	0	4.68908E-7	3.00101E-7	68	170	0	9.10822E-7	5.82926E-7
68	171	0	9.818079E-7	6.28357E-7	68	172	0	1.59969E-6	1.0238E-6
69	165	0	1.74966E-12	1.11978E-12	69	166	0	1.99961E-11	1.27975E-11
69	167	0	1.89963E-10	1.21576E-10	69	168	0	1.06979E-9	6.84666E-10
69	169	0	4.90904E-9	3.14179E-9	69	170	0	1.49971E-8	9.59812E-9
69	171	0	5.02902E-8	3.21857E-8	69	172	0	1.20976E-7	7.74249E-8
70	167	0	3.44933E-14	2.20757E-14	70	168	0	6.42874E-13	4.1144E-13
70	169	0	4.1092E-12	2.62989E-12	70	169	1	6.1388E-13	3.92883E-13
70	170	0	4.82906E-11	3.0906E-11	70	171	0	2.5495E-10	1.63168E-10
70	172	0	1.96961E-9	1.26055E-9	71	171	0	7.42855E-14	4.75427E-14
71	171	1	7.42855E-14	4.75427E-14	71	172	0	9.15821E-13	5.86125E-13
71	172	1	9.15821E-13	5.86125E-13