Z	A	FPS	Yield	Uncertainty	Z	A	FPS	Yield	Uncertainty
23	66	0	2.27543E-15	1.45628E-15	24	66	0	5.22983E-11	3.34709E-11
24	67	0	2.27003E-12	1.45282E-12	24	68	0	6.20007E-14	3.96805E-14
24	69	0	3.61137E-15	2.31128E-15	25	66	0	4.38005E-8	2.80323E-8
25	67	0	5.64007E-9	3.60964E-9	25	68	0	4.64006E-10	2.96964E-10
25	69	0	2.68967E-11	1.72139E-11	25	70	0	1.08001E-12	6.91208E-13
25	71	0	2.58003E-14	1.65122E-14	25	72	0	7.96185E-16	5.09558E-16
26	66	0	2.80003E-6	1.79202E-6	26	67	0	1.01001E-6	6.46408E-7
26	68	0	2.40003E-7	1.53602E-7	26	69	0	4.11005E-8	2.63043E-8
26	70	0	4.93006E-9	3.15524E-9	26	71	0	3.54004E-10	2.26563E-10
26	72	0	1.82994E-11	1.17116E-11	26	73	0	5.28006E-13	3.37924E-13
26	74	0	1.14001E-14	7.29609E-15	27	66	0	1.13601E-5	7.27049E-6
27	67	0	1.05301E-5	6.73928E-6	27	68	0	6.65008E-6	4.25605E-6
27	69	0	3.14004E-6	2.00962E-6	27	70	0	1.07001E-6	6.84808E-7
27	71	0	2.23003E-7	1.42722E-7	27	72	0	3.42004E-8	2.18883E-8
27	73	0	3.04004E-9	1.94562E-9	27	74	0	1.98002E-10	1.26722E-10
27	75	0	8.7301E-12	5.58727E-12	27	76	0	2.27003E-13	1.45282E-13
27	77	0	7.92966E-15	5.07498E-15	28	66	0	5.29006E-6	3.38564E-6
28	67	0	1.20001E-5	7.68009E-6	28	68	0	1.85402E-5	1.18657E-5
28	69	0	2.19003E-5	1.40162E-5	28	70	0	1.93502E-5	1.23841E-5
28	71	0	1.09001E-5	6.97608E-6	28	72	0	4.66006E-6	2.98244E-6
28	73	0	1.22001E-6	7.80809E-7	28	74	0	2.34003E-7	1.49762E-7
28	75	0	3.06004E-8	1.95842E-8	28	76	0	2.40003E-9	1.53602E-9
28	77	0	1.33994E-10	8.57559E-11	28	78	0	4.76006E-12	3.04644E-12
28	79	0	2.01378E-13	1.28882E-13	29	66	0	1.67002E-7	1.06881E-7
29	67	0	1.01001E-6	6.46408E-7	29	68	0	1.19001E-6	7.61609E-7
29	68	1	2.78003E-6	1.77922E-6	29	69	0	1.16201E-5	7.43689E-6
29	70	0	6.27007E-6	4.01285E-6	29	70	1	1.88002E-5	1.20321E-5
29	71	0	3.47704E-5	2.22531E-5	29	72	0	3.77104E-5	2.41347E-5
29	73	0	2.67403E-5	1.71138E-5	29	74	0	1.39902E-5	8.95371E-6
29	75	0	5.17006E-6	3.30884E-6	29	76	0	1.17001E-6	7.48809E-7
29	77	0	1.93002E-7	1.23521E-7	29	78	0	2.05002E-8	1.31202E-8
29	79	0	1.49982E-9	9.59883E-10	29	80	0	6.65008E-11	4.25605E-11
29	81	0	2.26003E-12	1.44642E-12	29	82	0	4.17005E-14	2.66883E-14
30	66	0	4.24005E-10	2.71363E-10	30	67	0	7.36009E-9	4.71046E-9
30	68	0	8.1501E-8	5.21606E-8	30	69	0	1.23001E-7	7.87209E-8
30	69	1	5.24006E-7	3.35364E-7	30	70	0	3.65004E-6	2.33603E-6
30	71	0	2.42003E-6	1.54882E-6	30	71	1	1.03301E-5	6.61128E-6
30	72	0	3.39704E-5	2.17411E-5	30	73	0	6.02507E-5	3.85605E-5
30	74	0	7.84009E-5	5.01766E-5	30	75	0	7.45409E-5	4.77062E-5
30	76	0	4.50905E-5	2.88579E-5	30	77	0	2.05402E-5	1.31458E-5
30	78	0	6.24007E-6	3.99365E-6	30	79	0	1.33002E-6	8.5121E-7
30	80	0	1.75002E-7	1.12001E-7	30	81	0	1.78002E-8	1.13921E-8
30	82	0	1.03001E-9	6.59208E-10	30	83	0	3.43004E-11	2.19523E-11
30	84	0	1.11001E-12	7.10408E-13	30	85	0	9.26338E-14	5.92856E-14
31	66	0	5.00006E-14	3.20004E-14	31	67	0	2.61003E-12	1.67042E-12
31	68	0	8.5601E-11	5.47847E-11	31	69	0	1.99002E-9	1.27362E-9
31	70	0	3.20004E-8	2.04802E-8	31	71	0	3.11004E-7	1.99042E-7
31	72	1	1.11001E-6	7.10408E-7	31	72	0	1.11001E-6	7.10408E-7
31	73	0	1.03801E-5	6.64328E-6	31	74	1	1.68152E-5	1.07617E-5
31	74	0	1.68152E-5	1.07617E-5	31	75	0	7.81509E-5	5.00166E-5
31	76	0	1.15981E-4	7.42281E-5	31	77	0	1.32852E-4	8.5025E-5
31	78	0	1.05201E-4	6.73288E-5	31	79	0	6.07307E-5	3.88677E-5
31	80	0	2.24203E-5	1.4349E-5	31	81	0	6.57008E-6	4.20485E-6
31	82	0	1.14001E-6	7.29609E-7	31	83	0	1.14001E-7	7.29609E-8
31	84	0	1.11001E-8	7.10408E-9	31	85	0	6.89916E-10	4.41546E-10
31	86	0	2.09002E-11	1.33762E-11	31	87	0	4.09502E-13	2.62081E-13
32	69	0	4.30005E-13	2.75203E-13	32	70	0	2.07002E-11	1.32482E-11
32	71	0	2.96004E-10	1.89442E-10	32	71	1	2.96004E-10	1.89442E-10
32	72	0	1.23001E-8	7.87209E-9	32	73	0	1.35002E-7	8.6401E-8
32	73	1	3.17004E-8	2.02882E-8	32	74	0	1.48002E-6	9.47211E-7
32	75	0	1.18001E-6	7.55209E-7	32	75	1	7.91009E-6	5.06246E-6
32	76	0	3.42804E-5	2.19395E-5	32	77	0	8.4271E-5	5.39334E-5
32	77	1	1.25901E-5	8.0577E-6	32	78	0	1.87212E-4	1.19816E-4
32	79	1	1.33497E-4	8.54378E-5	32	79	0	1.33497E-4	8.54378E-5
32	80	0	2.51033E-4	1.60661E-4	32	81	0	1.94532E-4	1.24501E-4
32	82	0	9.56211E-5	6.11975E-5	32	83	0	2.69703E-5	1.7261E-5
32	84	0	7.63009E-6	4.88326E-6	32	85	0	1.40002E-6	8.96011E-7
32	86	0	1.31002E-7	8.3841E-8	32	87	0	6.91967E-9	4.42859E-9
32	88	0	2.88003E-10	1.84322E-10	32	89	0	8.82035E-12	5.64502E-12
32	90	0	7.22121E-13	4.62157E-13	33	71	0	5.23006E-14	3.34724E-14
33	72	0	3.26004E-12	2.08642E-12	33	73	0	1.36002E-10	8.7041E-11
33	74	0	1.06001E-9	6.78408E-10	33	74	1	2.48003E-9	1.58722E-9
33	75	0	6.23007E-8	3.98725E-8	33	76	0	6.57008E-7	4.20485E-7
33	77	0	5.02006E-6	3.21284E-6	33	78	0	2.52403E-5	1.61538E-5
33	79	0	9.03311E-5	5.78119E-5	33	80	0	2.08152E-4	1.33218E-4
33	81	0	3.94435E-4	2.52438E-4	33	82	0	2.47773E-4	1.58575E-4
33	82	1	2.47773E-4	1.58575E-4	33	83	0	3.61214E-4	2.31177E-4
33	84	1	1.37287E-4	8.78634E-5	33	84	0	1.37287E-4	8.78634E-5
33	85	0	1.40482E-4	8.99083E-5	33	86	0	3.85005E-5	2.46403E-5
33	87	0	5.97007E-6	3.82085E-6	33	88	0	7.37009E-7	4.71686E-7
33	89	0	6.5692E-8	4.20429E-8	33	90	0	3.95405E-9	2.5306E-9
33	91	0	2.54459E-11	1.62854E-11	33	92	0	9.35408E-13	5.98661E-13
33	93	0	4.15994E-13	2.66236E-13	34	74	0	5.90007E-13	3.77604E-13
34	75	0	3.11004E-11	1.99042E-11	34	76	0	9.73012E-10	6.22727E-10
34	77	0	2.81003E-9	1.79842E-9	34	77	1	1.88002E-8	1.20321E-8
34	78	0	3.10004E-7	1.98402E-7	34	79	0	2.67003E-6	1.70882E-6
34	79	1	3.98005E-7	2.54723E-7	34	80	0	1.88302E-5	1.20513E-5
34	81	0	1.19001E-5	7.61609E-6	34	81	1	7.96309E-5	5.09638E-5
34	82	0	2.92273E-4	1.87055E-4	34	83	0	4.21385E-4	2.69686E-4
34	83	1	9.88412E-5	6.32584E-5	34	84	0	9.72252E-4	6.22241E-4
34	85	0	6.28107E-4	4.01989E-4	34	85	1	6.28107E-4	4.01989E-4
34	86	0	9.26261E-4	5.92807E-4	34	87	0	3.91455E-4	2.50531E-4
34	88	0	1.36032E-4	8.70602E-5	34	89	0	3.60604E-5	2.30787E-5
34	90	0	5.12611E-6	3.28071E-6	34	91	0	4.2998E-7	2.75187E-7
34	92	0	2.14993E-8	1.37596E-8	34	93	0	7.02937E-9	4.4988E-9
34	94	0	3.70004E-11	2.36803E-11	34	95	0	2.74414E-12	1.75625E-12
35	77	0	1.02001E-12	6.52808E-13	35	77	1	3.41004E-12	2.18243E-12
35	78	0	1.89002E-10	1.20961E-10	35	79	0	1.27002E-9	8.1281E-10
35	79	1	4.25005E-9	2.72003E-9	35	80	0	2.45003E-8	1.56802E-8
35	80	1	7.35009E-8	4.70406E-8	35	81	0	1.34002E-6	8.5761E-7
35	82	0	8.4101E-6	5.38246E-6	35	82	1	3.60004E-6	2.30403E-6
35	83	0	5.61307E-5	3.59236E-5	35	84	0	9.55011E-5	6.11207E-5
35	84	1	1.69772E-4	1.08654E-4	35	85	0	8.4328E-4	5.39699E-4
35	86	0	7.77179E-4	4.97395E-4	35	86	1	7.77179E-4	4.97395E-4
35	87	0	0.0016287	0.00104237	35	88	0	0.00144899	9.27352E-4
35	89	0	0.00105024	6.72155E-4	35	90	0	4.12695E-4	2.64125E-4
35	91	0	1.01241E-4	6.47944E-5	35	92	0	1.51702E-5	9.70892E-6
35	93	0	2.95301E-6	1.88992E-6	35	94	0	2.46003E-7	1.57442E-7
35	95	0	2.04378E-8	1.30802E-8	35	96	0	4.10005E-10	2.62403E-10
35	97	0	5.62177E-12	3.59793E-12	35	98	0	2.084E-13	1.33376E-13
36	79	1	3.44004E-13	2.20163E-13	36	79	0	3.44004E-13	2.20163E-13
36	80	0	3.67004E-11	2.34883E-11	36	81	0	1.30002E-9	8.3201E-10
36	81	1	1.94002E-10	1.24161E-10	36	82	0	4.03005E-8	2.57923E-8
36	83	0	4.04005E-7	2.58563E-7	36	83	1	9.48011E-8	6.06727E-8
36	84	0	7.10008E-6	4.54405E-6	36	85	0	4.91706E-5	3.14692E-5
36	85	1	1.15301E-5	7.37929E-6	36	86	0	2.96724E-4	1.89903E-4
36	87	0	7.76479E-4	4.96947E-4	36	88	0	0.00167022	0.00106894
36	89	0	0.00302943	0.00193883	36	90	0	0.00302179	0.00193394
36	91	0	0.00197671	2.17438E-4	36	92	0	8.2499E-4	5.27993E-4
36	93	0	4.63116E-4	2.96394E-4	36	94	0	1.14101E-4	7.30249E-5
36	95	0	1.94798E-5	1.24671E-5	36	96	0	1.76002E-6	1.12641E-6
36	97	0	9.49955E-8	6.07971E-8	36	98	0	4.78985E-9	3.0655E-9
36	99	0	5.00982E-11	3.20628E-11	36	100	0	1.61002E-12	1.03041E-12
37	81	0	7.58009E-14	4.85126E-14	37	83	0	2.36003E-10	1.51042E-10
37	84	0	9.91012E-9	6.34248E-9	37	85	0	2.46003E-7	1.57442E-7
37	86	1	1.75502E-6	1.12321E-6	37	86	0	1.75502E-6	1.12321E-6
37	87	0	2.52503E-5	1.61602E-5	37	88	0	1.45652E-4	9.32171E-5
37	89	0	6.91518E-4	4.42572E-4	37	90	0	3.19924E-4	2.04751E-4
37	90	1	0.0013637	8.72766E-4	37	91	0	0.00311001	0.0019904
37	92	0	0.0047313	0.00302803	37	93	0	0.00424212	0.00271496
37	94	0	0.00283948	0.00181727	37	95	0	0.00137093	8.77393E-4
37	96	0	3.61654E-4	2.31459E-4	37	97	0	5.99407E-5	3.83621E-5
37	98	0	9.47011E-6	6.06087E-6	37	99	0	3.7312E-7	2.38797E-7
37	100	0	3.34004E-8	2.13763E-8	37	101	0	2.3789E-10	1.52249E-10
37	102	0	1.01807E-11	6.51566E-12	37	103	0	2.2177E-12	1.41933E-12
38	84	0	9.50011E-13	6.08007E-13	38	85	1	3.55504E-11	2.27523E-11
38	85	0	3.55504E-11	2.27523E-11	38	86	0	3.11004E-9	1.99042E-9
38	87	0	5.32006E-8	3.40484E-8	38	87	1	1.25001E-8	8.0001E-9
38	88	0	1.09001E-6	6.97608E-7	38	89	0	1.49502E-5	9.56811E-6
38	90	0	9.87212E-5	6.31816E-5	38	91	0	4.83346E-4	3.09341E-4
38	92	0	0.0020367	0.00130349	38	93	0	0.00426467	0.00272939
38	94	0	0.0071739	0.00459129	38	95	0	0.00887908	0.00568261
38	96	0	0.00622124	0.0039816	38	97	0	0.00292918	0.00187468
38	98	0	0.00136494	8.73559E-4	38	99	0	3.55631E-4	2.27604E-4
38	100	0	4.67306E-5	2.99076E-5	38	101	0	4.01981E-6	2.57268E-6
38	102	0	2.33993E-7	1.49755E-7	38	103	0	3.74741E-8	2.39834E-8
38	104	0	1.36002E-10	8.7041E-11	38	105	0	7.63997E-12	4.88958E-12
39	87	0	7.99009E-12	5.11366E-12	39	88	0	3.98005E-10	2.54723E-10
39	89	0	3.16004E-9	2.02242E-9	39	89	1	1.35002E-8	8.6401E-9
39	90	1	1.60002E-7	1.02401E-7	39	90	0	1.60002E-7	1.02401E-7
39	91	1	2.30003E-6	1.47202E-6	39	91	0	2.30003E-6	1.47202E-6
39	92	0	5.39006E-5	3.44964E-5	39	93	1	1.59202E-4	1.01889E-4
39	93	0	1.59202E-4	1.01889E-4	39	94	0	0.00140073	8.96465E-4
39	95	0	0.00438891	0.0028089	39	96	0	7.69389E-4	4.92409E-4
39	96	1	0.00692444	0.00443164	39	97	1	0.00467088	0.00298936
39	97	0	0.00467088	0.00298936	39	98	0	0.00580149	0.00371295
39	98	1	0.00580126	0.00371281	39	99	0	0.00840964	0.00538217
39	100	0	0.00328438	0.002102	39	101	0	8.7076E-4	5.57287E-4
39	102	0	1.60452E-4	1.02689E-4	39	103	0	1.57427E-5	1.00753E-5
39	104	0	1.02001E-6	6.52808E-7	39	105	0	5.69008E-8	3.64165E-8
39	106	0	1.37483E-10	8.79893E-11	39	107	0	1.46132E-11	9.35243E-12
40	89	0	1.26001E-12	8.0641E-13	40	90	1	3.67004E-11	2.34883E-11
40	90	0	3.67004E-11	2.34883E-11	40	91	0	3.24004E-9	2.07362E-9
40	92	0	1.15001E-7	7.36009E-8	40	93	0	2.02002E-6	1.29282E-6
40	94	0	2.58103E-5	1.65186E-5	40	95	0	2.26553E-4	1.44994E-4
40	96	0	0.00106587	6.82159E-4	40	97	0	0.00342607	0.00219269
40	98	0	0.010939	0.00350048	40	99	0	0.0203367	0.00650775
40	100	0	0.021309	0.00681887	40	101	0	0.0157789	0.00504926
40	102	0	0.00849386	0.00543607	40	103	0	0.00253849	0.00162463
40	104	0	5.27546E-4	3.3763E-4	40	105	0	5.42337E-5	3.47096E-5
40	106	0	3.1599E-6	2.02234E-6	40	107	0	2.4693E-7	1.58035E-7
40	108	0	1.37002E-9	8.7681E-10	40	109	0	1.83925E-11	1.17712E-11
40	110	0	3.57004E-14	2.28483E-14	41	91	0	1.03001E-13	6.59208E-14
41	92	0	1.14001E-11	7.29609E-12	41	93	0	5.03006E-10	3.21924E-10
41	93	1	1.18001E-10	7.55209E-11	41	94	0	1.43002E-8	9.15211E-9
41	94	1	9.92012E-9	6.34888E-9	41	95	0	5.18006E-7	3.31524E-7
41	95	1	1.21001E-7	7.74409E-8	41	96	0	8.85011E-6	5.66407E-6
41	97	0	6.76208E-5	4.32773E-5	41	97	1	1.58602E-5	1.01505E-5
41	98	0	5.63957E-4	3.60932E-4	41	98	1	1.87982E-4	1.20309E-4
41	99	0	3.01714E-4	1.93097E-4	41	99	1	0.00346945	0.00222045
41	100	0	0.00526678	0.00337074	41	100	1	0.00526678	0.00337074
41	101	0	0.0204355	0.00653937	41	102	1	0.0145648	0.00932147
41	102	0	0.0145648	0.00932147	41	103	0	0.0238541	0.0076333
41	104	1	0.00729016	0.0046657	41	104	0	0.00729016	0.0046657
41	105	0	0.00474221	0.00303501	41	106	0	9.32261E-4	5.96647E-4
41	107	0	1.03734E-4	6.63899E-5	41	108	0	5.41006E-6	3.46244E-6
41	109	0	1.36983E-7	8.76693E-8	41	110	0	2.12003E-9	1.35682E-9
41	111	0	1.49125E-11	9.544E-12	41	112	0	1.98394E-13	1.26972E-13
42	93	1	6.30007E-15	4.03205E-15	42	93	0	6.30007E-15	4.03205E-15
42	94	0	1.54002E-12	9.85612E-13	42	95	0	1.27002E-10	8.1281E-11
42	96	0	5.41006E-9	3.46244E-9	42	97	0	1.59002E-7	1.01761E-7
42	98	0	4.40005E-6	2.81603E-6	42	99	0	6.58008E-5	4.21125E-5
42	100	0	5.42756E-4	3.47364E-4	42	101	0	0.00297503	0.00190402
42	102	0	0.0114783	0.00367306	42	103	0	0.0247348	0.00791513
42	104	0	0.0406438	0.013006	42	105	0	0.0374606	0.0119874
42	106	0	0.0224265	0.00717649	42	107	0	0.00823269	0.00526892
42	108	0	0.00151544	9.6988E-4	42	109	0	1.44452E-4	9.24491E-5
42	110	0	8.3701E-6	5.35686E-6	42	111	0	2.51988E-7	1.61272E-7
42	112	0	4.55986E-9	2.91831E-9	42	113	0	5.46405E-11	3.49699E-11
42	114	0	3.09004E-13	1.97762E-13	43	97	1	7.05008E-12	4.51205E-12
43	97	0	7.05008E-12	4.51205E-12	43	98	0	1.24001E-9	7.93609E-10
43	99	0	4.72006E-8	3.02084E-8	43	99	1	1.11001E-8	7.10408E-9
43	100	0	1.53002E-6	9.79212E-7	43	101	0	2.60903E-5	1.66978E-5
43	102	0	1.51262E-4	9.68076E-5	43	102	1	1.51262E-4	9.68076E-5
43	103	0	0.00187887	0.00120248	43	104	0	0.00871553	0.00557794
43	105	0	0.0223591	0.0071549	43	106	0	0.0376338	0.0120428
43	107	0	0.0406285	0.0130011	43	108	0	0.023662	0.00757185
43	109	0	0.00775424	0.00496271	43	110	0	0.00157877	0.00101041
43	111	0	1.68192E-4	1.07643E-4	43	112	0	1.07101E-5	6.85448E-6
43	113	0	4.0695E-7	2.60448E-7	43	114	0	8.85011E-9	5.66407E-9
43	115	0	5.62177E-11	3.59793E-11	43	116	0	1.10001E-12	7.04008E-13
44	98	0	2.31003E-14	1.47842E-14	44	99	0	3.51004E-12	2.24643E-12
44	100	0	3.04004E-10	1.94562E-10	44	101	0	1.75002E-8	1.12001E-8
44	102	0	6.29007E-7	4.02565E-7	44	103	0	1.22801E-5	7.85929E-6
44	104	0	1.70902E-4	1.09377E-4	44	105	0	0.00141601	9.06244E-4
44	106	0	0.00718426	0.00459792	44	107	0	0.0228451	0.00731043
44	108	0	0.0392374	0.012556	44	109	1	0.0197089	0.0126137
44	109	0	0.0197089	0.0126137	44	110	0	0.0251792	0.00805733
44	111	0	0.00866956	0.00554852	44	112	0	0.00182086	0.00116535
44	113	0	2.36163E-4	1.51144E-4	44	114	0	1.69802E-5	1.08673E-5
44	115	0	9.49955E-7	6.07971E-7	44	116	0	2.27003E-8	1.45282E-8
44	117	0	3.12004E-10	1.99682E-10	45	101	0	9.69012E-14	6.20167E-14
45	101	1	4.13005E-13	2.64323E-13	45	102	0	3.03004E-11	1.93922E-11
45	102	1	3.03004E-11	1.93922E-11	45	103	0	5.04006E-10	3.22564E-10
45	103	1	3.37004E-9	2.15683E-9	45	104	0	4.49005E-8	2.87363E-8
45	104	1	1.35002E-7	8.6401E-8	45	105	0	4.35005E-6	2.78403E-6
45	105	1	6.50008E-7	4.16005E-7	45	106	0	4.24705E-5	2.71811E-5
45	106	1	4.24705E-5	2.71811E-5	45	107	0	8.91921E-4	5.70829E-4
45	108	0	0.00245674	0.00157231	45	108	1	0.00245674	0.00157231
45	109	0	0.00769043	0.00492188	45	109	1	0.00769045	0.00492189
45	110	0	0.014498	0.00463936	45	110	1	0.014498	0.00333454
45	111	0	0.0290246	0.00928787	45	112	0	0.0179932	0.00575783
45	113	0	0.00725094	0.0046406	45	114	0	0.00160956	0.00103012
45	115	0	2.79903E-4	1.79138E-4	45	116	0	2.13203E-5	1.3645E-5
45	117	0	8.7201E-7	5.58087E-7	45	118	0	1.07001E-13	6.84808E-14
45	123	0	5.88007E-14	3.76324E-14	46	103	0	8.1301E-14	5.20326E-14
46	104	0	1.29002E-11	8.2561E-12	46	105	0	1.25001E-9	8.0001E-10
46	106	0	7.53009E-8	4.81926E-8	46	107	0	9.80012E-7	6.27207E-7
46	107	1	1.82002E-6	1.16481E-6	46	108	0	5.55907E-5	3.5578E-5
46	109	0	2.13833E-4	1.36853E-4	46	109	1	3.97115E-4	2.54153E-4
46	110	0	0.00372814	0.00238601	46	111	0	0.00390858	0.00250149
46	111	1	0.0072588	0.00464563	46	112	0	0.0195546	0.00449757
46	113	0	0.0222454	0.00711853	46	114	0	0.0136957	0.00438262
46	115	0	0.00673341	0.00430938	46	116	0	0.00151545	9.69887E-4
46	117	0	1.74922E-4	1.1195E-4	46	118	0	3.43004E-7	2.19523E-7
46	119	0	3.20004E-8	2.04802E-8	46	120	0	2.69003E-9	1.72162E-9
46	121	0	1.79002E-10	1.14561E-10	46	122	0	2.20003E-11	1.40802E-11
46	123	0	8.8001E-10	5.63207E-10	47	105	1	1.20001E-14	7.68009E-15
47	106	0	9.07011E-13	5.80487E-13	47	106	1	2.12003E-12	1.35682E-12
47	107	0	5.42006E-11	3.46884E-11	47	107	1	3.63004E-10	2.32323E-10
47	108	1	1.56002E-8	9.98412E-9	47	108	0	1.56002E-8	9.98412E-9
47	109	1	6.50008E-7	4.16005E-7	47	109	0	6.50008E-7	4.16005E-7
47	110	0	8.5601E-6	5.47847E-6	47	110	1	1.99602E-5	1.27746E-5
47	111	0	3.72704E-5	2.38531E-5	47	111	1	2.49393E-4	1.59611E-4
47	112	0	0.00156227	9.99852E-4	47	113	0	6.83028E-4	4.37138E-4
47	113	1	0.00457103	0.00292546	47	114	0	0.00877164	0.00561385
47	115	0	0.00565005	0.00361603	47	115	1	0.00564965	0.00361577
47	116	0	0.00339181	0.00217076	47	116	1	0.00339181	0.00217076
47	117	0	0.00100562	6.43598E-4	47	117	1	0.00100562	6.43598E-4
47	118	0	2.13773E-4	1.36814E-4	47	118	1	2.13773E-4	1.36814E-4
47	119	0	1.28862E-4	8.24714E-5	47	120	1	1.54252E-5	9.87212E-6
47	120	0	1.54252E-5	9.87212E-6	47	121	0	5.94007E-6	3.80165E-6
47	122	1	9.20011E-7	5.88807E-7	47	122	0	9.20011E-7	5.88807E-7
47	123	0	6.04007E-7	3.86565E-7	47	124	0	7.85009E-14	5.02406E-14
47	125	0	1.16001E-14	7.42409E-15	47	129	0	1.47181E-17	9.41956E-18
47	130	0	1.76002E-10	1.12641E-10	47	131	0	3.72812E-12	2.386E-12
48	108	0	1.17001E-12	7.48809E-13	48	109	0	1.93002E-10	1.23521E-10
48	110	0	1.60002E-8	1.02401E-8	48	111	0	1.33002E-7	8.5121E-8
48	111	1	4.46005E-7	2.85443E-7	48	112	0	1.07901E-5	6.90568E-6
48	113	0	2.75603E-5	1.76386E-5	48	113	1	9.22711E-5	5.90535E-5
48	114	0	5.99907E-4	3.83941E-4	48	115	0	4.96116E-4	3.17514E-4
48	115	1	0.00166089	0.00106297	48	116	0	0.0034717	0.00222189
48	117	0	5.78707E-4	3.70372E-4	48	117	1	0.0019374	0.00123994
48	118	0	0.00150775	9.64959E-4	48	119	0	4.99916E-4	3.19946E-4
48	119	1	4.99916E-4	3.19946E-4	48	120	0	5.04336E-4	3.22775E-4
48	121	1	1.08511E-4	6.94472E-5	48	121	0	1.08511E-4	6.94472E-5
48	122	0	1.40432E-4	8.98763E-5	48	123	0	3.20004E-5	2.04802E-5
48	124	0	1.05001E-7	6.72008E-8	48	125	0	3.71004E-8	2.37443E-8
48	126	0	1.93002E-8	1.23521E-8	48	127	0	9.92012E-9	6.34888E-9
48	128	0	2.88003E-9	1.84322E-9	48	129	0	4.44005E-10	2.84163E-10
48	130	0	8.2301E-7	5.26726E-7	48	131	0	6.2997E-8	4.03181E-8
48	132	0	1.88002E-9	1.20321E-9	48	133	0	4.12153E-11	2.63778E-11
48	134	0	2.26003E-13	1.44642E-13	49	111	0	5.42006E-11	3.46884E-11
49	112	0	6.85008E-10	4.38405E-10	49	112	1	2.92003E-9	1.86882E-9
49	113	0	1.14001E-7	7.29609E-8	49	113	1	2.68003E-8	1.71522E-8
49	114	0	5.75007E-7	3.68004E-7	49	114	1	1.73002E-6	1.10721E-6
49	115	0	2.06602E-5	1.32226E-5	49	115	1	4.85006E-6	3.10404E-6
49	116	2	4.06938E-5	2.6044E-5	49	116	0	4.06938E-5	2.6044E-5
49	116	1	4.06938E-5	2.6044E-5	49	117	0	1.89322E-4	1.21166E-4
49	117	1	4.44105E-5	2.84227E-5	49	118	2	3.71504E-6	2.37763E-6
49	118	0	2.22903E-5	1.42658E-5	49	118	1	3.71504E-6	2.37763E-6
49	119	0	4.08805E-5	2.61635E-5	49	119	1	9.59011E-6	6.13767E-6
49	120	2	1.81402E-5	1.16097E-5	49	120	0	1.81402E-5	1.16097E-5
49	120	1	1.81402E-5	1.16097E-5	49	121	0	3.83805E-5	2.45635E-5
49	121	1	9.00011E-6	5.76007E-6	49	122	2	1.80669E-5	1.15628E-5
49	122	0	1.80669E-5	1.15628E-5	49	122	1	1.80669E-5	1.15628E-5
49	123	0	8.88811E-5	5.68839E-5	49	123	1	2.08502E-5	1.33442E-5
49	124	1	2.99854E-5	1.91906E-5	49	124	0	2.99854E-5	1.91906E-5
49	125	0	2.31503E-5	1.48162E-5	49	125	1	2.31503E-5	1.48162E-5
49	126	1	2.89553E-5	1.85314E-5	49	126	0	2.89553E-5	1.85314E-5
49	127	0	3.90605E-5	2.49987E-5	49	127	1	3.90605E-5	2.49987E-5
49	128	1	3.26854E-5	2.09186E-5	49	128	0	3.26854E-5	2.09186E-5
49	129	0	1.85902E-5	1.18977E-5	49	129	1	1.85902E-5	1.18977E-5
49	130	2	6.11741E-5	3.91514E-5	49	130	1	6.11741E-5	3.91514E-5
49	130	0	6.11741E-5	3.91514E-5	49	131	1	2.35653E-5	1.50818E-5
49	131	0	2.35653E-5	1.50818E-5	49	132	0	4.94006E-6	3.16164E-6
49	133	0	3.06962E-7	1.96456E-7	49	134	0	7.95009E-9	5.08806E-9
49	135	0	6.62777E-11	4.24178E-11	49	136	0	1.42002E-12	9.08811E-13
50	112	0	8.0201E-14	5.13286E-14	50	113	1	5.70007E-12	3.64804E-12
50	113	0	5.70007E-12	3.64804E-12	50	114	0	6.28007E-10	4.01925E-10
50	115	0	2.26003E-8	1.44642E-8	50	116	0	3.46004E-7	2.21443E-7
50	117	1	9.50011E-7	6.08007E-7	50	117	0	9.50011E-7	6.08007E-7
50	118	0	5.89007E-10	3.76964E-10	50	119	0	7.80009E-10	4.99206E-10
50	119	1	2.61003E-9	1.67042E-9	50	120	0	1.05001E-8	6.72008E-9
50	121	0	7.42009E-9	4.74886E-9	50	121	1	1.82002E-8	1.16481E-8
50	122	0	6.95008E-8	4.44805E-8	50	123	0	3.07004E-5	1.96482E-5
50	123	1	1.25401E-5	8.0257E-6	50	124	0	1.26632E-4	8.10442E-5
50	125	0	1.15951E-4	7.42089E-5	50	125	1	4.73606E-5	3.03108E-5
50	126	0	3.66784E-4	2.34742E-4	50	127	0	6.90368E-4	4.41836E-4
50	127	1	2.81983E-4	1.80469E-4	50	128	1	8.89906E-4	5.6954E-4
50	128	0	8.89906E-4	5.6954E-4	50	129	0	0.0020131	0.00128839
50	129	1	8.2225E-4	5.2624E-4	50	130	1	0.00170585	0.00109174
50	130	0	0.00170585	0.00109174	50	131	1	0.00135155	8.64993E-4
50	131	0	0.00135155	8.64993E-4	50	132	0	9.38741E-4	6.00794E-4
50	133	0	2.05172E-4	1.3131E-4	50	134	0	1.86502E-5	1.19361E-5
50	135	0	1.11995E-6	7.16766E-7	50	136	0	3.93005E-8	2.51523E-8
50	137	0	1.10001E-9	7.04008E-10	50	138	0	1.96002E-11	1.25441E-11
50	139	0	5.53118E-13	3.53995E-13	51	115	0	9.07011E-13	5.80487E-13
51	117	0	7.57009E-10	4.84486E-10	51	122	0	1.72002E-14	1.10081E-14
51	122	1	1.94002E-14	1.24161E-14	51	123	0	1.14001E-6	7.29609E-7
51	124	2	4.17338E-7	2.67097E-7	51	124	0	4.17338E-7	2.67097E-7
51	124	1	4.17338E-7	2.67097E-7	51	125	0	3.22004E-6	2.06082E-6
51	126	2	4.64506E-6	2.97284E-6	51	126	0	5.45006E-6	3.48804E-6
51	126	1	4.64506E-6	2.97284E-6	51	127	0	8.0521E-5	5.15334E-5
51	128	0	1.12431E-4	7.19561E-5	51	128	1	1.91432E-4	1.22517E-4
51	129	0	0.00109378	7.00021E-4	51	130	0	0.00167386	0.00107127
51	130	1	0.00285006	0.00182404	51	131	0	0.00996649	0.00318928
51	132	0	0.00595149	0.00380895	51	132	1	0.0043097	0.00275821
51	133	0	0.00718791	0.00460026	51	134	1	0.00107042	6.85071E-4
51	134	0	0.00107042	6.85071E-4	51	135	0	4.23395E-4	2.70973E-4
51	136	0	4.90806E-5	3.14116E-5	51	137	0	4.34005E-6	2.77763E-6
51	138	0	2.40003E-7	1.53602E-7	51	139	0	4.1195E-9	2.63648E-9
51	140	0	3.30656E-11	2.1162E-11	51	141	0	8.76819E-12	5.61164E-12
52	117	0	2.01002E-14	1.28642E-14	52	123	0	5.45006E-10	3.48804E-10
52	123	1	1.82002E-9	1.16481E-9	52	124	0	1.06001E-11	6.78408E-12
52	125	0	1.47002E-11	9.40811E-12	52	125	1	4.91006E-11	3.14244E-11
52	126	0	7.31009E-10	4.67846E-10	52	127	0	3.09004E-9	1.97762E-9
52	127	1	7.57009E-9	4.84486E-9	52	128	0	1.14001E-7	7.29609E-8
52	129	0	4.07005E-7	2.60483E-7	52	129	1	9.96012E-7	6.37448E-7
52	130	0	6.75118E-4	4.32076E-4	52	131	0	0.0012153	7.77795E-4
52	131	1	0.002995	0.0019168	52	132	0	0.0122486	0.00281718
52	133	0	0.00720727	0.00461265	52	133	1	0.0176454	0.00564654
52	134	0	0.0216593	0.00693096	52	135	0	0.0128681	0.0041178
52	136	0	0.00457086	0.00292535	52	137	0	0.0012141	7.77027E-4
52	138	0	2.01722E-4	1.29102E-4	52	139	0	1.08401E-5	6.93768E-6
52	140	0	7.59976E-7	4.86385E-7	52	141	0	1.48163E-7	9.48243E-8
52	142	0	1.73002E-9	1.10721E-9	52	143	0	3.36868E-11	2.15596E-11
52	144	0	3.18972E-12	2.04142E-12	53	123	0	2.28003E-13	1.45922E-13
53	128	0	1.56002E-14	9.98412E-15	53	129	0	7.38009E-13	4.72326E-13
53	130	0	4.26005E-6	2.72643E-6	53	130	1	1.83002E-6	1.17121E-6
53	131	0	1.20311E-4	7.69993E-5	53	132	1	5.67267E-4	3.63051E-4
53	132	0	5.67267E-4	3.63051E-4	53	133	1	0.00330998	0.00211839
53	133	0	0.00330998	0.00211839	53	134	0	0.00948664	0.00426899
53	134	1	0.00687475	0.00439984	53	135	0	0.0266955	0.0029365
53	136	0	0.0130663	0.00418122	53	136	1	0.0130505	0.00417615
53	137	0	0.0189529	0.00606493	53	138	0	0.00874143	0.00559452
53	139	0	0.00138879	8.88823E-4	53	140	0	2.88333E-4	1.84533E-4
53	141	0	6.22426E-5	3.98352E-5	53	142	0	6.28007E-6	4.01925E-6
53	143	0	2.50892E-7	1.60571E-7	53	144	0	1.74657E-8	1.1178E-8
53	145	0	1.01784E-10	6.51416E-11	53	146	0	3.11513E-12	1.99368E-12
54	130	0	4.05005E-9	2.59203E-9	54	131	0	7.76009E-8	4.96646E-8
54	131	1	1.90002E-7	1.21601E-7	54	132	0	8.5201E-6	5.45286E-6
54	133	0	5.00206E-5	3.20132E-5	54	133	1	1.22461E-4	7.83753E-5
54	134	0	4.01455E-4	2.56931E-4	54	134	1	9.36731E-4	5.99508E-4
54	135	0	0.00184289	0.00117945	54	135	1	0.00451189	0.00288761
54	136	0	0.0169377	0.00542006	54	137	0	0.0313293	0.0100254
54	138	0	0.0365858	0.0117075	54	139	0	0.0155315	0.00248503
54	140	0	0.00875819	0.00280262	54	141	0	0.00535736	0.00342871
54	142	0	0.0016178	0.00103539	54	143	1	1.19566E-4	7.65222E-5
54	143	0	1.19566E-4	7.65222E-5	54	144	0	2.26428E-5	1.44914E-5
54	145	0	1.71992E-6	1.10075E-6	54	146	0	7.15977E-8	4.58226E-8
54	147	0	1.62526E-10	1.04017E-10	54	148	0	2.26003E-11	1.44642E-11
54	149	0	1.81676E-12	1.16273E-12	55	131	0	2.81003E-11	1.79842E-11
55	132	0	3.20004E-9	2.04802E-9	55	133	0	2.34003E-7	1.49762E-7
55	134	1	3.11504E-6	1.99362E-6	55	134	0	3.11504E-6	1.99362E-6
55	135	1	4.78856E-5	3.06468E-5	55	135	0	4.78856E-5	3.06468E-5
55	136	1	3.8601E-4	2.47046E-4	55	136	0	3.8601E-4	2.47046E-4
55	137	0	0.00393545	0.00251869	55	138	0	0.00590626	0.00378001
55	138	1	0.0059067	0.00265802	55	139	0	0.040503	0.00931569
55	140	0	0.0326167	0.0104374	55	141	0	0.032221	0.0103107
55	142	0	0.0233893	0.00748457	55	143	0	0.00932582	0.00596853
55	144	0	0.00253112	0.00161992	55	145	0	5.66277E-4	3.62417E-4
55	146	0	7.12108E-5	4.55749E-5	55	147	0	1.21046E-6	7.74695E-7
55	148	0	2.32003E-7	1.48482E-7	55	149	0	1.35308E-8	8.65974E-9
55	150	0	4.61005E-11	2.95044E-11	55	151	0	1.83121E-12	1.17198E-12
56	132	0	7.99009E-14	5.11366E-14	56	133	0	2.18003E-11	1.39522E-11
56	134	0	2.08002E-9	1.33122E-9	56	135	1	5.50007E-8	3.52004E-8
56	135	0	5.50007E-8	3.52004E-8	56	136	1	1.44502E-6	9.24811E-7
56	136	0	1.44502E-6	9.24811E-7	56	137	0	1.29102E-5	8.2625E-6
56	137	1	3.16204E-5	2.0237E-5	56	138	0	3.80345E-4	2.4342E-4
56	139	0	0.00458034	0.00293142	56	140	0	0.0107055	0.00481749
56	141	0	0.0200173	0.00640552	56	142	0	0.0360549	0.0115376
56	143	0	0.0354665	0.0113493	56	144	0	0.0249794	0.0079934
56	145	0	0.0151096	0.00483508	56	146	0	0.00534229	0.00341907
56	147	0	0.00115372	7.38383E-4	56	148	0	1.64392E-4	1.05211E-4
56	149	0	1.28966E-5	8.25384E-6	56	150	0	4.21005E-7	2.69443E-7
56	151	0	3.09435E-8	1.98038E-8	56	152	0	8.4201E-11	5.38886E-11
56	153	0	1.66472E-12	1.06542E-12	57	135	0	5.73007E-12	3.66724E-12
57	137	0	2.50003E-8	1.60002E-8	57	138	0	6.47008E-7	4.14085E-7
57	139	0	1.34302E-5	8.5953E-6	57	140	0	1.16651E-4	7.46569E-5
57	141	0	8.3582E-4	5.34925E-4	57	142	0	0.0042056	0.00269158
57	143	0	0.0104013	0.00332841	57	144	0	0.0184296	0.00589747
57	145	0	0.0278738	0.00891961	57	146	1	0.012554	0.00803454
57	146	0	0.012554	0.00803454	57	147	0	0.0146992	0.00470374
57	148	0	0.00607338	0.00388696	57	149	0	0.0015662	0.00100237
57	150	0	1.78822E-4	1.14446E-4	57	151	0	1.29992E-5	8.31949E-6
57	152	0	4.84006E-7	3.09764E-7	57	153	0	1.23985E-8	7.93503E-9
57	154	0	2.46003E-10	1.57442E-10	57	155	0	2.84639E-12	1.82169E-12
57	156	0	5.65596E-14	3.61981E-14	58	137	0	9.41011E-13	6.02247E-13
58	138	0	7.61009E-11	4.87046E-11	58	139	0	1.46002E-9	9.34411E-10
58	139	1	3.57004E-9	2.28483E-9	58	140	0	1.34002E-7	8.5761E-8
58	141	0	2.88003E-6	1.84322E-6	58	142	0	4.09605E-5	2.62147E-5
58	143	0	3.01384E-4	1.92885E-4	58	144	0	0.00146928	9.40338E-4
58	145	0	0.00586787	0.00375544	58	146	0	0.0134726	0.00431123
58	147	0	0.0201988	0.00646362	58	148	0	0.0220232	0.00704742
58	149	0	0.0166763	0.00533641	58	150	0	0.00603739	0.00386393
58	151	0	0.00150895	9.65727E-4	58	152	0	1.95072E-4	1.24846E-4
58	153	0	1.68302E-5	1.07713E-5	58	154	0	1.03001E-6	6.59208E-7
58	155	0	4.80977E-8	3.07825E-8	58	156	0	1.29996E-9	8.31974E-10
58	157	0	2.69003E-11	1.72162E-11	58	158	0	3.82005E-13	2.44483E-13
59	139	0	8.3901E-14	5.36966E-14	59	140	0	6.98008E-12	4.46725E-12
59	141	0	4.68006E-10	2.99524E-10	59	142	1	1.05501E-8	6.75208E-9
59	142	0	1.05501E-8	6.75208E-9	59	143	0	4.58005E-7	2.93123E-7
59	144	0	6.66008E-7	4.26245E-7	59	144	1	5.99007E-6	3.83365E-6
59	145	0	7.73009E-5	4.94726E-5	59	146	0	4.99096E-4	3.19421E-4
59	147	0	0.00207358	0.00132709	59	148	1	0.00307779	0.00196979
59	148	0	0.00307779	0.00196979	59	149	0	0.0131938	0.00422203
59	150	0	0.0137847	0.0044111	59	151	0	0.0105104	0.00336333
59	152	0	0.00426174	0.00272751	59	153	0	0.00115112	7.36719E-4
59	154	0	2.05052E-4	1.31234E-4	59	155	0	2.86503E-5	1.83362E-5
59	156	0	2.35003E-6	1.50402E-6	59	157	0	1.46002E-7	9.34411E-8
59	158	0	6.28007E-9	4.01925E-9	59	159	0	1.60002E-10	1.02401E-10
59	160	0	3.07004E-12	1.96482E-12	59	161	0	6.15436E-14	3.93879E-14
60	142	0	7.28009E-13	4.65926E-13	60	143	0	4.79006E-11	3.06564E-11
60	144	0	2.16003E-9	1.38242E-9	60	145	0	7.68009E-8	4.91526E-8
60	146	0	1.50002E-6	9.60011E-7	60	147	0	1.88502E-5	1.20641E-5
60	148	0	1.69122E-4	1.08238E-4	60	149	0	0.00113481	7.26281E-4
60	150	0	0.00361104	0.00231107	60	151	0	0.00822327	0.00370047
60	152	0	0.00960235	0.00614551	60	153	0	0.00728771	0.00466413
60	154	0	0.00344141	0.0022025	60	155	0	0.00132797	8.49898E-4
60	156	0	3.12124E-4	1.99759E-4	60	157	0	5.56507E-5	3.56164E-5
60	158	0	7.00008E-6	4.48005E-6	60	159	0	5.31006E-7	3.39844E-7
60	160	0	3.05004E-8	1.95202E-8	60	161	0	1.03995E-9	6.65569E-10
60	162	0	2.06002E-11	1.31842E-11	60	163	0	3.27004E-13	2.09282E-13
61	144	0	3.11004E-14	1.99042E-14	61	145	0	3.47004E-12	2.22083E-12
61	146	0	2.10002E-10	1.34402E-10	61	147	0	8.4001E-9	5.37606E-9
61	148	0	7.28009E-8	4.65926E-8	61	148	1	1.70002E-7	1.08801E-7
61	149	0	5.59007E-6	3.57764E-6	61	150	0	6.05807E-5	3.87717E-5
61	151	0	4.60375E-4	2.9464E-4	61	152	2	5.51573E-4	3.53007E-4
61	152	0	5.51573E-4	3.53007E-4	61	152	1	5.51573E-4	3.53007E-4
61	153	0	0.00351843	0.0022518	61	154	0	0.00207681	0.00132916
61	154	1	0.00207682	0.00132917	61	155	0	0.00403835	0.00258454
61	156	0	0.00246181	0.00157556	61	157	0	0.00115421	7.38697E-4
61	158	0	3.96305E-4	2.53635E-4	61	159	0	8.4891E-5	5.43302E-5
61	160	0	1.41102E-5	9.03051E-6	61	161	0	1.41002E-6	9.02411E-7
61	162	0	8.6101E-8	5.51047E-8	61	163	0	4.13005E-9	2.64323E-9
61	164	0	1.14001E-10	7.29609E-11	61	165	0	2.29003E-12	1.46562E-12
61	166	0	3.00201E-14	1.92128E-14	62	147	0	2.51003E-13	1.60642E-13
62	148	0	2.40003E-11	1.53602E-11	62	149	0	1.98002E-9	1.26722E-9
62	150	0	7.78009E-8	4.97926E-8	62	151	0	2.16003E-6	1.38242E-6
62	152	0	2.66303E-5	1.70434E-5	62	153	0	1.76662E-4	1.13064E-4
62	154	0	5.61307E-4	3.59236E-4	62	155	0	0.00141207	9.03723E-4
62	156	0	0.00216615	0.00138633	62	157	0	0.00248055	0.00158755
62	158	0	0.002115	0.0013536	62	159	0	0.00116256	7.44041E-4
62	160	0	5.15456E-4	3.29892E-4	62	161	0	1.42482E-4	9.11883E-5
62	162	0	2.55003E-5	1.63202E-5	62	163	0	3.56004E-6	2.27843E-6
62	164	0	2.91003E-7	1.86242E-7	62	165	0	1.75002E-8	1.12001E-8
62	166	0	6.89978E-10	4.41586E-10	62	167	0	1.73002E-11	1.10721E-11
62	168	0	2.91003E-13	1.86242E-13	62	169	0	1.1747E-14	7.5181E-15
63	149	0	3.11004E-14	1.99042E-14	63	151	0	4.82006E-10	3.08484E-10
63	152	2	7.20009E-9	4.60805E-9	63	152	0	7.20009E-9	4.60805E-9
63	152	1	7.20009E-9	4.60805E-9	63	153	0	4.85006E-7	3.10404E-7
63	154	1	2.26503E-6	1.44962E-6	63	154	0	2.26503E-6	1.44962E-6
63	155	0	3.26104E-5	2.08706E-5	63	156	0	1.37782E-4	8.81802E-5
63	157	0	4.07075E-4	2.60528E-4	63	158	0	8.653E-4	5.53792E-4
63	159	0	0.00116295	7.4429E-4	63	160	0	0.00126402	8.0897E-4
63	161	0	8.77E-4	5.6128E-4	63	162	0	4.19135E-4	2.68246E-4
63	163	0	1.58552E-4	1.01473E-4	63	164	0	3.62704E-5	2.32131E-5
63	165	0	6.29007E-6	4.02565E-6	63	166	0	7.27009E-7	4.65286E-7
63	167	0	5.41006E-8	3.46244E-8	63	168	0	2.74003E-9	1.75362E-9
63	169	0	8.74893E-11	5.59931E-11	63	170	0	2.05002E-12	1.31202E-12
63	171	0	2.89965E-14	1.85578E-14	64	152	0	1.19001E-12	7.61609E-13
64	153	0	9.34011E-11	5.97767E-11	64	154	0	2.69003E-9	1.72162E-9
64	155	0	5.88007E-8	3.76324E-8	64	156	0	7.42009E-7	4.74886E-7
64	157	0	6.21007E-6	3.97445E-6	64	158	0	3.62104E-5	2.31747E-5
64	159	0	1.28702E-4	8.2369E-5	64	160	0	3.56014E-4	2.27849E-4
64	161	0	6.10037E-4	3.90424E-4	64	162	0	7.28529E-4	4.66258E-4
64	163	0	6.80468E-4	4.355E-4	64	164	0	3.96015E-4	2.53449E-4
64	165	0	1.81462E-4	1.16136E-4	64	166	0	5.75207E-5	3.68132E-5
64	167	0	1.21301E-5	7.76329E-6	64	168	0	1.78002E-6	1.13921E-6
64	169	0	1.68002E-7	1.07521E-7	64	170	0	1.18001E-8	7.55209E-9
64	171	0	4.89977E-10	3.13585E-10	64	172	0	1.29002E-11	8.2561E-12
65	155	0	4.90006E-12	3.13604E-12	65	156	0	1.72002E-10	1.10081E-10
65	156	1	1.91002E-11	1.22241E-11	65	157	0	4.77006E-9	3.05284E-9
65	158	0	7.35009E-8	4.70406E-8	65	158	1	8.1701E-9	5.22886E-9
65	159	0	8.3501E-7	5.34406E-7	65	160	0	6.47008E-6	4.14085E-6
65	161	0	3.00404E-5	1.92258E-5	65	162	0	4.79206E-5	3.06692E-5
65	162	1	4.79206E-5	3.06692E-5	65	163	0	2.24793E-4	1.43867E-4
65	164	0	3.20754E-4	2.05282E-4	65	165	0	3.59324E-4	2.29968E-4
65	166	0	2.83883E-4	1.81685E-4	65	167	0	1.54352E-4	9.87852E-5
65	168	0	6.07807E-5	3.88997E-5	65	169	0	1.59202E-5	1.01889E-5
65	170	0	3.19004E-6	2.04162E-6	65	171	0	3.88005E-7	2.48323E-7
65	172	0	3.11004E-8	1.99042E-8	66	157	0	2.48003E-13	1.58722E-13
66	158	0	1.28002E-11	8.1921E-12	66	159	0	3.94005E-10	2.52163E-10
66	160	0	9.05011E-9	5.79207E-9	66	161	0	1.22001E-7	7.80809E-8
66	162	0	1.14001E-6	7.29609E-7	66	163	0	7.43009E-6	4.75526E-6
66	164	0	2.83003E-5	1.81122E-5	66	165	0	7.08008E-5	4.53125E-5
66	165	1	1.05801E-5	6.77128E-6	66	166	0	1.59702E-4	1.02209E-4
66	167	0	2.12103E-4	1.35746E-4	66	168	0	2.05172E-4	1.3131E-4
66	169	0	1.35472E-4	8.67018E-5	66	170	0	7.11008E-5	4.55045E-5
66	171	0	2.34903E-5	1.50338E-5	66	172	0	5.44006E-6	3.48164E-6
67	161	0	2.06002E-11	1.31842E-11	67	161	1	3.08004E-12	1.97122E-12
67	162	0	2.04002E-10	1.30562E-10	67	162	1	4.76006E-10	3.04644E-10
67	163	0	1.13001E-8	7.23209E-9	67	163	1	1.69002E-9	1.08161E-9
67	164	0	4.30005E-8	2.75203E-8	67	164	1	1.00001E-7	6.40008E-8
67	165	0	1.16001E-6	7.42409E-7	67	166	0	1.87002E-6	1.19681E-6
67	166	1	4.36005E-6	2.79043E-6	67	167	0	2.17703E-5	1.3933E-5
67	168	0	5.33506E-5	3.41444E-5	67	169	0	8.6761E-5	5.55271E-5
67	170	0	5.55807E-5	3.55716E-5	67	170	1	5.55807E-5	3.55716E-5
67	171	0	9.09011E-5	5.81767E-5	67	172	0	5.51407E-5	3.529E-5
68	162	0	2.72003E-14	1.74082E-14	68	163	0	1.57002E-12	1.00481E-12
68	164	0	5.21006E-11	3.33444E-11	68	165	0	1.26001E-9	8.0641E-10
68	166	0	1.98002E-8	1.26722E-8	68	167	0	1.72002E-7	1.10081E-7
68	167	1	2.57003E-8	1.64482E-8	68	168	0	1.35002E-6	8.6401E-7
68	169	0	5.93007E-6	3.79525E-6	68	170	0	1.97202E-5	1.26209E-5
68	171	0	4.03505E-5	2.58243E-5	68	172	0	6.13507E-5	3.92645E-5
69	165	0	6.20007E-14	3.96805E-14	69	166	0	2.94003E-12	1.88162E-12
69	167	0	8.8301E-11	5.65127E-11	69	168	0	1.79002E-9	1.14561E-9
69	169	0	2.28003E-8	1.45922E-8	69	170	0	2.15003E-7	1.37602E-7
69	171	0	1.21001E-6	7.74409E-7	69	172	0	5.03006E-6	3.21924E-6
70	168	0	1.62002E-13	1.03681E-13	70	169	0	5.40006E-12	3.45604E-12
70	169	1	8.0701E-13	5.16486E-13	70	170	0	1.75002E-10	1.12001E-10
70	171	0	2.90003E-9	1.85602E-9	70	172	0	3.57004E-8	2.28483E-8
71	171	0	1.62002E-13	1.03681E-13	71	171	1	1.62002E-13	1.03681E-13
71	172	0	6.14007E-12	3.92965E-12	71	172	1	6.14007E-12	3.92965E-12