Z	A	FPS	Yield	Uncertainty	Z	A	FPS	Yield	Uncertainty
23	66	0	1.37035E-15	8.77027E-16	23	67	0	1.43622E-16	9.19179E-17
24	66	0	2.1104E-11	1.35065E-11	24	67	0	1.62027E-12	1.03697E-12
24	68	0	7.45188E-14	4.7692E-14	24	69	0	4.72744E-15	3.02556E-15
25	66	0	7.99202E-9	5.11489E-9	25	67	0	1.72043E-9	1.10108E-9
25	68	0	2.25057E-10	1.44036E-10	25	69	0	2.40013E-11	1.53609E-11
25	70	0	1.43036E-12	9.15431E-13	25	71	0	5.36135E-14	3.43127E-14
25	72	0	1.21448E-15	7.7727E-16	26	66	0	2.22056E-7	1.42116E-7
26	67	0	1.26032E-7	8.06604E-8	26	68	0	4.47113E-8	2.86152E-8
26	69	0	1.29033E-8	8.25808E-9	26	70	0	2.17055E-9	1.38915E-9
26	71	0	2.32059E-10	1.48517E-10	26	72	0	1.87035E-11	1.19702E-11
26	73	0	1.15029E-12	7.36186E-13	26	74	0	3.83097E-14	2.45182E-14
26	75	0	3.4274E-15	2.19353E-15	27	66	0	5.59141E-7	3.5785E-7
27	67	0	7.72195E-7	4.94205E-7	27	68	0	6.83172E-7	4.3723E-7
27	69	0	4.97125E-7	3.1816E-7	27	70	0	2.23056E-7	1.42756E-7
27	71	0	6.52165E-8	4.17385E-8	27	72	0	1.47037E-8	9.41038E-9
27	73	0	2.49063E-9	1.594E-9	27	74	0	2.3706E-10	1.51718E-10
27	75	0	1.7401E-11	1.11366E-11	27	76	0	7.72195E-13	4.94205E-13
27	77	0	2.01248E-14	1.28799E-14	27	78	0	8.96251E-16	5.73601E-16
28	66	0	1.44036E-7	9.21833E-8	28	67	0	4.7512E-7	3.04077E-7
28	68	0	9.95251E-7	6.36961E-7	28	69	0	1.69043E-6	1.08187E-6
28	70	0	1.86047E-6	1.1907E-6	28	71	0	1.37035E-6	8.77021E-7
28	72	0	8.09204E-7	5.17891E-7	28	73	0	3.61091E-7	2.31098E-7
28	74	0	9.47239E-8	6.06233E-8	28	75	0	1.95049E-8	1.24832E-8
28	76	0	2.46062E-9	1.5748E-9	28	77	0	2.27037E-10	1.45304E-10
28	78	0	1.38026E-11	8.83366E-12	28	79	0	4.92442E-13	3.15163E-13
28	80	0	1.55039E-14	9.9225E-15	29	66	0	3.21081E-9	2.05492E-9
29	67	0	2.7607E-8	1.76685E-8	29	68	0	4.3611E-8	2.7911E-8
29	68	1	1.02026E-7	6.52965E-8	29	69	0	5.87148E-7	3.75775E-7
29	70	0	3.84097E-7	2.45822E-7	29	70	1	1.15029E-6	7.36186E-7
29	71	0	2.69068E-6	1.72203E-6	29	72	0	3.81096E-6	2.43902E-6
29	73	0	4.11104E-6	2.63106E-6	29	74	0	2.7607E-6	1.76685E-6
29	75	0	1.51038E-6	9.666441E-7	29	76	0	5.1613E-7	3.30323E-7
29	77	0	1.32033E-7	8.45013E-8	29	78	0	2.26057E-8	1.44677E-8
29	79	0	2.50014E-9	1.60009E-9	29	80	0	2.03051E-10	1.29953E-10
29	81	0	1.03026E-11	6.59366E-12	29	82	0	3.61091E-13	2.31098E-13
29	83	0	1.60466E-14	1.02698E-14	30	66	0	5.11129E-12	3.27123E-12
30	67	0	1.22031E-10	7.80997E-11	30	68	0	1.75044E-9	1.12028E-9
30	69	0	3.48088E-9	2.22776E-9	30	69	1	1.48037E-8	9.47439E-9
30	70	0	1.23031E-7	7.87399E-8	30	71	0	1.02026E-7	6.52965E-8
30	71	1	4.33109E-7	2.7719E-7	30	72	0	1.83046E-6	1.1715E-6
30	73	0	4.56115E-6	2.91914E-6	30	74	0	7.29184E-6	4.66678E-6
30	75	0	9.65244E-6	6.17756E-6	30	76	0	8.29209E-6	5.30694E-6
30	77	0	5.50139E-6	3.52089E-6	30	78	0	2.52064E-6	1.61321E-6
30	79	0	7.41187E-7	4.7436E-7	30	80	0	1.69043E-7	1.08187E-7
30	81	0	2.43061E-8	1.55559E-8	30	82	0	2.43061E-9	1.55559E-9
30	83	0	1.8103E-10	1.15859E-10	30	84	0	6.76171E-12	4.32749E-12
30	85	0	5.31837E-13	3.40376E-13	31	67	0	3.5609E-14	2.27898E-14
31	68	0	1.45037E-12	9.28234E-13	31	69	0	4.14105E-11	2.65027E-11
31	70	0	7.68194E-10	4.91644E-10	31	71	0	9.03228E-9	5.78066E-9
31	72	1	4.04602E-8	2.58945E-8	31	72	0	4.04602E-8	2.58945E-8
31	73	0	5.00126E-7	3.20081E-7	31	74	1	9.80247E-7	6.27358E-7
31	74	0	9.80247E-7	6.27358E-7	31	75	0	6.21157E-6	3.9754E-6
31	76	0	1.26432E-5	8.09164E-6	31	77	0	2.00551E-5	1.28352E-5
31	78	0	2.25357E-5	1.44228E-5	31	79	0	1.64241E-5	1.05115E-5
31	80	0	9.80247E-6	6.27358E-6	31	81	0	3.80096E-6	2.43261E-6
31	82	0	1.05027E-6	6.7217E-7	31	83	0	2.15054E-7	1.37635E-7
31	84	0	2.28058E-8	1.45957E-8	31	85	0	2.70015E-9	1.7281E-9
31	86	0	1.35034E-10	8.64218E-11	31	87	0	2.25185E-12	1.44118E-12
31	88	0	1.22747E-13	7.85583E-14	32	70	0	3.20081E-13	2.04852E-13
32	71	0	5.33135E-12	3.41206E-12	32	71	1	5.33135E-12	3.41206E-12
32	72	0	2.67067E-10	1.70923E-10	32	73	0	3.5709E-9	2.28538E-9
32	73	1	8.37211E-10	5.35815E-10	32	74	0	4.63117E-8	2.96395E-8
32	75	0	4.94125E-8	3.1624E-8	32	75	1	3.30083E-7	2.11253E-7
32	76	0	1.94049E-6	1.24191E-6	32	77	0	6.49164E-6	4.15465E-6
32	77	1	9.70245E-7	6.20957E-7	32	78	0	1.9945E-5	1.27648E-5
32	79	1	1.68493E-5	1.07835E-5	32	79	0	1.68493E-5	1.07835E-5
32	80	0	4.84522E-5	3.10094E-5	32	81	0	4.66418E-5	2.98507E-5
32	82	0	3.31384E-5	2.12086E-5	32	83	0	1.74744E-5	1.11836E-5
32	84	0	5.04127E-6	3.22641E-6	32	85	0	1.66042E-6	1.06267E-6
32	86	0	2.35059E-7	1.50438E-7	32	87	0	2.54042E-8	1.62587E-8
32	88	0	1.89035E-9	1.20983E-9	32	89	0	4.78654E-11	3.06338E-11
32	90	0	4.22409E-12	2.70342E-12	32	91	0	7.7712E-13	4.97357E-13
33	72	0	5.72144E-14	3.66172E-14	33	73	0	2.62066E-12	1.67722E-12
33	74	0	2.33059E-11	1.49158E-11	33	74	1	5.44137E-11	3.48248E-11
33	75	0	1.77045E-9	1.13309E-9	33	76	0	2.46062E-8	1.5748E-8
33	77	0	2.51063E-7	1.60681E-7	33	78	0	1.72043E-6	1.10108E-6
33	79	0	7.02177E-6	4.49393E-6	33	80	0	2.42861E-5	1.55431E-5
33	81	0	5.5424E-5	3.54714E-5	33	82	0	4.68518E-5	2.99852E-5
33	82	1	4.68518E-5	2.99852E-5	33	83	0	1.1739E-4	7.51294E-5
33	84	1	4.25007E-5	2.72005E-5	33	84	0	4.25007E-5	2.72005E-5
33	85	0	7.27884E-5	4.65846E-5	33	86	0	2.7567E-5	1.76429E-5
33	87	0	8.17206E-6	5.23012E-6	33	88	0	1.70043E-6	1.08827E-6
33	89	0	2.43013E-7	1.55529E-7	33	90	0	1.571E-8	1.00544E-8
33	91	0	3.94545E-9	2.52509E-9	33	92	0	1.50025E-11	9.60158E-12
33	93	0	3.01102E-12	1.92705E-12	34	75	0	5.45138E-13	3.48888E-13
34	76	0	2.15054E-11	1.37635E-11	34	77	0	8.00202E-11	5.12129E-11
34	77	1	5.35135E-10	3.42486E-10	34	78	0	1.16029E-8	7.42587E-9
34	79	0	1.08027E-7	6.91375E-8	34	79	1	1.62041E-8	1.03706E-8
34	80	0	1.13029E-6	7.23383E-7	34	81	0	8.49214E-7	5.43497E-7
34	81	1	5.68143E-6	3.63612E-6	34	82	0	2.70568E-5	1.73164E-5
34	83	0	6.40962E-5	4.10216E-5	34	83	1	1.50338E-5	9.62163E-6
34	84	0	1.35704E-4	8.68507E-5	34	85	0	1.39055E-4	8.89953E-5
34	85	1	1.39055E-4	8.89953E-5	34	86	0	2.58855E-4	1.65667E-4
34	87	0	1.95099E-4	1.24864E-4	34	88	0	1.06917E-4	6.84269E-5
34	89	0	4.23207E-5	2.70852E-5	34	90	0	1.55282E-5	9.93805E-6
34	91	0	2.85678E-6	1.82834E-6	34	92	0	2.31043E-7	1.47868E-7
34	93	0	3.39688E-8	2.174E-8	34	94	0	4.45112E-10	2.84872E-10
34	95	0	1.3605E-11	8.70722E-12	34	96	0	2.54064E-13	1.62601E-13
35	77	0	2.23056E-14	1.42756E-14	35	77	1	7.48189E-14	4.78841E-14
35	78	0	5.25133E-12	3.36085E-12	35	79	0	3.5709E-11	2.28538E-11
35	79	1	1.2003E-10	7.68194E-11	35	80	0	9.83248E-10	6.29279E-10
35	80	1	2.95074E-9	1.88848E-9	35	81	0	6.22157E-8	3.98181E-8
35	82	0	4.81121E-7	3.07918E-7	35	82	1	2.06052E-7	1.31873E-7
35	83	0	5.08128E-6	3.25202E-6	35	84	0	7.85198E-6	5.02527E-6
35	84	1	1.39535E-5	8.93025E-6	35	85	0	1.08377E-4	6.93615E-5
35	86	0	1.1986E-4	7.67106E-5	35	86	1	1.1986E-4	7.67106E-5
35	87	0	4.28638E-4	2.74328E-4	35	88	0	5.66923E-4	3.62831E-4
35	89	0	5.71924E-4	3.66032E-4	35	90	0	5.69504E-4	3.64482E-4
35	91	0	3.02036E-4	1.93303E-4	35	92	0	7.05778E-5	4.51698E-5
35	93	0	1.10688E-5	7.08405E-6	35	94	0	1.2003E-6	7.68194E-7
35	95	0	6.9073E-8	4.42067E-8	35	96	0	6.01152E-9	3.84737E-9
35	97	0	6.77327E-11	4.33489E-11	35	98	0	3.16935E-12	2.02838E-12
36	79	1	6.10154E-15	3.90499E-15	36	79	0	6.10154E-15	3.90499E-15
36	80	0	8.91225E-13	5.70384E-13	36	81	0	3.50088E-11	2.24057E-11
36	81	1	5.23132E-12	3.34805E-12	36	82	0	1.25032E-9	8.00202E-10
36	83	0	2.03051E-8	1.29953E-8	36	83	1	4.7512E-9	3.04077E-9
36	84	0	2.92074E-7	1.86927E-7	36	85	0	3.10078E-6	1.9845E-6
36	85	1	7.28184E-7	4.66038E-7	36	86	0	2.16755E-5	1.38723E-5
36	87	0	9.57742E-5	6.12955E-5	36	88	0	3.04337E-4	1.94776E-4
36	89	0	7.44198E-4	4.76287E-4	36	90	0	0.00183521	0.00117454
36	91	0	0.00256693	0.00164283	36	92	0	0.00160188	0.00102521
36	93	0	7.1463E-4	4.57363E-4	36	94	0	2.15104E-4	1.37667E-4
36	95	0	5.00136E-5	3.20087E-5	36	96	0	8.86224E-6	5.67183E-6
36	97	0	7.64125E-7	4.8904E-7	36	98	0	4.88092E-8	3.12379E-8
36	99	0	2.51665E-10	1.61065E-10	36	100	0	2.80071E-11	1.79245E-11
36	101	0	3.98885E-12	2.55287E-12	37	83	0	8.12205E-12	5.19811E-12
37	84	0	2.69068E-10	1.72203E-10	37	85	0	9.9125E-9	6.344E-9
37	86	1	7.75196E-8	4.96125E-8	37	86	0	7.75196E-8	4.96125E-8
37	87	0	1.84046E-6	1.1779E-6	37	88	0	1.52639E-5	9.76887E-6
37	89	0	9.65344E-5	6.1782E-5	37	90	0	1.16579E-4	7.46108E-5
37	90	1	4.96975E-4	3.18064E-4	37	91	0	0.00217353	0.00139106
37	92	0	0.00336061	0.00215079	37	93	0	0.00387622	0.00248078
37	94	0	0.00297801	0.00190593	37	95	0	0.00183509	0.00117446
37	96	0	8.87944E-4	5.68284E-4	37	97	0	2.21136E-4	1.41527E-4
37	98	0	4.15905E-5	2.66179E-5	37	99	0	1.27771E-6	8.17732E-7
37	100	0	2.49063E-7	1.594E-7	37	101	0	2.02515E-8	1.2961E-8
37	102	0	6.24128E-11	3.99442E-11	37	103	0	1.22502E-11	7.84015E-12
38	84	0	1.56039E-14	9.98652E-15	38	85	1	8.3021E-13	5.31334E-13
38	85	0	8.3021E-13	5.31334E-13	38	86	0	7.38186E-11	4.72439E-11
38	87	0	2.01051E-9	1.28672E-9	38	87	1	4.72119E-10	3.02156E-10
38	88	0	5.75145E-8	3.68093E-8	38	89	0	1.02026E-6	6.52965E-7
38	90	0	1.81746E-5	1.16317E-5	38	91	0	1.78725E-4	1.14384E-4
38	92	0	7.17231E-4	4.59028E-4	38	93	0	0.00205439	0.00131481
38	94	0	0.00393891	0.00252091	38	95	0	0.00592133	0.00378965
38	96	0	0.00720048	0.00460831	38	97	0	0.00477542	0.00305627
38	98	0	0.00247851	0.00158624	38	99	0	9.25146E-4	5.92093E-4
38	100	0	1.41096E-4	9.03012E-5	38	101	0	1.46635E-5	9.38461E-6
38	102	0	9.6118E-7	6.15155E-7	38	103	0	1.38201E-7	8.84485E-8
38	104	0	1.24031E-9	7.938E-10	38	105	0	4.48719E-11	2.8718E-11
38	106	0	5.0912E-12	3.25837E-12	39	87	0	2.13054E-13	1.36354E-13
39	88	0	1.42036E-11	9.09029E-12	39	89	0	1.40035E-10	8.96226E-11
39	89	1	5.9615E-10	3.81536E-10	39	90	1	1.94549E-8	1.24511E-8
39	90	0	1.94549E-8	1.24511E-8	39	91	1	5.75145E-7	3.68093E-7
39	91	0	5.75145E-7	3.68093E-7	39	92	0	1.30733E-5	8.36691E-6
39	93	1	5.47738E-5	3.50552E-5	39	93	0	5.47738E-5	3.50552E-5
39	94	0	5.26853E-4	3.37186E-4	39	95	0	0.00196726	0.00125904
39	96	0	5.83497E-4	3.73438E-4	39	96	1	0.00525133	0.00336085
39	97	1	0.00478137	0.00306008	39	97	0	0.00478137	0.00306008
39	98	0	0.00626906	0.0040122	39	98	1	0.00626847	0.00401182
39	99	0	0.0128309	0.00410589	39	100	0	0.00572335	0.00366295
39	101	0	0.00181541	0.00116186	39	102	0	3.63702E-4	2.32769E-4
39	103	0	4.50332E-5	2.88212E-5	39	104	0	4.17105E-6	2.66947E-6
39	105	0	2.27815E-7	1.45802E-7	39	106	0	1.89349E-8	1.21184E-8
39	107	0	1.32656E-10	8.48997E-11	39	108	0	3.68242E-12	2.35675E-12
40	89	0	3.32084E-14	2.12534E-14	40	90	1	2.67568E-12	1.71243E-12
40	90	0	2.67568E-12	1.71243E-12	40	91	0	4.91124E-10	3.14319E-10
40	92	0	1.67042E-8	1.06907E-8	40	93	0	4.24107E-7	2.71429E-7
40	94	0	5.72144E-6	3.66172E-6	40	95	0	5.85548E-5	3.74751E-5
40	96	0	4.55835E-4	2.91734E-4	40	97	0	0.00194931	0.00124756
40	98	0	0.00641757	0.00410724	40	99	0	0.0170697	0.00546232
40	100	0	0.0203975	0.0065272	40	101	0	0.01789	0.00572481
40	102	0	0.0100919	0.0032294	40	103	0	0.00357967	0.00229099
40	104	0	9.23793E-4	5.91228E-4	40	105	0	1.64954E-4	1.0557E-4
40	106	0	1.87158E-5	1.19781E-5	40	107	0	1.49655E-6	9.57794E-7
40	108	0	5.67106E-8	3.62948E-8	40	109	0	9.45489E-10	6.05113E-10
40	110	0	2.29058E-11	1.46597E-11	41	91	0	1.30033E-14	8.3221E-15
41	92	0	1.36034E-12	8.7062E-13	41	93	0	8.69219E-11	5.563E-11
41	93	1	2.04052E-11	1.30593E-11	41	94	0	2.50063E-9	1.6004E-9
41	94	1	1.74044E-9	1.11388E-9	41	95	0	1.02026E-7	6.52965E-8
41	95	1	2.3806E-8	1.52358E-8	41	96	0	2.7707E-6	1.77325E-6
41	97	0	2.73369E-5	1.74956E-5	41	97	1	6.41162E-6	4.10344E-6
41	98	0	2.30158E-4	1.47301E-4	41	98	1	7.67194E-5	4.91004E-5
41	99	0	1.81526E-4	1.16177E-4	41	99	1	0.00208736	0.00133591
41	100	0	0.00370916	0.00237386	41	100	1	0.00370916	0.00237386
41	101	0	0.0173359	0.00554749	41	102	1	0.0127207	0.00814123
41	102	0	0.0127207	0.00814123	41	103	0	0.0234812	0.00751399
41	104	1	0.00778698	0.00498366	41	104	0	0.00778698	0.00498366
41	105	0	0.00742082	0.00474933	41	106	0	0.00231567	0.00148203
41	107	0	4.87657E-4	3.121E-4	41	108	0	6.18256E-5	3.95684E-5
41	109	0	4.80027E-6	3.07217E-6	41	110	0	2.40061E-7	1.53639E-7
41	111	0	1.40164E-9	8.9705E-10	41	112	0	7.27392E-11	4.65531E-11
41	113	0	1.24618E-11	7.97557E-12	42	94	0	1.96049E-13	1.25472E-13
42	95	0	1.72043E-11	1.10108E-11	42	96	0	1.12028E-9	7.16981E-10
42	97	0	4.09103E-8	2.61826E-8	42	98	0	1.10028E-6	7.04178E-7
42	99	0	2.46362E-5	1.57672E-5	42	100	0	2.43091E-4	1.55578E-4
42	101	0	0.001645	0.0010528	42	102	0	0.00653876	0.00418481
42	103	0	0.0154713	0.00495083	42	104	0	0.02483	0.00794561
42	105	0	0.0290185	0.00928592	42	106	0	0.0228199	0.00730237
42	107	0	0.0129075	0.00413041	42	108	0	0.00465085	0.00297655
42	109	0	0.00106273	6.80146E-4	42	110	0	1.60461E-4	1.02695E-4
42	111	0	1.58126E-5	1.01201E-5	42	112	0	1.12021E-6	7.16934E-7
42	113	0	1.40588E-7	8.99762E-8	42	114	0	1.02026E-9	6.52965E-10
42	115	0	3.25113E-11	2.08072E-11	42	116	0	9.85249E-14	6.30559E-14
43	97	1	1.5654E-12	1.00185E-12	43	97	0	1.5654E-12	1.00185E-12
43	98	0	2.55064E-10	1.63241E-10	43	99	0	1.48037E-8	9.47439E-9
43	99	1	3.47088E-9	2.22136E-9	43	100	0	5.80146E-7	3.71294E-7
43	101	0	1.23631E-5	7.9124E-6	43	102	0	7.31885E-5	4.68406E-5
43	102	1	7.31885E-5	4.68406E-5	43	103	0	9.69425E-4	6.20432E-4
43	104	0	0.00399505	0.00255683	43	105	0	0.0115713	0.00370283
43	106	0	0.0221131	0.0070762	43	107	0	0.0310797	0.00994549
43	108	0	0.0290944	0.00931022	43	109	0	0.0179168	0.00573337
43	110	0	0.0075872	0.00485581	43	111	0	0.00211568	0.00135404
43	112	0	4.3515E-4	2.78496E-4	43	113	0	4.5811E-5	2.9319E-5
43	114	0	3.62091E-6	2.31739E-6	43	115	0	1.65061E-7	1.05639E-7
43	116	0	3.65092E-9	2.33659E-9	43	117	0	3.20932E-11	2.05397E-11
43	118	0	6.15036E-13	3.93623E-13	44	99	0	8.45213E-13	5.40937E-13
44	100	0	8.91225E-11	5.70384E-11	44	101	0	6.24158E-9	3.99461E-9
44	102	0	2.33059E-7	1.49158E-7	44	103	0	4.64117E-6	2.97035E-6
44	104	0	5.34235E-5	3.4191E-5	44	105	0	4.19416E-4	2.68426E-4
44	106	0	0.0020983	0.00134291	44	107	0	0.00762432	0.00487957
44	108	0	0.0183168	0.00586137	44	109	1	0.0142965	0.00914978
44	109	0	0.0142965	0.00914978	44	110	0	0.0310903	0.00994888
44	111	0	0.0224176	0.00717363	44	112	0	0.0123819	0.00396221
44	113	0	0.00364104	0.00233027	44	114	0	8.45103E-4	5.40866E-4
44	115	0	1.19515E-4	7.64897E-5	44	116	0	8.34211E-6	5.33895E-6
44	117	0	3.62059E-7	2.31718E-7	44	118	0	9.47178E-9	6.06194E-9
45	101	0	3.71094E-14	2.375E-14	45	101	1	1.5804E-13	1.01146E-13
45	102	0	1.1803E-11	7.55391E-12	45	102	1	1.1803E-11	7.55391E-12
45	103	0	1.91048E-10	1.22271E-10	45	103	1	1.28032E-9	8.19407E-10
45	104	0	1.23031E-8	7.87399E-9	45	104	1	3.70093E-8	2.3686E-8
45	105	0	9.70245E-7	6.20957E-7	45	105	1	1.45037E-7	9.28234E-8
45	106	0	7.89199E-6	5.05088E-6	45	106	1	7.89199E-6	5.05088E-6
45	107	0	1.62171E-4	1.03789E-4	45	108	0	5.46278E-4	3.49618E-4
45	108	1	5.46278E-4	3.49618E-4	45	109	0	0.00229689	0.00147001
45	109	1	0.00229817	0.00147083	45	110	0	0.00648922	0.0041531
45	110	1	0.00648922	0.00292015	45	111	0	0.0232518	0.00744059
45	112	0	0.0319398	0.0102207	45	113	0	0.0238842	0.00764295
45	114	0	0.0149693	0.00479017	45	115	0	0.00611167	0.00391147
45	116	0	0.00127402	8.15374E-4	45	117	0	1.70203E-4	1.0893E-4
45	118	0	1.32133E-5	8.45653E-6	45	119	0	2.10053E-12	1.34434E-12
45	120	0	3.40086E-14	2.17655E-14	46	103	0	2.85072E-14	1.82446E-14
46	104	0	2.85072E-12	1.82446E-12	46	105	0	1.91048E-10	1.22271E-10
46	106	0	7.96201E-9	5.09569E-9	46	107	0	8.55216E-8	5.47338E-8
46	107	1	1.5904E-7	1.01786E-7	46	108	0	4.96125E-6	3.1752E-6
46	109	0	2.15154E-5	1.37699E-5	46	109	1	3.99501E-5	2.55681E-5
46	110	0	4.94605E-4	3.16547E-4	46	111	0	8.303E-4	5.31392E-4
46	111	1	0.00154199	9.868731E-4	46	112	0	0.00840228	0.00537746
46	113	0	0.0160172	0.00512549	46	114	0	0.0250098	0.00800312
46	115	0	0.0268611	0.00859556	46	116	0	0.0152414	0.00487725
46	117	0	0.00577927	0.00369873	46	118	0	0.00125622	8.03979E-4
46	119	0	3.88098E-6	2.48383E-6	46	120	0	2.82071E-7	1.80526E-7
46	121	0	1.95049E-8	1.24832E-8	46	122	0	1.29033E-9	8.25808E-10
46	123	0	9.32235E-11	5.96631E-11	46	130	0	3.03077E-13	1.93969E-13
47	106	0	7.47189E-14	4.78201E-14	47	106	1	1.74044E-13	1.11388E-13
47	107	0	3.04077E-12	1.94609E-12	47	107	1	2.03051E-11	1.29953E-11
47	108	1	7.40187E-10	4.7372E-10	47	108	0	7.40187E-10	4.7372E-10
47	109	1	2.83572E-8	1.81486E-8	47	109	0	2.83572E-8	1.81486E-8
47	110	0	4.16105E-7	2.66307E-7	47	110	1	9.71245E-7	6.21597E-7
47	111	0	2.51063E-6	1.60681E-6	47	111	1	1.67942E-5	1.07483E-5
47	112	0	1.92969E-4	1.235E-4	47	113	0	1.28182E-4	8.20367E-5
47	113	1	8.57857E-4	5.49028E-4	47	114	0	0.00421397	0.00269694
47	115	0	0.0060105	0.00384672	47	115	1	0.00600547	0.0038435
47	116	0	0.00885305	0.00566596	47	116	1	0.00885305	0.00566596
47	117	0	0.00875799	0.00560511	47	117	1	0.00875799	0.00560511
47	118	0	0.00486792	0.00311547	47	118	1	0.00486792	0.00311547
47	119	0	0.00356272	0.00228014	47	120	1	5.14345E-4	3.29181E-4
47	120	0	5.14345E-4	3.29181E-4	47	121	0	2.73779E-4	1.75219E-4
47	122	1	2.84672E-5	1.8219E-5	47	122	0	2.84672E-5	1.8219E-5
47	123	0	1.30233E-5	8.3349E-6	47	124	0	1.07027E-11	6.84973E-12
47	125	0	3.14079E-12	2.01011E-12	47	126	0	4.92124E-13	3.1496E-13
47	127	0	4.03102E-14	2.57985E-14	47	129	0	2.94834E-16	1.88694E-16
47	130	0	6.58166E-9	4.21226E-9	47	131	0	9.30881E-11	5.95764E-11
47	132	0	5.5009E-12	3.52058E-12	48	108	0	2.72069E-14	1.74124E-14
48	109	0	3.28083E-12	2.09973E-12	48	110	0	2.52064E-10	1.61321E-10
48	111	0	2.43061E-9	1.55559E-9	48	111	1	8.14206E-9	5.21092E-9
48	112	0	3.1508E-7	2.01651E-7	48	113	0	1.09028E-6	6.97776E-7
48	113	1	3.64092E-6	2.33019E-6	48	114	0	5.9345E-5	3.79808E-5
48	115	0	1.13499E-4	7.26391E-5	48	115	1	3.79976E-4	2.43185E-4
48	116	0	0.00203758	0.00130405	48	117	0	0.00124663	7.97846E-4
48	117	1	0.00417352	0.00267106	48	118	0	0.00752017	0.00481291
48	119	0	0.0043536	0.0027863	48	119	1	0.0043536	0.0027863
48	120	0	0.00630398	0.00283679	48	121	1	0.00207112	0.00132552
48	121	0	0.00207112	0.00132552	48	122	0	0.00216435	0.00138518
48	123	0	0.00126206	8.07718E-4	48	124	0	4.12104E-6	2.63747E-6
48	125	0	3.09078E-6	1.9781E-6	48	126	0	1.15029E-6	7.36186E-7
48	127	0	2.85072E-7	1.82446E-7	48	128	0	5.87148E-8	3.75775E-8
48	129	0	8.80222E-9	5.63342E-9	48	130	0	8.93225E-6	5.71664E-6
48	131	0	1.05017E-6	6.7211E-7	48	132	0	8.47159E-8	5.42182E-8
48	133	0	1.28429E-9	8.21945E-10	48	134	0	4.42112E-11	2.82951E-11
48	135	0	4.57577E-12	2.92849E-12	49	111	0	3.60091E-13	2.30458E-13
49	112	0	6.24158E-12	3.99461E-12	49	112	1	2.66067E-11	1.70283E-11
49	113	0	1.21031E-9	7.74596E-10	49	113	1	2.83071E-10	1.81166E-10
49	114	0	1.45037E-8	9.28234E-9	49	114	1	4.3411E-8	2.7783E-8
49	115	0	1.22031E-6	7.80997E-7	49	115	1	2.85072E-7	1.82446E-7
49	116	2	6.30159E-6	4.03302E-6	49	116	0	6.30159E-6	4.03302E-6
49	116	1	6.30159E-6	4.03302E-6	49	117	0	1.2051E-4	7.71267E-5
49	117	1	2.82671E-5	1.8091E-5	49	118	2	6.99327E-5	4.47569E-5
49	118	0	4.19606E-4	2.68548E-4	49	118	1	6.99327E-5	4.47569E-5
49	119	0	1.08127E-4	6.92015E-5	49	119	1	2.53664E-5	1.62345E-5
49	120	2	1.00759E-4	6.44856E-5	49	120	0	1.00759E-4	6.44856E-5
49	120	1	1.00759E-4	6.44856E-5	49	121	0	4.51374E-4	2.88879E-4
49	121	1	1.05877E-4	6.77611E-5	49	122	2	1.94889E-4	1.24729E-4
49	122	0	1.94889E-4	1.24729E-4	49	122	1	1.94889E-4	1.24729E-4
49	123	0	5.57441E-4	3.56762E-4	49	123	1	1.30753E-4	8.36819E-5
49	124	1	4.70759E-4	3.01286E-4	49	124	0	4.70759E-4	3.01286E-4
49	125	0	8.07484E-4	5.1679E-4	49	125	1	8.07484E-4	5.1679E-4
49	126	1	6.55535E-4	4.19543E-4	49	126	0	6.55535E-4	4.19543E-4
49	127	0	4.49273E-4	2.87535E-4	49	127	1	4.49273E-4	2.87535E-4
49	128	1	2.62141E-4	1.6777E-4	49	128	0	2.62141E-4	1.6777E-4
49	129	0	1.32043E-4	8.45077E-5	49	129	1	1.32043E-4	8.45077E-5
49	130	2	2.75846E-4	1.76542E-4	49	130	1	2.75846E-4	1.76542E-4
49	130	0	2.75846E-4	1.76542E-4	49	131	1	1.39925E-4	8.95522E-5
49	131	0	1.39925E-4	8.95522E-5	49	132	0	6.84073E-5	4.37807E-5
49	133	0	6.52036E-6	4.17303E-6	49	134	0	3.82096E-7	2.44542E-7
49	135	0	2.32313E-8	1.4868E-8	49	136	0	1.71043E-10	1.09468E-10
49	137	0	3.34231E-12	2.13908E-12	50	113	1	1.45037E-14	9.28234E-15
50	113	0	1.45037E-14	9.28234E-15	50	114	0	3.54089E-12	2.26617E-12
50	115	0	2.96075E-10	1.89488E-10	50	116	0	1.1903E-8	7.61792E-9
50	117	1	1.47037E-7	9.41038E-8	50	117	0	1.47037E-7	9.41038E-8
50	118	0	3.23082E-6	2.06772E-6	50	119	0	3.5509E-10	2.27257E-10
50	119	1	1.1903E-9	7.61792E-10	50	120	0	1.50038E-8	9.60242E-9
50	121	0	3.11079E-8	1.9909E-8	50	121	1	7.60192E-8	4.86523E-8
50	122	0	3.38085E-7	2.16375E-7	50	123	0	8.26209E-7	5.28773E-7
50	123	1	3.38085E-7	2.16375E-7	50	124	0	9.25204E-4	5.9213E-4
50	125	0	0.0013755	4.40159E-4	50	125	1	7.9195E-4	5.06848E-4
50	126	0	0.00368512	0.00235848	50	127	0	0.00353476	0.00226225
50	127	1	0.00144405	9.24195E-4	50	128	1	0.00300405	0.00192259
50	128	0	0.00300405	0.00192259	50	129	0	0.00529287	0.00338743
50	129	1	0.00215756	0.00138084	50	130	1	0.00313044	0.00200348
50	130	0	0.00313044	0.00200348	50	131	1	0.00280482	0.00179508
50	131	0	0.00280482	0.00179508	50	132	0	0.00387172	0.0024779
50	133	0	0.00113627	7.27211E-4	50	134	0	2.11203E-4	1.3517E-4
50	135	0	1.6821E-5	1.07655E-5	50	136	0	1.06027E-6	6.78571E-7
50	137	0	3.77062E-8	2.4132E-8	50	138	0	8.12205E-10	5.19811E-10
50	139	0	2.73798E-11	1.75231E-11	51	117	0	3.72094E-11	2.3814E-11
51	118	0	5.07128E-10	3.24562E-10	51	118	1	7.30184E-10	4.67318E-10
51	122	0	4.31109E-14	2.7591E-14	51	122	1	4.86123E-14	3.11119E-14
51	123	0	1.03026E-12	6.59366E-13	51	124	2	1.28032E-6	8.19407E-7
51	124	0	1.28032E-6	8.19407E-7	51	124	1	1.28032E-6	8.19407E-7
51	125	0	2.51263E-5	1.60809E-5	51	126	2	2.14704E-5	1.37411E-5
51	126	0	2.52164E-5	1.61385E-5	51	126	1	2.14704E-5	1.37411E-5
51	127	0	2.12844E-4	1.3622E-4	51	128	0	2.07172E-4	1.3259E-4
51	128	1	3.52749E-4	2.25759E-4	51	129	0	0.00157785	0.00100982
51	130	0	0.0017495	0.00111968	51	130	1	0.00297885	0.00190647
51	131	0	0.010505	0.0033616	51	132	0	0.0108387	0.0034684
51	132	1	0.00784874	0.00502319	51	133	0	0.0153479	0.00491133
51	134	1	0.0041759	0.00267258	51	134	0	0.0041759	0.00267258
51	135	0	0.00208292	0.00133307	51	136	0	4.23887E-4	2.71288E-4
51	137	0	4.84122E-5	3.09838E-5	51	138	0	3.32084E-6	2.12534E-6
51	139	0	1.39008E-7	8.89649E-8	51	140	0	5.21514E-10	3.33769E-10
51	141	0	7.10546E-11	4.5475E-11	51	142	0	1.47427E-12	9.43531E-13
52	118	0	2.92074E-14	1.86927E-14	52	124	0	9.40237E-12	6.01752E-12
52	125	0	3.60091E-11	2.30458E-11	52	125	1	1.21031E-10	7.74596E-11
52	126	0	9.94251E-10	6.36321E-10	52	127	0	2.63066E-9	1.68363E-9
52	127	1	6.44163E-9	4.12264E-9	52	128	0	6.87173E-8	4.39791E-8
52	129	0	1.84046E-7	1.1779E-7	52	129	1	4.51114E-7	2.88713E-7
52	130	0	3.43287E-4	2.19703E-4	52	131	0	5.77596E-4	3.69661E-4
52	131	1	0.00141412	9.05035E-4	52	132	0	0.00915659	0.00412047
52	133	0	0.0057946	0.00370855	52	133	1	0.0141869	0.00453979
52	134	0	0.0289891	0.00927652	52	135	0	0.0204869	0.00655581
52	136	0	0.0123664	0.00395724	52	137	0	0.00425718	0.0027246
52	138	0	8.86204E-4	5.6717E-4	52	139	0	1.15099E-4	7.36634E-5
52	140	0	8.03151E-6	5.14016E-6	52	141	0	8.01602E-7	5.13025E-7
52	142	0	2.27043E-8	1.45307E-8	52	143	0	1.84868E-10	1.18315E-10
52	144	0	2.48444E-11	1.59004E-11	53	129	0	1.16029E-13	7.42587E-14
53	130	0	1.35034E-6	8.64218E-7	53	130	1	5.79146E-7	3.70654E-7
53	131	0	3.19281E-5	2.0434E-5	53	132	1	2.00416E-4	1.28266E-4
53	132	0	2.00416E-4	1.28266E-4	53	133	1	0.00129567	8.2923E-4
53	133	0	0.00129567	8.2923E-4	53	134	0	0.00599319	0.00383564
53	134	1	0.00434118	0.00277835	53	135	0	0.0197961	0.0045531
53	136	0	0.016324	0.00522368	53	136	1	0.0162676	0.00520562
53	137	0	0.0306971	0.00982307	53	138	0	0.0177651	0.00568483
53	139	0	0.00668411	0.00427783	53	140	0	0.00136319	8.72444E-4
53	141	0	2.61204E-4	1.67171E-4	53	142	0	3.34985E-5	2.1439E-5
53	143	0	9.38576E-7	6.00689E-7	53	144	0	9.24001E-8	5.91361E-8
53	145	0	6.43638E-10	4.11928E-10	53	146	0	2.18218E-11	1.39659E-11
53	147	0	9.33425E-12	5.97392E-12	54	130	0	7.19182E-10	4.60276E-10
54	131	0	1.03026E-8	6.59366E-9	54	131	1	2.53064E-8	1.61961E-8
54	132	0	1.36034E-6	8.7062E-7	54	133	0	7.95201E-6	5.08928E-6
54	133	1	1.94649E-5	1.24575E-5	54	134	0	9.9075E-5	6.3408E-5
54	134	1	2.31188E-4	1.47961E-4	54	135	0	5.87178E-4	3.75794E-4
54	135	1	0.00145787	9.33036E-4	54	136	0	0.00879083	0.00562613
54	137	0	0.0220467	0.00705493	54	138	0	0.0331099	0.0105952
54	139	0	0.0329917	0.0105573	54	140	0	0.0179609	0.00574749
54	141	0	0.00935769	0.00598892	54	142	0	0.00335712	0.00214856
54	143	1	3.39797E-4	2.1747E-4	54	143	0	3.39797E-4	2.1747E-4
54	144	0	9.13307E-5	5.84516E-5	54	145	0	7.26119E-6	4.64716E-6
54	146	0	3.36063E-7	2.1508E-7	54	147	0	1.05304E-7	6.73946E-8
54	148	0	2.12054E-10	1.35714E-10	54	149	0	1.26051E-11	8.06726E-12
54	150	0	2.84072E-14	1.81806E-14	55	131	0	2.51063E-12	1.60681E-12
55	132	0	2.99076E-10	1.91408E-10	55	133	0	1.9805E-8	1.26752E-8
55	134	1	3.83597E-7	2.45502E-7	55	134	0	3.83597E-7	2.45502E-7
55	135	1	7.61692E-6	4.87483E-6	55	135	0	7.61692E-6	4.87483E-6
55	136	1	1.03556E-4	6.62759E-5	55	136	0	1.03556E-4	6.62759E-5
55	137	0	0.00153204	9.80504E-4	55	138	0	0.00315283	0.00201781
55	138	1	0.00315361	0.00201831	55	139	0	0.0165546	0.00529748
55	140	0	0.0229069	0.00526859	55	141	0	0.0297039	0.00950525
55	142	0	0.0272875	0.00873201	55	143	0	0.0147003	0.00470409
55	144	0	0.0055908	0.00357811	55	145	0	0.00133525	8.54558E-4
55	146	0	1.85507E-4	1.18724E-4	55	147	0	3.43137E-5	2.19608E-5
55	148	0	1.08027E-6	6.91375E-7	55	149	0	6.39964E-8	4.09577E-8
55	150	0	1.28032E-9	8.19407E-10	55	151	0	2.64319E-11	1.69164E-11
55	152	0	3.77984E-13	2.4191E-13	56	133	0	8.90225E-13	5.69744E-13
56	134	0	1.15029E-10	7.36186E-11	56	135	1	3.84597E-9	2.46142E-9
56	135	0	3.84597E-9	2.46142E-9	56	136	1	1.74044E-7	1.11388E-7
56	136	0	1.74044E-7	1.11388E-7	56	137	0	2.3706E-6	1.51718E-6
56	137	1	5.80146E-6	3.71294E-6	56	138	0	1.01096E-4	6.47011E-5
56	139	0	7.70715E-4	4.93257E-4	56	140	0	0.00288132	0.00184404
56	141	0	0.00962652	0.00616097	56	142	0	0.0220287	0.0070492
56	143	0	0.0294335	0.00941872	56	144	0	0.0289033	0.00924905
56	145	0	0.0189435	0.00606191	56	146	0	0.00733574	0.00469487
56	147	0	0.00179566	0.00114922	56	148	0	3.5824E-4	2.29274E-4
56	149	0	4.63377E-5	2.96561E-5	56	150	0	3.5509E-6	2.27257E-6
56	151	0	2.98191E-7	1.90842E-7	56	152	0	5.82109E-9	3.7255E-9
56	153	0	1.10504E-10	7.07226E-11	56	154	0	1.88047E-12	1.2035E-12
57	135	0	2.40061E-13	1.53639E-13	57	137	0	2.88073E-9	1.84367E-9
57	138	0	1.13029E-7	7.23383E-8	57	139	0	2.68068E-6	1.71563E-6
57	140	0	3.32284E-5	2.12662E-5	57	141	0	2.7802E-4	1.77933E-4
57	142	0	0.0017233	0.00110291	57	143	0	0.00598449	0.00383007
57	144	0	0.0151895	0.00486065	57	145	0	0.0258041	0.00825731
57	146	1	0.0127722	0.0081742	57	146	0	0.0127722	0.0081742
57	147	0	0.0167765	0.00536848	57	148	0	0.00876822	0.00561166
57	149	0	0.00306637	0.00196248	57	150	0	6.52345E-4	4.17501E-4
57	151	0	9.71664E-5	6.21865E-5	57	152	0	8.81222E-6	5.63982E-6
57	153	0	5.61031E-7	3.5906E-7	57	154	0	2.40061E-8	1.53639E-8
57	155	0	1.36529E-10	8.73787E-11	57	156	0	5.33204E-12	3.41251E-12
57	157	0	2.52668E-13	1.61707E-13	58	137	0	6.26158E-14	4.00741E-14
58	138	0	7.95201E-12	5.08928E-12	58	139	0	1.76044E-10	1.12668E-10
58	139	1	4.31109E-10	2.7591E-10	58	140	0	2.33059E-8	1.49158E-8
58	141	0	5.80146E-7	3.71294E-7	58	142	0	1.04926E-5	6.7153E-6
58	143	0	1.03856E-4	6.6468E-5	58	144	0	7.43328E-4	4.7573E-4
58	145	0	0.00351127	0.00224721	58	146	0	0.00907867	0.00581035
58	147	0	0.0151881	0.00486018	58	148	0	0.0197034	0.0063051
58	149	0	0.0170439	0.00545404	58	150	0	0.00925897	0.00592574
58	151	0	0.00366289	0.00234425	58	152	0	9.06369E-4	5.80076E-4
58	153	0	1.62441E-4	1.03962E-4	58	154	0	1.93849E-5	1.24063E-5
58	155	0	1.54025E-6	9.857609E-7	58	156	0	8.21154E-8	5.25539E-8
58	157	0	2.85047E-9	1.8243E-9	58	158	0	6.89174E-11	4.41071E-11
58	159	0	1.8437E-12	1.17997E-12	59	140	0	1.02026E-12	6.52965E-13
59	141	0	7.75196E-11	4.96125E-11	59	142	1	2.12554E-9	1.36034E-9
59	142	0	2.12554E-9	1.36034E-9	59	143	0	1.26032E-7	8.06604E-8
59	144	0	2.73069E-7	1.74764E-7	59	144	1	2.45062E-6	1.5684E-6
59	145	0	3.91299E-5	2.50431E-5	59	146	0	2.90083E-4	1.85653E-4
59	147	0	0.00134	8.57599E-4	59	148	1	0.00225399	0.00144256
59	148	0	0.00225399	0.00144256	59	149	0	0.00957633	0.00612885
59	150	0	0.0126071	0.00403427	59	151	0	0.0121772	0.00389672
59	152	0	0.00754753	0.00483042	59	153	0	0.00350924	0.00224591
59	154	0	0.00109702	7.02091E-4	59	155	0	2.41341E-4	1.54458E-4
59	156	0	3.65492E-5	2.33915E-5	59	157	0	3.5609E-6	2.27898E-6
59	158	0	2.45062E-7	1.5684E-7	59	159	0	9.36052E-9	5.99073E-9
59	160	0	2.89073E-10	1.85007E-10	59	161	0	2.35823E-12	1.50927E-12
59	162	0	7.20897E-14	4.61374E-14	60	142	0	1.06027E-13	6.78571E-14
60	143	0	9.64243E-12	6.17116E-12	60	144	0	6.53165E-10	4.18026E-10
60	145	0	2.98075E-8	1.90768E-8	60	146	0	6.7417E-7	4.31469E-7
60	147	0	9.31235E-6	5.9599E-6	60	148	0	8.87924E-5	5.68271E-5
60	149	0	5.04757E-4	3.23045E-4	60	150	0	0.00171547	0.0010979
60	151	0	0.00413219	0.0026446	60	152	0	0.00624045	0.00399389
60	153	0	0.0070359	0.00450297	60	154	0	0.00529496	0.00338877
60	155	0	0.00295839	0.00189337	60	156	0	0.00117976	7.55045E-4
60	157	0	3.05127E-4	1.95281E-4	60	158	0	5.72945E-5	3.66685E-5
60	159	0	6.25158E-6	4.00101E-6	60	160	0	5.45138E-7	3.48888E-7
60	161	0	2.66044E-8	1.70268E-8	60	162	0	1.11021E-9	7.10533E-10
60	163	0	2.94074E-11	1.88208E-11	60	164	0	4.14105E-13	2.65027E-13
60	165	0	2.28493E-14	1.46236E-14	61	145	0	1.42036E-12	9.09029E-13
61	146	0	1.01026E-10	6.46563E-11	61	147	0	4.32109E-9	2.7655E-9
61	148	0	3.70093E-8	2.3686E-8	61	148	1	8.63218E-8	5.52459E-8
61	149	0	2.01051E-6	1.28672E-6	61	150	0	1.91148E-5	1.22335E-5
61	151	0	1.25542E-4	8.03467E-5	61	152	2	1.66515E-4	1.0657E-4
61	152	0	1.66515E-4	1.0657E-4	61	152	1	1.66515E-4	1.0657E-4
61	153	0	0.00143145	9.16129E-4	61	154	0	0.00129714	8.30168E-4
61	154	1	0.00129723	8.30226E-4	61	155	0	0.00351559	0.00224998
61	156	0	0.0034139	0.0021849	61	157	0	0.00214953	0.0013757
61	158	0	0.00101494	6.49559E-4	61	159	0	2.95675E-4	1.89232E-4
61	160	0	6.92375E-5	4.4312E-5	61	161	0	9.54241E-6	6.10714E-6
61	162	0	1.12028E-6	7.16981E-7	61	163	0	8.38212E-8	5.36455E-8
61	164	0	3.48088E-9	2.22776E-9	61	165	0	1.16006E-10	7.42441E-11
61	166	0	6.11139E-13	3.91129E-13	61	167	0	3.28911E-14	2.10503E-14
62	147	0	1.24031E-13	7.938E-14	62	148	0	1.09028E-11	6.97776E-12
62	149	0	5.22132E-10	3.34164E-10	62	150	0	1.46037E-8	9.34636E-9
62	151	0	2.7607E-7	1.76685E-7	62	152	0	3.12079E-6	1.9973E-6
62	153	0	2.47863E-5	1.58632E-5	62	154	0	1.178E-4	7.53918E-5
62	155	0	4.14395E-4	2.65213E-4	62	156	0	0.00100888	6.45686E-4
62	157	0	0.00151619	9.70363E-4	62	158	0	0.00169569	0.00108524
62	159	0	0.00121159	7.75415E-4	62	160	0	6.98966E-4	4.47339E-4
62	161	0	2.51734E-4	1.61109E-4	62	162	0	7.79697E-5	4.99006E-5
62	163	0	1.5814E-5	1.0121E-5	62	164	0	1.87047E-6	1.1971E-6
62	165	0	1.76044E-7	1.12668E-7	62	166	0	9.41176E-9	6.02353E-9
62	167	0	3.71061E-10	2.37479E-10	62	168	0	8.53215E-12	5.46058E-12
62	169	0	2.00916E-13	1.28586E-13	63	151	0	3.91099E-11	2.50303E-11
63	152	2	4.33443E-10	2.77403E-10	63	152	0	4.33443E-10	2.77403E-10
63	152	1	4.33443E-10	2.77403E-10	63	153	0	3.00076E-8	1.92048E-8
63	154	1	1.9955E-7	1.27712E-7	63	154	0	1.9955E-7	1.27712E-7
63	155	0	3.951E-6	2.52864E-6	63	156	0	2.63166E-5	1.68427E-5
63	157	0	1.02276E-4	6.54565E-5	63	158	0	2.85712E-4	1.82856E-4
63	159	0	5.05768E-4	3.23691E-4	63	160	0	6.92845E-4	4.43421E-4
63	161	0	6.06133E-4	3.87925E-4	63	162	0	4.54315E-4	2.90761E-4
63	163	0	2.30058E-4	1.47237E-4	63	164	0	7.21982E-5	4.62069E-5
63	165	0	1.81246E-5	1.15997E-5	63	166	0	2.72069E-6	1.74124E-6
63	167	0	3.08078E-7	1.9717E-7	63	168	0	2.06052E-8	1.31873E-8
63	169	0	1.02006E-9	6.52836E-10	63	170	0	3.03077E-11	1.93969E-11
63	171	0	1.91496E-13	1.22557E-13	63	172	0	5.65677E-15	3.62033E-15
64	152	0	3.34084E-14	2.13814E-14	64	153	0	2.30058E-12	1.47237E-12
64	154	0	8.79222E-11	5.62702E-11	64	155	0	2.55064E-9	1.63241E-9
64	156	0	4.92124E-8	3.1496E-8	64	157	0	5.31134E-7	3.39926E-7
64	158	0	4.02102E-6	2.57345E-6	64	159	0	1.92749E-5	1.23359E-5
64	160	0	6.7357E-5	4.31085E-5	64	161	0	1.48698E-4	9.51664E-5
64	162	0	2.67167E-4	1.70987E-4	64	163	0	3.20451E-4	2.05089E-4
64	164	0	2.45662E-4	1.57224E-4	64	165	0	1.50948E-4	9.66068E-5
64	166	0	5.88048E-5	3.76351E-5	64	167	0	1.78745E-5	1.14397E-5
64	168	0	3.32084E-6	2.12534E-6	64	169	0	4.78121E-7	3.05997E-7
64	170	0	4.23107E-8	2.70788E-8	64	171	0	2.16035E-9	1.38263E-9
64	172	0	8.71163E-11	5.57545E-11	65	155	0	1.03026E-13	6.59366E-14
65	156	0	5.30134E-12	3.39286E-12	65	156	1	5.89149E-13	3.77055E-13
65	157	0	1.82046E-10	1.16509E-10	65	158	0	3.53089E-9	2.25977E-9
65	158	1	3.92099E-10	2.50943E-10	65	159	0	5.41137E-8	3.46327E-8
65	160	0	5.20131E-7	3.32884E-7	65	161	0	3.1608E-6	2.02291E-6
65	162	0	7.40187E-6	4.7372E-6	65	162	1	7.40187E-6	4.7372E-6
65	163	0	4.46513E-5	2.85768E-5	65	164	0	8.53215E-5	5.46058E-5
65	165	0	1.24802E-4	7.9873E-5	65	166	0	1.1791E-4	7.54623E-5
65	167	0	8.83523E-5	5.65455E-5	65	168	0	4.17105E-5	2.66947E-5
65	169	0	1.62341E-5	1.03898E-5	65	170	0	4.02102E-6	2.57345E-6
65	171	0	5.9315E-7	3.79616E-7	65	172	0	6.85173E-8	4.38511E-8
66	158	0	2.40061E-13	1.53639E-13	66	159	0	9.81248E-12	6.27999E-12
66	160	0	2.70068E-10	1.72844E-10	66	161	0	4.7612E-9	3.04717E-9
66	162	0	6.20157E-8	3.969E-8	66	163	0	5.11129E-7	3.27123E-7
66	164	0	2.66067E-6	1.70283E-6	66	165	0	8.69219E-6	5.563E-6
66	165	1	1.30033E-6	8.3221E-7	66	166	0	2.39861E-5	1.53511E-5
66	167	0	4.42912E-5	2.83464E-5	66	168	0	5.07028E-5	3.24498E-5
66	169	0	4.91924E-5	3.14831E-5	66	170	0	3.11979E-5	1.99666E-5
66	171	0	1.22031E-5	7.80997E-6	66	172	0	3.78095E-6	2.41981E-6
67	161	0	3.971E-13	2.54144E-13	67	161	1	5.9315E-14	3.79616E-14
67	162	0	5.12129E-12	3.27763E-12	67	162	1	1.1903E-11	7.61792E-12
67	163	0	3.48088E-10	2.22776E-10	67	163	1	5.20131E-11	3.32884E-11
67	164	0	1.80045E-9	1.15229E-9	67	164	1	4.21106E-9	2.69508E-9
67	165	0	6.24158E-8	3.99461E-8	67	166	0	1.25032E-7	8.00202E-8
67	166	1	2.91073E-7	1.86287E-7	67	167	0	2.06052E-6	1.31873E-6
67	168	0	6.12155E-6	3.91779E-6	67	169	0	1.52238E-5	9.74326E-6
67	170	0	1.2053E-5	7.71395E-6	67	170	1	1.2053E-5	7.71395E-6
67	171	0	2.33659E-5	1.49542E-5	67	172	0	1.78145E-5	1.14013E-5
68	163	0	1.96049E-14	1.25472E-14	68	164	0	8.74221E-13	5.59501E-13
68	165	0	2.60066E-11	1.66442E-11	68	166	0	5.03127E-10	3.22001E-10
68	167	0	6.24158E-9	3.99461E-9	68	167	1	9.32235E-10	5.96631E-10
68	168	0	5.98151E-8	3.82817E-8	68	169	0	4.18106E-7	2.67588E-7
68	170	0	1.79045E-6	1.14589E-6	68	171	0	4.53114E-6	2.89993E-6
68	172	0	8.53215E-6	5.46058E-6	69	166	0	3.86097E-14	2.47102E-14
69	167	0	1.62041E-12	1.03706E-12	69	168	0	3.981E-11	2.54784E-11
69	169	0	8.25208E-10	5.28133E-10	69	170	0	1.03026E-8	6.59366E-9
69	171	0	7.46188E-8	4.77561E-8	69	172	0	3.78095E-7	2.41981E-7
70	169	0	9.08229E-14	5.81267E-14	70	169	1	1.36034E-14	8.7062E-15
70	170	0	3.961E-12	2.53504E-12	70	171	0	8.56216E-11	5.47978E-11
70	172	0	1.25032E-9	8.00202E-10	71	172	0	1.33034E-13	8.51415E-14
71	172	1	1.33034E-13	8.51415E-14