Z	A	FPS	Yield	Uncertainty	Z	A	FPS	Yield	Uncertainty
23	66	0	1.85674E-17	1.18831E-17	23	67	0	4.41524E-18	2.82575E-18
24	66	0	1.51978E-13	9.72657E-14	24	67	0	3.06948E-14	1.96447E-14
24	69	0	2.10958E-16	1.35013E-16	24	71	0	3.71648E-18	2.37854E-18
25	66	0	1.82995E-11	1.17117E-11	25	67	0	1.00997E-11	6.46384E-12
25	68	0	3.8799E-12	2.48314E-12	25	69	0	9.81765E-13	6.28329E-13
25	70	0	1.47996E-13	9.47176E-14	25	71	0	1.72959E-14	1.10693E-14
25	72	0	6.46194E-16	4.13564E-16	25	73	0	9.99541E-17	6.39706E-17
26	66	0	2.29994E-10	1.47196E-10	26	67	0	3.24992E-10	2.07995E-10
26	68	0	3.18992E-10	2.04155E-10	26	69	0	2.12995E-10	1.36317E-10
26	70	0	8.86978E-11	5.67666E-11	26	71	0	2.80993E-11	1.79836E-11
26	72	0	5.28922E-12	3.3851E-12	26	73	0	6.94883E-13	4.44725E-13
26	74	0	5.91985E-14	3.78871E-14	26	75	0	3.69499E-15	2.3648E-15
27	66	0	2.43994E-10	1.56156E-10	27	67	0	8.22979E-10	5.26707E-10
27	68	0	1.91995E-9	1.22877E-9	27	69	0	3.11992E-9	1.99675E-9
27	70	0	3.35992E-9	2.15035E-9	27	71	0	2.76993E-9	1.77276E-9
27	72	0	1.41996E-9	9.08777E-10	27	73	0	5.04987E-10	3.23192E-10
27	74	0	1.17997E-10	7.55181E-11	27	75	0	1.71959E-11	1.10054E-11
27	76	0	1.78996E-12	1.14557E-12	27	77	0	5.86781E-14	3.7554E-14
27	78	0	1.02609E-14	6.56699E-15	28	66	0	3.34992E-11	2.14395E-11
28	67	0	2.75993E-10	1.76636E-10	28	68	0	1.49996E-9	9.59976E-10
28	69	0	5.64986E-9	3.61591E-9	28	70	0	1.45996E-8	9.34377E-9
28	71	0	2.87993E-8	1.84315E-8	28	72	0	3.74991E-8	2.39994E-8
28	73	0	3.39992E-8	2.17595E-8	28	74	0	2.07995E-8	1.33117E-8
28	75	0	8.32979E-9	5.33107E-9	28	76	0	2.35994E-9	1.51036E-9
28	77	0	4.07931E-10	2.61076E-10	28	78	0	8.39876E-11	5.37521E-11
28	79	0	2.03225E-12	1.30064E-12	28	80	0	2.09995E-13	1.34397E-13
28	81	0	1.96565E-14	1.25802E-14	29	66	0	3.29992E-13	2.11195E-13
29	67	0	7.17982E-12	4.59509E-12	29	68	0	2.93993E-11	1.88155E-11
29	68	1	6.85983E-11	4.39029E-11	29	69	0	8.97978E-10	5.74706E-10
29	70	0	1.39997E-9	8.95978E-10	29	70	1	4.1999E-9	2.68793E-9
29	71	0	2.56994E-8	1.64476E-8	29	72	0	7.9198E-8	5.06867E-8
29	73	0	1.69996E-7	1.08797E-7	29	74	0	2.51994E-7	1.61276E-7
29	75	0	2.58994E-7	1.65756E-7	29	76	0	1.89995E-7	1.21597E-7
29	77	0	8.89978E-8	5.69586E-8	29	78	0	4.93988E-8	3.16152E-8
29	79	0	9.45773E-9	6.05295E-9	29	80	0	9.55976E-10	6.11825E-10
29	81	0	9.14781E-11	5.8546E-11	29	82	0	5.63986E-12	3.60951E-12
29	83	0	3.85434E-13	2.46678E-13	30	67	0	1.78996E-14	1.14557E-14
30	68	0	6.54984E-13	4.1919E-13	30	69	0	2.98993E-12	1.91355E-12
30	69	1	1.27997E-11	8.1918E-12	30	70	0	2.56994E-10	1.64476E-10
30	71	0	5.54986E-10	3.55191E-10	30	71	1	2.36994E-9	1.51676E-9
30	72	0	2.21994E-8	1.42076E-8	30	73	0	1.10997E-7	7.10382E-8
30	74	0	3.8199E-7	2.44474E-7	30	75	0	9.37977E-7	6.00305E-7
30	76	0	1.63996E-6	1.04957E-6	30	77	0	1.92995E-6	1.23517E-6
30	78	0	2.71993E-6	1.74076E-6	30	79	0	1.35997E-6	8.70378E-7
30	80	0	3.75991E-7	2.40634E-7	30	81	0	9.75976E-8	6.24624E-8
30	82	0	1.69996E-8	1.08797E-8	30	83	0	2.67955E-9	1.71491E-9
30	84	0	1.27997E-10	8.1918E-11	30	85	0	6.12252E-12	3.91841E-12
30	86	0	1.04997E-13	6.71983E-14	31	69	0	1.70996E-14	1.09437E-14
31	70	0	7.76981E-13	4.97268E-13	31	71	0	2.34994E-11	1.50396E-11
31	72	1	2.36994E-10	1.51676E-10	31	72	0	2.36994E-10	1.51676E-10
31	73	0	5.99985E-9	3.8399E-9	31	74	1	2.52494E-8	1.61596E-8
31	74	0	2.52494E-8	1.61596E-8	31	75	0	3.00992E-7	1.92635E-7
31	76	0	1.21997E-6	7.80781E-7	31	77	0	3.41991E-6	2.18875E-6
31	78	0	1.13297E-5	7.25102E-6	31	79	0	1.36597E-5	8.74218E-6
31	80	0	9.62976E-6	6.16305E-6	31	81	0	6.40984E-6	4.1023E-6
31	82	0	3.00992E-6	1.92635E-6	31	83	0	1.34997E-6	8.63978E-7
31	84	0	1.84995E-7	1.18397E-7	31	85	0	2.84932E-8	1.82356E-8
31	86	0	1.32997E-9	8.51179E-10	31	87	0	2.90514E-11	1.85929E-11
31	88	0	1.94225E-12	1.24304E-12	32	72	0	9.58976E-13	6.13745E-13
32	73	0	2.64993E-11	1.69596E-11	32	73	1	6.20984E-12	3.9743E-12
32	74	0	7.23982E-10	4.63348E-10	32	75	0	1.47996E-9	9.47176E-10
32	75	1	9.89975E-9	6.33584E-9	32	76	0	1.14997E-7	7.35982E-8
32	77	0	6.93983E-7	4.44149E-7	32	77	1	1.03997E-7	6.65583E-8
32	78	0	6.20984E-6	3.9743E-6	32	79	1	8.67478E-6	5.55186E-6
32	79	0	8.67478E-6	5.55186E-6	32	80	0	2.90993E-5	1.86235E-5
32	81	0	4.59689E-5	2.94201E-5	32	82	0	5.39287E-5	3.45143E-5
32	83	0	6.39284E-5	4.09142E-5	32	84	0	2.39794E-5	1.53468E-5
32	85	0	1.06497E-5	6.81583E-6	32	86	0	1.41996E-6	9.08777E-7
32	87	0	2.01966E-7	1.29258E-7	32	88	0	1.58977E-8	1.01745E-8
32	89	0	2.34159E-10	1.49862E-10	32	90	0	1.81813E-11	1.1636E-11
32	91	0	2.55589E-12	1.63577E-12	33	73	0	1.04997E-14	6.71983E-15
33	74	0	1.90995E-13	1.22237E-13	33	74	1	4.45989E-13	2.85433E-13
33	75	0	2.78993E-11	1.78556E-11	33	76	0	7.55981E-10	4.83828E-10
33	77	0	1.39997E-8	8.95978E-9	33	78	0	2.76993E-7	1.77276E-7
33	79	0	1.89995E-6	1.21597E-6	33	80	0	7.79981E-6	4.99188E-6
33	81	0	2.87693E-5	1.84123E-5	33	82	0	3.9969E-5	2.55802E-5
33	82	1	3.9969E-5	2.55802E-5	33	83	0	2.32014E-4	1.48489E-4
33	84	1	1.09482E-4	7.00687E-5	33	84	0	1.09482E-4	7.00687E-5
33	85	0	2.59524E-4	1.66095E-4	33	86	0	9.34977E-5	5.98385E-5
33	87	0	3.77891E-5	2.4185E-5	33	88	0	8.63978E-6	5.52946E-6
33	89	0	1.08974E-6	6.97433E-7	33	90	0	7.1865E-8	4.59936E-8
33	91	0	1.18947E-8	7.6126E-9	33	92	0	7.43917E-11	4.76107E-11
33	93	0	1.10659E-11	7.08215E-12	34	76	0	4.41989E-13	2.82873E-13
34	77	0	2.97993E-12	1.90715E-12	34	77	1	1.99995E-11	1.27997E-11
34	78	0	1.19997E-9	7.67981E-10	34	79	0	1.93995E-8	1.24157E-8
34	79	1	2.89993E-9	1.85595E-9	34	80	0	2.41994E-7	1.54876E-7
34	81	0	2.91993E-7	1.86875E-7	34	81	1	1.94995E-6	1.24797E-6
34	82	0	1.55096E-5	9.92615E-6	34	83	0	9.01178E-5	5.76754E-5
34	83	1	2.11395E-5	1.35293E-5	34	84	0	2.54744E-4	1.63036E-4
34	85	0	3.75001E-4	2.4E-4	34	85	1	3.75001E-4	2.4E-4
34	86	0	6.70193E-4	4.28924E-4	34	87	0	7.10712E-4	4.54856E-4
34	88	0	4.42059E-4	2.82918E-4	34	89	0	1.53156E-4	9.802E-5
34	90	0	4.14571E-5	2.65325E-5	34	91	0	5.82796E-6	3.72989E-6
34	92	0	6.0891E-7	3.89703E-7	34	93	0	7.69301E-8	4.92352E-8
34	94	0	2.34994E-9	1.50396E-9	34	95	0	4.81505E-11	3.08164E-11
34	96	0	1.54996E-12	9.91975E-13	35	78	0	3.08992E-13	1.97755E-13
35	79	0	3.65991E-12	2.34234E-12	35	79	1	1.21997E-11	7.80781E-12
35	80	0	1.20997E-10	7.74381E-11	35	80	1	3.61991E-10	2.31674E-10
35	81	0	1.19997E-8	7.67981E-9	35	82	0	1.55996E-7	9.98375E-8
35	82	1	6.67983E-8	4.27509E-8	35	83	0	4.28989E-6	2.74553E-6
35	84	0	9.16977E-6	5.86865E-6	35	84	1	1.62996E-5	1.04317E-5
35	85	0	1.92215E-4	1.23018E-4	35	86	0	2.09715E-4	1.34217E-4
35	86	1	2.09715E-4	1.34217E-4	35	87	0	0.00109962	7.03758E-4
35	88	0	0.00168945	0.00108125	35	89	0	0.0014998	9.59874E-4
35	90	0	0.00108863	6.96725E-4	35	91	0	4.1351E-4	2.64646E-4
35	92	0	1.19797E-4	7.66701E-5	35	93	0	2.52324E-5	1.61488E-5
35	94	0	3.57991E-6	2.29114E-6	35	95	0	2.24085E-7	1.43414E-7
35	96	0	1.90995E-8	1.22237E-8	35	97	0	2.86199E-10	1.83168E-10
35	98	0	2.10105E-11	1.34467E-11	35	99	0	1.49164E-11	9.54651E-12
36	80	0	8.22979E-14	5.26707E-14	36	81	0	4.90988E-12	3.14232E-12
36	81	1	7.33982E-13	4.69748E-13	36	82	0	2.95993E-10	1.89435E-10
36	83	0	1.27997E-8	8.1918E-9	36	83	1	3.00992E-9	1.92635E-9
36	84	0	2.69993E-7	1.72796E-7	36	85	0	4.59989E-6	2.94393E-6
36	85	1	1.07997E-6	6.91183E-7	36	86	0	3.27092E-5	2.09339E-5
36	87	0	2.23754E-4	1.43203E-4	36	88	0	8.80558E-4	5.63557E-4
36	89	0	0.00173696	0.00111165	36	90	0	0.00334597	0.00214142
36	91	0	0.00316098	0.00202303	36	92	0	0.00236152	0.00151137
36	93	0	0.00129524	8.28952E-4	36	94	0	4.88608E-4	3.12709E-4
36	95	0	1.09793E-4	7.02676E-5	36	96	0	1.98495E-5	1.27037E-5
36	97	0	1.98966E-6	1.27339E-6	36	98	0	1.71975E-7	1.10064E-7
36	99	0	1.03699E-7	6.63675E-8	36	100	0	2.68993E-10	1.72156E-10
36	101	0	2.47843E-11	1.58619E-11	37	83	0	3.48991E-12	2.23354E-12
37	84	0	1.72996E-10	1.10717E-10	37	85	0	1.06997E-8	6.84783E-9
37	86	1	2.74993E-8	1.75996E-8	37	86	0	2.74993E-8	1.75996E-8
37	87	0	3.37992E-6	2.16315E-6	37	88	0	3.66191E-5	2.34362E-5
37	89	0	2.00015E-4	1.2801E-4	37	90	0	1.75386E-4	1.12247E-4
37	90	1	7.47711E-4	4.78535E-4	37	91	0	0.00223558	0.00143077
37	92	0	0.00346502	0.00221762	37	93	0	0.00502508	0.00321605
37	94	0	0.00453786	0.00290423	37	95	0	0.00268138	0.00171609
37	96	0	0.00127128	8.13618E-4	37	97	0	3.43891E-4	2.20091E-4
37	98	0	8.2038E-5	5.25043E-5	37	99	0	3.40125E-5	2.1768E-5
37	100	0	1.04997E-6	6.71983E-7	37	101	0	1.15342E-7	7.38188E-8
37	102	0	5.83895E-10	3.73693E-10	37	103	0	7.76315E-11	4.96842E-11
38	85	1	8.69978E-13	5.56786E-13	38	85	0	8.69978E-13	5.56786E-13
38	86	0	8.23979E-11	5.27347E-11	38	87	0	3.8299E-9	2.45114E-9
38	87	1	8.98978E-10	5.75346E-10	38	88	0	1.49996E-7	9.59976E-8
38	89	0	2.28994E-6	1.46556E-6	38	90	0	2.93893E-5	1.88091E-5
38	91	0	1.77916E-4	1.13866E-4	38	92	0	8.1433E-4	5.21171E-4
38	93	0	0.00236196	0.00151166	38	94	0	0.005472	0.0024624
38	95	0	0.00766776	0.00345049	38	96	0	0.00887612	0.00568072
38	97	0	0.006015	0.0038496	38	98	0	0.00370843	0.00237339
38	99	0	0.0013162	8.42368E-4	38	100	0	3.51881E-4	2.25204E-4
38	101	0	5.65132E-5	3.61685E-5	38	102	0	4.7793E-6	3.05875E-6
38	103	0	5.39696E-7	3.45405E-7	38	104	0	1.07997E-8	6.91183E-9
38	105	0	1.70925E-10	1.09392E-10	38	106	0	2.65649E-11	1.70015E-11
39	87	0	3.74991E-13	2.39994E-13	39	88	0	3.57991E-11	2.29114E-11
39	89	0	3.14992E-10	2.01595E-10	39	89	1	1.33997E-9	8.57579E-10
39	90	1	3.00492E-8	1.92315E-8	39	90	0	3.00492E-8	1.92315E-8
39	91	1	5.39987E-7	3.45591E-7	39	91	0	5.39987E-7	3.45591E-7
39	92	0	1.23697E-5	7.9166E-6	39	93	1	5.34537E-5	3.42103E-5
39	93	0	5.34537E-5	3.42103E-5	39	94	0	5.95575E-4	3.81168E-4
39	95	0	0.00197745	0.00126557	39	96	0	5.45076E-4	3.48849E-4
39	96	1	0.00490552	0.00313953	39	97	1	0.00434877	0.00278321
39	97	0	0.00434877	0.00278321	39	98	0	0.00643124	0.00411599
39	98	1	0.00643038	0.00411544	39	99	0	0.0114937	0.00367797
39	100	0	0.00778033	0.00497941	39	101	0	0.00336406	0.002153
39	102	0	8.26219E-4	5.2878E-4	39	103	0	1.77016E-4	1.1329E-4
39	104	0	1.64196E-5	1.05085E-5	39	105	0	7.95457E-7	5.09093E-7
39	106	0	1.05003E-7	6.72018E-8	39	107	0	3.94375E-10	2.524E-10
39	108	0	1.75902E-11	1.12577E-11	40	89	0	9.61976E-14	6.15665E-14
40	90	1	5.24987E-12	3.35992E-12	40	90	0	5.24987E-12	3.35992E-12
40	91	0	5.38987E-10	3.44951E-10	40	92	0	1.74996E-8	1.11997E-8
40	93	0	4.24989E-7	2.71993E-7	40	94	0	6.60983E-6	4.23029E-6
40	95	0	5.87185E-5	3.75799E-5	40	96	0	4.1503E-4	2.65619E-4
40	97	0	0.00165728	0.00106066	40	98	0	0.00587377	0.00375921
40	99	0	0.0124914	0.00399724	40	100	0	0.0205608	0.00657945
40	101	0	0.0219896	0.00703667	40	102	0	0.0144602	0.00462728
40	103	0	0.00843341	0.00269869	40	104	0	0.00224329	0.00143571
40	105	0	3.89745E-4	2.49437E-4	40	106	0	6.05735E-5	3.8767E-5
40	107	0	2.7417E-6	1.75469E-6	40	108	0	1.43979E-7	9.21464E-8
40	109	0	1.71645E-9	1.09853E-9	40	110	0	5.80985E-11	3.71831E-11
41	91	0	1.52996E-14	9.79176E-15	41	92	0	1.46996E-12	9.40777E-13
41	93	0	8.21979E-11	5.26067E-11	41	93	1	1.92995E-11	1.23517E-11
41	94	0	2.62993E-9	1.68316E-9	41	94	1	1.82995E-9	1.17117E-9
41	95	0	9.11977E-8	5.83665E-8	41	95	1	2.13995E-8	1.36957E-8
41	96	0	2.15995E-6	1.38237E-6	41	97	0	1.75696E-5	1.12445E-5
41	97	1	4.1199E-6	2.63673E-6	41	98	0	1.62376E-4	1.03921E-4
41	98	1	5.41286E-5	3.46423E-5	41	99	0	9.32677E-5	5.96913E-5
41	99	1	0.00107263	6.86485E-4	41	100	0	0.00285327	0.00182609
41	100	1	0.00285327	0.00182609	41	101	0	0.013031	0.00416991
41	102	1	0.0101908	0.00652208	41	102	0	0.0101908	0.00652208
41	103	0	0.0306071	0.00979428	41	104	1	0.0107359	0.00687099
41	104	0	0.0107359	0.00687099	41	105	0	0.00999452	0.00319825
41	106	0	0.00440883	0.00282165	41	107	0	8.99255E-4	5.75523E-4
41	108	0	1.01577E-4	6.50096E-5	41	109	0	7.98808E-6	5.11237E-6
41	110	0	3.9699E-7	2.54074E-7	41	111	0	2.04079E-9	1.3061E-9
41	112	0	6.52302E-11	4.17473E-11	42	94	0	2.51994E-13	1.61276E-13
42	95	0	1.77996E-11	1.13917E-11	42	96	0	9.91975E-10	6.34864E-10
42	97	0	3.00992E-8	1.92635E-8	42	98	0	7.78981E-7	4.98548E-7
42	99	0	1.14397E-5	7.32142E-6	42	100	0	1.48426E-4	9.49928E-5
42	101	0	8.92798E-4	5.71391E-4	42	102	0	0.00464239	7.42783E-4
42	103	0	0.0146775	0.00469679	42	104	0	0.0282764	0.00650356
42	105	0	0.0301931	0.00966179	42	106	0	0.0346639	0.0110924
42	107	0	0.0200727	0.00642326	42	108	0	0.00666876	0.00426801
42	109	0	0.00148376	9.49608E-4	42	110	0	2.31094E-4	1.479E-4
42	111	0	1.41876E-5	9.08007E-6	42	112	0	5.33921E-7	3.4171E-7
42	113	0	3.52743E-9	2.25756E-9	42	114	0	6.23984E-11	3.9935E-11
42	115	0	3.22235E-13	2.0623E-13	43	97	1	1.09997E-12	7.03982E-13
43	97	0	1.09997E-12	7.03982E-13	43	98	0	1.62996E-10	1.04317E-10
43	99	0	5.47986E-9	3.50711E-9	43	99	1	1.28997E-9	8.25579E-10
43	100	0	2.52994E-7	1.61916E-7	43	101	0	4.45989E-6	2.85433E-6
43	102	0	2.94093E-5	1.88219E-5	43	102	1	2.94093E-5	1.88219E-5
43	103	0	5.65526E-4	3.61937E-4	43	104	0	0.00430693	0.00137822
43	105	0	0.0210469	0.00484079	43	106	0	0.0219304	0.00701774
43	107	0	0.0363314	0.011626	43	108	0	0.0333189	0.00533102
43	109	0	0.0188674	0.00603756	43	110	0	0.0085513	0.00547283
43	111	0	0.00175805	0.00112515	43	112	0	2.29174E-4	1.46672E-4
43	113	0	1.64161E-5	1.05063E-5	43	114	0	3.8699E-7	2.47674E-7
43	115	0	7.88756E-9	5.04804E-9	43	116	0	4.54989E-12	2.91193E-12
43	117	0	5.70791E-15	3.65306E-15	43	118	0	3.44432E-16	2.20436E-16
43	119	0	2.18756E-19	1.40004E-19	44	99	0	3.32992E-13	2.13115E-13
44	100	0	3.65991E-11	2.34234E-11	44	101	0	1.89995E-9	1.21597E-9
44	102	0	7.60981E-8	4.87028E-8	44	103	0	1.30997E-6	8.38379E-7
44	104	0	3.14092E-5	2.01019E-5	44	105	0	6.82943E-4	4.37083E-4
44	106	0	0.00208153	4.78751E-4	44	107	0	0.00871564	0.00557801
44	108	0	0.019831	0.00317296	44	109	1	0.0149373	0.00955988
44	109	0	0.0149373	0.00955988	44	110	0	0.0362325	0.0163046
44	111	0	0.0225906	0.007229	44	112	0	0.00938537	0.00600663
44	113	0	0.00213214	0.00136457	44	114	0	1.90375E-4	1.2184E-4
44	115	0	1.17818E-5	7.54036E-6	44	116	0	2.28994E-7	1.46556E-7
44	117	0	3.7099E-9	2.37434E-9	44	118	0	2.25994E-10	1.44636E-10
44	119	0	4.46989E-13	2.86073E-13	44	124	0	3.50991E-11	2.24634E-11
45	101	1	3.60991E-14	2.31034E-14	45	102	0	2.77993E-12	1.77916E-12
45	102	1	2.77993E-12	1.77916E-12	45	103	0	1.41996E-11	9.08777E-12
45	103	1	9.47976E-11	6.06705E-11	45	104	0	5.30987E-9	3.39832E-9
45	104	1	1.58996E-8	1.01757E-8	45	105	0	5.52986E-7	3.53911E-7
45	105	1	8.26979E-8	5.29267E-8	45	106	0	5.91985E-6	3.78871E-6
45	106	1	5.91985E-6	3.78871E-6	45	107	0	1.58416E-4	1.01386E-4
45	108	0	5.73036E-4	3.66743E-4	45	108	1	5.73036E-4	3.66743E-4
45	109	0	0.0065162	0.00149873	45	109	1	0.00253712	0.00162375
45	110	0	0.0067158	0.00429811	45	110	1	0.00674673	0.00303603
45	111	0	0.0245636	0.00786037	45	112	0	0.0239274	0.0055033
45	113	0	0.0194716	0.0062309	45	114	0	0.00560272	0.00358574
45	115	0	0.00171205	0.00109571	45	116	0	2.26234E-4	1.4479E-4
45	117	0	2.15295E-5	1.37789E-5	45	118	0	3.53991E-6	2.26554E-6
45	119	0	5.10987E-8	3.27032E-8	45	120	0	3.9399E-11	2.52154E-11
45	123	0	1.43996E-14	9.21577E-15	45	124	0	1.42996E-8	9.15177E-9
45	125	0	2.74512E-10	1.75688E-10	46	104	0	1.19997E-12	7.67981E-13
46	105	0	1.06997E-10	6.84783E-11	46	106	0	6.21984E-9	3.9807E-9
46	107	0	9.20977E-8	5.89425E-8	46	107	1	1.70996E-7	1.09437E-7
46	108	0	6.07985E-6	3.8911E-6	46	109	0	2.83293E-5	1.81307E-5
46	109	1	5.26187E-5	3.3676E-5	46	110	0	6.05005E-4	3.87203E-4
46	111	0	0.00120733	7.72691E-4	46	111	1	0.00170632	1.02379E-4
46	112	0	0.00745023	0.00119204	46	113	0	0.023933	0.00550458
46	114	0	0.0181656	0.00581299	46	115	0	0.0169496	0.00542388
46	116	0	0.00818516	0.0052385	46	117	0	0.00291707	0.00186692
46	118	0	0.00126726	8.11045E-4	46	119	0	8.49279E-5	5.43538E-5
46	120	0	4.0499E-6	2.59194E-6	46	121	0	8.1098E-9	5.19027E-9
46	122	0	3.31992E-12	2.12475E-12	46	123	0	1.77996E-8	1.13917E-8
46	124	0	1.41996E-6	9.08777E-7	46	125	0	4.50244E-8	2.88156E-8
46	126	0	6.05985E-14	3.8783E-14	47	106	0	5.43986E-14	3.48151E-14
47	106	1	1.26997E-13	8.1278E-14	47	107	0	3.36992E-12	2.15675E-12
47	107	1	2.25994E-11	1.44636E-11	47	108	1	9.49976E-10	6.07985E-10
47	108	0	9.49976E-10	6.07985E-10	47	109	1	3.8499E-8	2.46394E-8
47	109	0	3.8499E-8	2.46394E-8	47	110	0	5.33987E-7	3.41751E-7
47	110	1	1.24997E-6	7.9998E-7	47	111	0	4.52989E-6	2.89913E-6
47	111	1	3.02892E-5	1.93851E-5	47	112	0	3.60121E-4	1.62054E-4
47	113	0	2.94333E-4	1.88373E-4	47	113	1	0.00195569	0.00125164
47	114	0	0.00912642	0.00584091	47	115	0	0.00438891	0.0028089
47	115	1	0.00537491	0.00343994	47	116	0	0.006504	0.00416256
47	116	1	0.00537165	0.00343785	47	117	0	0.00500442	0.00320283
47	117	1	0.00515087	0.00329656	47	118	0	0.00297097	0.00190142
47	118	1	0.00294023	0.00188175	47	119	0	0.00193342	0.00123739
47	120	1	3.973E-4	2.54272E-4	47	120	0	3.973E-4	2.54272E-4
47	121	0	1.89615E-4	1.21354E-4	47	122	1	2.33794E-5	1.49628E-5
47	122	0	2.33794E-5	1.49628E-5	47	123	0	3.33892E-5	2.13691E-5
47	124	0	2.41594E-5	1.5462E-5	47	125	0	2.02995E-6	1.29917E-6
47	126	0	1.97995E-9	1.26717E-9	47	129	0	6.7534E-15	4.32218E-15
47	130	0	1.22997E-12	7.8718E-13	47	131	0	2.00539E-14	1.28345E-14
47	132	0	4.97614E-15	3.18473E-15	48	108	0	4.86988E-14	3.11672E-14
48	109	0	6.00985E-12	3.8463E-12	48	110	0	4.53989E-10	2.90553E-10
48	111	0	7.34982E-9	4.70388E-9	48	111	1	2.45994E-8	1.57436E-8
48	112	0	9.99975E-7	6.39984E-7	48	113	0	5.50986E-6	3.52631E-6
48	113	1	1.84595E-5	1.18141E-5	48	114	0	1.97575E-4	1.26448E-4
48	115	0	1.22577E-4	7.84492E-5	48	115	1	4.1036E-4	2.6263E-4
48	116	0	9.82605E-4	6.28867E-4	48	117	0	4.37879E-4	2.80243E-4
48	117	1	0.00146595	9.3821E-4	48	118	0	0.00272119	0.00174156
48	119	0	8.90708E-4	5.70053E-4	48	119	1	8.90708E-4	5.70053E-4
48	120	0	0.00156007	9.98445E-4	48	121	1	4.89273E-4	3.13135E-4
48	121	0	4.89273E-4	3.13135E-4	48	122	0	8.34409E-4	5.34022E-4
48	123	0	3.34202E-4	2.13889E-4	48	124	0	1.10407E-4	7.06606E-5
48	125	0	2.68593E-5	1.719E-5	48	126	0	2.32994E-6	1.49116E-6
48	127	0	9.82975E-11	6.29104E-11	48	128	0	3.34992E-11	2.14395E-11
48	129	0	8.36978E-9	5.35666E-9	48	130	0	8.82978E-8	5.65106E-8
48	131	0	6.67981E-9	4.27508E-9	48	132	0	7.05977E-10	4.51826E-10
48	133	0	1.75532E-10	1.1234E-10	48	134	0	3.79991E-11	2.43194E-11
49	111	0	1.63996E-12	1.04957E-12	49	112	0	3.56991E-11	2.28474E-11
49	112	1	1.51996E-10	9.72776E-11	49	113	0	1.23997E-8	7.9358E-9
49	113	1	2.91993E-9	1.86875E-9	49	114	0	8.69978E-8	5.56786E-8
49	114	1	2.60993E-7	1.67036E-7	49	115	0	9.50976E-7	6.08625E-7
49	115	1	2.22994E-7	1.42716E-7	49	116	2	8.26646E-7	5.29053E-7
49	116	0	8.26646E-7	5.29053E-7	49	116	1	8.26646E-7	5.29053E-7
49	117	0	6.83983E-6	4.37749E-6	49	117	1	1.59996E-6	1.02397E-6
49	118	2	4.40489E-6	2.81913E-6	49	118	0	2.64193E-5	1.69084E-5
49	118	1	4.40489E-6	2.81913E-6	49	119	0	3.36492E-5	2.15355E-5
49	119	1	7.8898E-6	5.04947E-6	49	120	2	1.02797E-5	6.57904E-6
49	120	0	1.02797E-5	6.57904E-6	49	120	1	1.02797E-5	6.57904E-6
49	121	0	5.69986E-6	3.64791E-6	49	121	1	1.33997E-6	8.57579E-7
49	122	2	1.11997E-6	7.16782E-7	49	122	0	1.11997E-6	7.16782E-7
49	122	1	1.11997E-6	7.16782E-7	49	123	0	3.33892E-5	2.13691E-5
49	123	1	7.8298E-6	5.01107E-6	49	124	1	4.73238E-5	3.02872E-5
49	124	0	4.73238E-5	3.02872E-5	49	125	0	3.65791E-5	2.34106E-5
49	125	1	3.65791E-5	2.34106E-5	49	126	1	3.9919E-5	2.55482E-5
49	126	0	3.9919E-5	2.55482E-5	49	127	0	2.37794E-5	1.52188E-5
49	127	1	2.37794E-5	1.52188E-5	49	128	1	1.65796E-5	1.06109E-5
49	128	0	1.65796E-5	1.06109E-5	49	129	0	4.88288E-5	3.12504E-5
49	129	1	4.88288E-5	3.12504E-5	49	130	2	3.39492E-5	2.17275E-5
49	130	1	3.39492E-5	2.17275E-5	49	130	0	3.39492E-5	2.17275E-5
49	131	1	1.30997E-5	8.38379E-6	49	131	0	1.30997E-5	8.38379E-6
49	132	0	5.13987E-6	3.28952E-6	49	133	0	1.94978E-6	1.24786E-6
49	134	0	2.58994E-7	1.65756E-7	49	135	0	1.78048E-9	1.13951E-9
49	136	0	1.42996E-10	9.15177E-11	49	137	0	3.50918E-12	2.24587E-12
50	113	1	4.1049E-13	2.62713E-13	50	113	0	4.1049E-13	2.62713E-13
50	114	0	4.82988E-11	3.09112E-11	50	115	0	1.33997E-10	8.57579E-11
50	116	0	1.90995E-10	1.22237E-10	50	117	1	4.2049E-10	2.69113E-10
50	117	0	4.2049E-10	2.69113E-10	50	118	0	1.15997E-8	7.42381E-9
50	119	0	4.28989E-9	2.74553E-9	50	119	1	1.43996E-8	9.21577E-9
50	120	0	2.20994E-9	1.41436E-9	50	121	0	6.27984E-13	4.0191E-13
50	121	1	1.53996E-12	9.85575E-13	50	123	0	2.06995E-8	1.32477E-8
50	123	1	8.43979E-9	5.40147E-9	50	124	0	2.26794E-5	1.45148E-5
50	125	0	4.45989E-5	2.85433E-5	50	125	1	1.82195E-5	1.16605E-5
50	126	0	1.76516E-4	1.1297E-4	50	127	0	6.96953E-4	4.4605E-4
50	127	1	2.84673E-4	1.82191E-4	50	128	1	8.74898E-4	5.59935E-4
50	128	0	8.74898E-4	5.59935E-4	50	129	0	0.00288463	0.00184616
50	129	1	0.00117771	7.53735E-4	50	130	1	0.00180987	0.00115832
50	130	0	0.00180987	0.00115832	50	131	1	0.00147817	9.46028E-4
50	131	0	0.00147817	9.46028E-4	50	132	0	0.00137698	8.81264E-4
50	133	0	6.26064E-4	4.00681E-4	50	134	0	1.50876E-4	9.65608E-5
50	135	0	1.23779E-5	7.92186E-6	50	136	0	8.66978E-7	5.54866E-7
50	137	0	2.43959E-8	1.56134E-8	50	138	0	6.65983E-10	4.26229E-10
50	139	0	2.2127E-11	1.41613E-11	51	118	0	2.18995E-14	1.40157E-14
51	118	1	3.13992E-14	2.00955E-14	51	119	0	7.9998E-14	5.11987E-14
51	123	0	3.16992E-14	2.02875E-14	51	124	2	3.24659E-7	2.07781E-7
51	124	0	3.24659E-7	2.07781E-7	51	124	1	3.24659E-7	2.07781E-7
51	125	0	1.13197E-5	7.24462E-6	51	126	2	5.71986E-6	3.66071E-6
51	126	0	6.71983E-6	4.30069E-6	51	126	1	5.71986E-6	3.66071E-6
51	127	0	2.68393E-5	1.71772E-5	51	128	0	5.56786E-5	3.56343E-5
51	128	1	9.47976E-5	6.06705E-5	51	129	0	0.00172207	0.00110212
51	130	0	0.00164355	0.00105187	51	130	1	0.0027986	0.0017911
51	131	0	0.00994502	0.00318241	51	132	0	0.00705597	0.00451582
51	132	1	0.0051095	0.00327008	51	133	0	0.0105626	0.00338003
51	134	1	0.00279153	0.00178658	51	134	0	0.00279153	0.00178658
51	135	0	0.00145754	9.32828E-4	51	136	0	3.01802E-4	1.93154E-4
51	137	0	2.49994E-5	1.59996E-5	51	138	0	2.02995E-6	1.29917E-6
51	139	0	1.02975E-7	6.59042E-8	51	140	0	1.03586E-9	6.62953E-10
51	141	0	1.20994E-10	7.74364E-11	51	142	0	4.23874E-12	2.71279E-12
52	124	0	1.05997E-8	6.78383E-9	52	125	0	1.40996E-7	9.02377E-8
52	125	1	4.72988E-7	3.02712E-7	52	126	0	1.05997E-7	6.78383E-8
52	127	0	6.13985E-12	3.9295E-12	52	127	1	1.49996E-11	9.59976E-12
52	128	0	1.50996E-9	9.66376E-10	52	129	0	1.79996E-6	1.15197E-6
52	129	1	4.40989E-6	2.82233E-6	52	130	0	3.07292E-4	1.96667E-4
52	131	0	6.95203E-4	4.4493E-4	52	131	1	0.00236104	2.59715E-4
52	132	0	0.00776717	0.00349522	52	133	0	0.00524443	0.00335643
52	133	1	0.01284	0.00410879	52	134	0	0.023516	0.00376256
52	135	0	0.0178403	0.0057089	52	136	0	0.00911827	0.00583569
52	137	0	0.00233428	0.00149394	52	138	0	5.41276E-4	3.46417E-4
52	139	0	8.21679E-5	5.25875E-5	52	140	0	8.47875E-6	5.4264E-6
52	141	0	8.41155E-7	5.38339E-7	52	142	0	3.46949E-8	2.22047E-8
52	143	0	1.82821E-10	1.17005E-10	52	144	0	5.06257E-11	3.24004E-11
53	125	0	6.52984E-9	4.1791E-9	53	126	0	1.60996E-11	1.03037E-11
53	129	0	4.0799E-11	2.61113E-11	53	130	0	3.35992E-7	2.15035E-7
53	130	1	1.43996E-7	9.21577E-8	53	131	0	1.41196E-5	9.03657E-6
53	132	1	1.05342E-4	6.74191E-5	53	132	0	1.05342E-4	6.74191E-5
53	133	1	0.00109727	7.02251E-4	53	133	0	0.00109727	7.02251E-4
53	134	0	0.00331159	1.98695E-4	53	134	1	0.00582659	0.00372902
53	135	0	0.0185239	0.00426049	53	136	0	0.0135868	0.00434779
53	136	1	0.0093232	0.00596685	53	137	0	0.0157253	0.00503211
53	138	0	0.0100441	0.00231015	53	139	0	0.00409682	0.00131098
53	140	0	0.00116391	5.2376E-4	53	141	0	2.75892E-4	1.76571E-4
53	142	0	3.74791E-5	2.39866E-5	53	143	0	8.50816E-7	5.44523E-7
53	144	0	2.00108E-7	1.28069E-7	53	145	0	1.60502E-9	1.02721E-9
53	146	0	7.94E-11	5.0816E-11	53	147	0	2.76305E-11	1.76835E-11
54	125	1	9.74976E-12	6.23984E-12	54	125	0	9.74976E-12	6.23984E-12
54	130	0	1.84995E-11	1.18397E-11	54	131	0	6.77983E-10	4.33909E-10
54	131	1	1.65996E-9	1.06237E-9	54	132	0	2.43994E-7	1.56156E-7
54	133	0	6.67983E-6	4.27509E-6	54	133	1	1.63596E-5	1.04701E-5
54	134	0	1.11457E-4	7.13326E-5	54	134	1	2.60074E-4	1.66447E-4
54	135	0	0.00186145	2.0476E-4	54	135	1	0.00225259	0.00144166
54	136	0	0.00816024	0.00367211	54	137	0	0.0259237	0.00414779
54	138	0	0.0363464	0.00218079	54	139	0	0.0349508	0.00209705
54	140	0	0.0255341	0.00280875	54	141	0	0.0100177	0.00110195
54	142	0	0.00368023	0.00235535	54	143	1	2.08434E-4	1.33398E-4
54	143	0	2.08434E-4	1.33398E-4	54	144	0	1.15437E-4	7.38797E-5
54	145	0	1.11581E-5	7.14119E-6	54	146	0	6.49904E-7	4.15939E-7
54	147	0	1.92088E-7	1.22936E-7	54	148	0	4.29989E-10	2.75193E-10
54	149	0	1.76943E-11	1.13244E-11	54	150	0	3.30992E-14	2.11835E-14
55	132	0	6.64983E-12	4.25589E-12	55	133	0	1.13997E-8	7.29582E-9
55	134	1	5.44986E-7	3.48791E-7	55	134	0	5.44986E-7	3.48791E-7
55	135	1	1.03497E-5	6.62383E-6	55	135	0	1.03497E-5	6.62383E-6
55	136	1	1.45886E-4	9.33673E-5	55	136	0	1.45886E-4	9.33673E-5
55	137	0	0.00692515	0.00221605	55	138	0	0.00573231	0.00131843
55	138	1	0.00300766	0.00192491	55	139	0	0.018261	0.00292176
55	140	0	0.0277035	0.00304739	55	141	0	0.0379339	0.00303471
55	142	0	0.0253394	0.00582807	55	143	0	0.00742578	0.0033416
55	144	0	0.00548533	0.00351061	55	145	0	0.00149342	9.55791E-4
55	146	0	2.57874E-4	1.65039E-4	55	147	0	6.30033E-5	4.03221E-5
55	148	0	1.53996E-6	9.85575E-7	55	149	0	8.23463E-8	5.27016E-8
55	150	0	1.14997E-9	7.35982E-10	55	151	0	2.68318E-11	1.71723E-11
56	133	0	3.56991E-13	2.28474E-13	56	134	0	2.78993E-10	1.78556E-10
56	135	1	9.64976E-9	6.17585E-9	56	135	0	9.64976E-9	6.17585E-9
56	136	1	4.38489E-7	2.80633E-7	56	136	0	4.38489E-7	2.80633E-7
56	137	0	3.70991E-6	2.37434E-6	56	137	1	9.07977E-6	5.81105E-6
56	138	0	1.28867E-4	8.24747E-5	56	139	0	0.00144573	9.2527E-4
56	140	0	0.00516028	8.25645E-4	56	141	0	0.0110981	0.00255256
56	142	0	0.0269547	0.00431275	56	143	0	0.04395	0.0101085
56	144	0	0.0337359	0.00775927	56	145	0	0.0205896	0.00658868
56	146	0	0.00980832	0.00313866	56	147	0	0.00243807	0.00156037
56	148	0	4.79658E-4	3.06981E-4	56	149	0	4.03466E-5	2.58218E-5
56	150	0	3.26992E-6	2.09275E-6	56	151	0	1.86535E-7	1.19382E-7
56	152	0	3.76991E-9	2.41274E-9	56	153	0	5.56397E-11	3.56094E-11
56	154	0	4.36989E-13	2.79673E-13	57	135	0	9.41976E-13	6.02865E-13
57	137	0	5.79986E-9	3.71191E-9	57	138	0	1.72996E-7	1.10717E-7
57	139	0	4.0699E-6	2.60473E-6	57	140	0	5.03087E-5	3.21976E-5
57	141	0	3.71871E-4	2.37997E-4	57	142	0	0.00413822	0.00264846
57	143	0	0.0105361	0.00474123	57	144	0	0.0186132	0.00297811
57	145	0	0.0250816	0.00802612	57	146	1	0.0119487	0.00764714
57	146	0	0.0119487	0.00764714	57	147	0	0.0193895	0.00620465
57	148	0	0.0098608	0.00631091	57	149	0	0.00234242	0.00149915
57	150	0	5.50596E-4	3.52382E-4	57	151	0	6.11819E-5	3.91564E-5
57	152	0	5.58986E-6	3.57751E-6	57	153	0	2.58938E-7	1.6572E-7
57	154	0	6.17985E-9	3.9551E-9	57	155	0	7.76622E-11	4.97038E-11
57	156	0	3.57911E-12	2.29063E-12	58	137	0	2.17995E-13	1.39517E-13
58	138	0	1.96995E-11	1.26077E-11	58	139	0	4.1499E-10	2.65593E-10
58	139	1	1.01997E-9	6.52784E-10	58	140	0	5.12987E-8	3.28312E-8
58	141	0	1.07997E-6	6.91183E-7	58	142	0	1.56496E-5	1.00157E-5
58	143	0	1.64456E-4	1.05252E-4	58	144	0	0.00101137	1.6182E-4
58	145	0	0.00346565	0.00221802	58	146	0	0.0100996	0.00161594
58	147	0	0.0190912	0.00439099	58	148	0	0.0235489	0.00753565
58	149	0	0.0149637	0.00478837	58	150	0	0.0094088	0.00602163
58	151	0	0.00291502	0.00186561	58	152	0	7.44581E-4	4.76532E-4
58	153	0	1.01807E-4	6.51568E-5	58	154	0	7.32982E-6	4.69108E-6
58	155	0	5.39909E-7	3.45542E-7	58	156	0	2.92957E-8	1.87492E-8
58	157	0	5.89985E-10	3.77591E-10	58	158	0	8.74978E-12	5.59986E-12
58	159	0	4.14613E-13	2.65352E-13	59	139	0	2.77993E-14	1.77916E-14
59	140	0	2.93993E-12	1.88155E-12	59	141	0	1.73996E-10	1.11357E-10
59	142	1	3.74491E-9	2.39674E-9	59	142	0	3.74491E-9	2.39674E-9
59	143	0	2.26994E-7	1.45276E-7	59	144	0	3.79991E-7	2.43194E-7
59	144	1	3.41991E-6	2.18875E-6	59	145	0	4.24589E-5	2.71737E-5
59	146	0	3.07462E-4	1.96776E-4	59	147	0	0.00180901	0.00115777
59	148	1	0.00270377	0.00173041	59	148	0	0.00270377	0.00173041
59	149	0	0.00928676	0.00417904	59	150	0	0.0130194	0.00416619
59	151	0	0.0106932	0.00684366	59	152	0	0.00696157	0.0044554
59	153	0	0.00260537	0.00166744	59	154	0	5.32617E-4	3.40875E-4
59	155	0	1.14697E-4	7.34062E-5	59	156	0	1.81695E-5	1.16285E-5
59	157	0	1.07997E-6	6.91183E-7	59	158	0	4.81988E-8	3.08472E-8
59	159	0	1.92954E-9	1.2349E-9	59	160	0	4.54989E-11	2.91193E-11
59	161	0	1.05132E-12	6.72842E-13	60	142	0	2.96993E-13	1.90075E-13
60	143	0	2.53994E-11	1.62556E-11	60	144	0	1.26997E-9	8.1278E-10
60	145	0	4.33989E-8	2.77753E-8	60	146	0	9.20977E-7	5.89425E-7
60	147	0	1.43496E-5	9.18377E-6	60	148	0	1.32567E-4	8.48427E-5
60	149	0	5.80216E-4	3.71338E-4	60	150	0	0.00144974	3.33441E-4
60	151	0	0.00560351	0.00358625	60	152	0	0.00828008	0.00529925
60	153	0	0.00798848	0.00359482	60	154	0	0.00418763	0.00268008
60	155	0	0.00243232	0.00155668	60	156	0	0.0010526	6.73666E-4
60	157	0	1.76976E-4	1.13264E-4	60	158	0	2.27594E-5	1.4566E-5
60	159	0	2.53994E-6	1.62556E-6	60	160	0	1.73996E-7	1.11357E-7
60	161	0	7.30877E-9	4.67761E-9	60	162	0	1.87995E-10	1.20317E-10
60	163	0	3.04992E-12	1.95195E-12	60	164	0	3.64991E-14	2.33594E-14
61	144	0	2.32994E-14	1.49116E-14	61	145	0	2.41994E-12	1.54876E-12
61	146	0	1.58996E-10	1.01757E-10	61	147	0	7.41981E-9	4.74868E-9
61	148	0	6.24984E-8	3.9999E-8	61	148	1	1.45996E-7	9.34377E-8
61	149	0	2.85993E-6	1.83035E-6	61	150	0	1.92295E-5	1.23069E-5
61	151	0	2.14605E-4	1.37347E-4	61	152	2	4.03837E-4	2.58455E-4
61	152	0	4.03837E-4	2.58455E-4	61	152	1	4.03837E-4	2.58455E-4
61	153	0	0.00216733	0.00138709	61	154	0	0.00297817	0.00190603
61	154	1	0.00254533	0.00162901	61	155	0	0.0044045	0.00281888
61	156	0	0.0045828	0.00105404	61	157	0	0.00199851	0.00127905
61	158	0	6.91413E-4	4.42504E-4	61	159	0	2.04045E-4	1.30589E-4
61	160	0	3.8979E-5	2.49466E-5	61	161	0	4.40989E-6	2.82233E-6
61	162	0	3.09992E-7	1.98395E-7	61	163	0	1.42996E-8	9.15177E-9
61	164	0	4.76988E-10	3.05272E-10	61	165	0	9.63976E-12	6.16945E-12
61	166	0	1.57578E-13	1.0085E-13	61	167	0	4.35771E-15	2.78893E-15
62	147	0	3.27992E-13	2.09915E-13	62	148	0	2.78993E-11	1.78556E-11
62	149	0	1.19997E-9	7.67981E-10	62	150	0	4.1899E-8	2.68153E-8
62	151	0	8.55979E-7	5.47826E-7	62	152	0	1.32097E-5	8.45419E-6
62	153	0	6.55784E-5	4.19702E-5	62	154	0	4.1876E-4	2.68006E-4
62	155	0	9.59376E-4	6.14001E-4	62	156	0	0.00101355	1.62169E-4
62	157	0	0.00284717	0.00128123	62	158	0	0.00244545	0.00156509
62	159	0	0.00176033	0.00112661	62	160	0	8.67468E-4	5.5518E-4
62	161	0	2.49364E-4	1.59593E-4	62	162	0	4.57289E-5	2.92665E-5
62	163	0	5.77986E-6	3.69911E-6	62	164	0	5.21987E-7	3.34072E-7
62	165	0	2.97993E-8	1.90715E-8	62	166	0	1.28981E-9	8.25479E-10
62	167	0	3.02949E-11	1.93887E-11	62	168	0	4.62988E-13	2.96313E-13
62	169	0	6.91737E-15	4.42712E-15	63	149	0	2.74993E-14	1.75996E-14
63	151	0	1.88995E-10	1.20957E-10	63	152	2	2.89993E-9	1.85595E-9
63	152	0	2.89993E-9	1.85595E-9	63	152	1	2.89993E-9	1.85595E-9
63	153	0	1.37997E-7	8.83178E-8	63	154	1	1.28997E-6	8.25579E-7
63	154	0	1.28997E-6	8.25579E-7	63	155	0	1.72496E-5	1.10397E-5
63	156	0	9.92175E-5	6.34992E-5	63	157	0	3.49611E-4	2.23751E-4
63	158	0	0.00148045	9.4749E-4	63	159	0	0.00131061	8.38789E-4
63	160	0	0.0015702	0.00100493	63	161	0	0.00106111	6.79113E-4
63	162	0	4.69828E-4	3.0069E-4	63	163	0	1.51566E-4	9.70024E-5
63	164	0	3.51791E-5	2.25146E-5	63	165	0	5.42986E-6	3.47511E-6
63	166	0	6.29984E-7	4.0319E-7	63	167	0	4.0499E-8	2.59194E-8
63	168	0	1.74996E-9	1.11997E-9	63	169	0	3.21923E-11	2.06031E-11
63	170	0	9.77976E-13	6.25904E-13	63	171	0	1.30156E-14	8.32999E-15
63	172	0	2.65074E-16	1.69647E-16	64	152	0	4.76988E-13	3.05272E-13
64	153	0	2.34994E-11	1.50396E-11	64	154	0	1.35997E-9	8.70378E-10
64	155	0	2.67993E-8	1.71516E-8	64	156	0	4.75988E-7	3.04632E-7
64	157	0	4.68988E-6	3.00153E-6	64	158	0	5.58086E-5	3.57175E-5
64	159	0	1.23957E-4	7.93324E-5	64	160	0	3.74411E-4	2.39623E-4
64	161	0	5.94755E-4	3.80643E-4	64	162	0	6.10435E-4	3.90678E-4
64	163	0	4.68458E-4	2.99813E-4	64	164	0	2.58024E-4	1.65135E-4
64	165	0	9.96175E-5	6.37552E-5	64	166	0	2.91893E-5	1.86811E-5
64	167	0	4.86988E-6	3.11672E-6	64	168	0	5.73986E-7	3.67351E-7
64	169	0	2.85993E-8	1.83035E-8	64	170	0	2.43994E-9	1.56156E-9
64	171	0	9.04847E-11	5.79102E-11	64	172	0	2.16968E-12	1.3886E-12
65	155	0	2.42994E-12	1.55516E-12	65	156	0	1.16997E-10	7.48781E-11
65	156	1	1.29997E-11	8.31979E-12	65	157	0	3.8199E-9	2.44474E-9
65	158	0	1.19997E-7	7.67981E-8	65	158	1	1.32997E-8	8.51179E-9
65	159	0	8.0798E-7	5.17107E-7	65	160	0	6.72983E-6	4.30709E-6
65	161	0	2.71493E-5	1.73756E-5	65	162	0	3.42791E-5	2.19387E-5
65	162	1	3.42791E-5	2.19387E-5	65	163	0	1.28467E-4	8.22187E-5
65	164	0	1.65096E-4	1.05661E-4	65	165	0	1.50946E-4	9.66056E-5
65	166	0	1.03557E-4	6.62767E-5	65	167	0	4.1419E-5	2.65081E-5
65	168	0	1.23897E-5	7.9294E-6	65	169	0	1.56996E-6	1.00477E-6
65	170	0	3.61991E-7	2.31674E-7	65	171	0	3.58991E-8	2.29754E-8
65	172	0	2.34994E-9	1.50396E-9	66	157	0	2.59994E-13	1.66396E-13
66	158	0	2.74993E-11	1.75996E-11	66	159	0	4.71988E-10	3.02072E-10
66	160	0	1.12997E-8	7.23182E-9	66	161	0	1.22997E-7	7.8718E-8
66	162	0	8.23979E-7	5.27347E-7	66	163	0	4.0899E-6	2.61753E-6
66	164	0	1.31797E-5	8.43499E-6	66	165	0	2.60793E-5	1.66908E-5
66	165	1	3.8999E-6	2.49594E-6	66	166	0	4.85688E-5	3.1084E-5
66	167	0	4.50989E-5	2.88633E-5	66	168	0	3.20192E-5	2.04923E-5
66	169	0	9.59976E-6	6.14385E-6	66	170	0	5.48986E-6	3.51351E-6
66	171	0	1.36997E-6	8.76778E-7	66	172	0	2.29994E-7	1.47196E-7
67	159	0	1.32997E-14	8.51179E-15	67	161	0	2.84993E-11	1.82395E-11
67	161	1	4.24989E-12	2.71993E-12	67	162	0	1.80995E-10	1.15837E-10
67	162	1	4.21989E-10	2.70073E-10	67	163	0	7.26982E-9	4.65268E-9
67	163	1	1.08997E-9	6.97583E-10	67	164	0	2.15995E-8	1.38237E-8
67	164	1	5.04987E-8	3.23192E-8	67	165	0	4.40989E-7	2.82233E-7
67	166	0	5.99985E-7	3.8399E-7	67	166	1	1.39997E-6	8.95978E-7
67	167	0	4.1999E-6	2.68793E-6	67	168	0	7.32982E-6	4.69108E-6
67	169	0	5.13987E-6	3.28952E-6	67	170	0	3.47991E-6	2.22714E-6
67	170	1	3.47991E-6	2.22714E-6	67	171	0	4.0399E-6	2.58554E-6
67	172	0	1.62996E-6	1.04317E-6	68	162	0	3.68991E-14	2.36154E-14
68	163	0	1.45996E-12	9.34377E-13	68	164	0	3.49991E-11	2.23994E-11
68	165	0	6.01985E-10	3.8527E-10	68	166	0	7.38982E-9	4.72948E-9
68	167	0	3.58991E-8	2.29754E-8	68	167	1	5.35987E-9	3.43031E-9
68	168	0	1.91995E-7	1.22877E-7	68	169	0	3.38992E-7	2.16955E-7
68	170	0	1.14997E-6	7.35982E-7	68	171	0	1.58996E-6	1.01757E-6
68	172	0	1.47996E-6	9.47176E-7	69	165	0	4.64988E-14	2.97593E-14
69	166	0	1.58996E-12	1.01757E-12	69	167	0	2.43994E-11	1.56156E-11
69	168	0	3.16992E-10	2.02875E-10	69	169	0	1.58996E-9	1.01757E-9
69	170	0	1.38997E-8	8.89578E-9	69	171	0	4.90988E-8	3.14232E-8
69	172	0	1.14997E-7	7.35982E-8	70	168	0	4.47989E-14	2.86713E-14
70	169	0	5.41986E-13	3.46871E-13	70	169	1	8.1098E-14	5.19027E-14
70	170	0	1.52996E-11	9.79176E-12	70	171	0	1.46996E-10	9.40777E-11
70	172	0	9.15977E-10	5.86225E-10	71	171	0	1.26997E-14	8.1278E-15
71	171	1	1.26997E-14	8.1278E-15	71	172	0	2.18995E-13	1.40157E-13
71	172	1	2.18995E-13	1.40157E-13