Z	A	FPS	Yield	Uncertainty	Z	A	FPS	Yield	Uncertainty
25	66	0	8.01E-13	5.1264E-13	25	67	0	2.3E-13	1.472E-13
25	68	0	4.5E-14	2.88E-14	26	66	0	2.22E-11	1.4208E-11
26	67	0	1.69E-11	1.0816E-11	26	68	0	8.96E-12	5.7344E-12
26	69	0	3.28E-12	2.0992E-12	26	70	0	8.15E-13	5.216E-13
26	71	0	1.16E-13	7.424E-14	26	75	0	5.18319E-18	3.31724E-18
27	66	0	5.61E-11	3.5904E-11	27	67	0	1.03E-10	6.592E-11
27	68	0	1.37E-10	8.768E-11	27	69	0	1.3E-10	8.32E-11
27	70	0	8.39E-11	5.3696E-11	27	71	0	3.27E-11	2.0928E-11
27	72	0	3.25E-12	2.08E-12	27	73	0	2.37E-12	1.5168E-12
27	74	0	3.65E-13	2.336E-13	27	75	0	3.20948E-14	2.05407E-14
27	77	0	1.07341E-16	6.86981E-17	27	78	0	7.12469E-18	4.5598E-18
28	66	0	1.44E-11	9.216E-12	28	67	0	6.36E-11	4.0704E-11
28	68	0	2.0E-10	1.28E-10	28	69	0	4.52E-10	2.8928E-10
28	70	0	6.99E-10	4.4736E-10	28	71	0	6.89E-10	4.4096E-10
28	72	0	1.8E-10	1.152E-10	28	73	0	3.53E-10	2.2592E-10
28	74	0	1.46E-10	9.344E-11	28	75	0	3.6E-11	2.304E-11
28	76	0	6.9E-12	4.416E-12	28	77	0	9.92892E-13	6.35451E-13
28	78	0	7.75929E-14	4.96594E-14	28	79	0	3.35858E-15	2.14949E-15
29	66	0	3.23E-13	2.0672E-13	29	67	0	3.7E-12	2.368E-12
29	68	0	8.77E-12	5.6128E-12	29	68	1	2.05E-11	1.312E-11
29	69	0	1.61E-10	1.0304E-10	29	70	0	1.45E-10	9.28E-11
29	70	1	4.34E-10	2.7776E-10	29	71	0	1.35E-9	8.64E-10
29	72	0	8.47E-10	5.4208E-10	29	73	0	4.12E-9	2.6368E-9
29	74	0	4.26E-9	2.7264E-9	29	75	0	2.78E-9	1.7792E-9
29	76	0	1.45E-9	9.28E-10	29	77	0	5.64E-10	3.6096E-10
29	78	0	1.24E-10	7.936E-11	29	79	0	2.07966E-11	1.33098E-11
29	80	0	2.25E-12	1.44E-12	29	81	0	2.36E-13	1.5104E-13
29	82	0	1.09E-14	6.976E-15	29	83	0	7.78301E-16	4.98113E-16
30	67	0	1.64E-14	1.0496E-14	30	68	0	3.52E-13	2.2528E-13
30	69	0	9.76E-13	6.2464E-13	30	69	1	4.16E-12	2.6624E-12
30	70	0	4.63E-11	2.9632E-11	30	71	0	5.1E-11	3.264E-11
30	71	1	2.18E-10	1.3952E-10	30	72	0	4.06E-10	2.5984E-10
30	73	0	4.68E-9	2.9952E-9	30	74	0	1.13E-8	7.232E-9
30	75	0	1.78E-8	1.1392E-8	30	76	0	2.33E-8	1.4912E-8
30	77	0	2.29E-8	1.4656E-8	30	78	0	1.35E-8	8.64E-9
30	79	0	6.18E-9	3.9552E-9	30	80	0	1.87E-9	1.1968E-9
30	81	0	5.4E-10	3.456E-10	30	82	0	7.13E-11	4.5632E-11
30	83	0	7.19922E-12	4.6075E-12	30	84	0	3.89E-13	2.4896E-13
30	85	0	3.66537E-14	2.34584E-14	31	69	0	1.19E-14	7.616E-15
31	70	0	2.9E-13	1.856E-13	31	71	0	4.54E-12	2.9056E-12
31	72	1	9.0E-12	5.76E-12	31	72	0	9.0E-12	5.76E-12
31	73	0	5.26E-10	3.3664E-10	31	74	1	1.515E-9	9.696E-10
31	74	0	1.515E-9	9.696E-10	31	75	0	1.15E-8	7.36E-9
31	76	0	3.55E-8	2.272E-8	31	77	0	8.16E-8	5.2224E-8
31	78	0	1.18E-7	7.552E-8	31	79	0	1.37E-7	8.768E-8
31	80	0	1.09E-7	6.976E-8	31	81	0	8.25E-8	5.28E-8
31	82	0	3.01E-8	1.9264E-8	31	83	0	8.52E-9	5.4528E-9
31	84	0	1.31E-9	8.384E-10	31	85	0	2.26963E-10	1.45257E-10
31	86	0	1.82E-11	1.1648E-11	31	87	0	5.40487E-13	3.45912E-13
31	88	0	5.46288E-14	3.49624E-14	32	72	0	5.93E-14	3.7952E-14
32	73	0	3.86E-12	2.4704E-12	32	73	1	9.05E-13	5.792E-13
32	74	0	7.15E-11	4.576E-11	32	75	0	9.14E-11	5.8496E-11
32	75	1	6.12E-10	3.9168E-10	32	76	0	5.45E-9	3.488E-9
32	77	0	2.58E-8	1.6512E-8	32	77	1	3.86E-9	2.4704E-9
32	78	0	1.02E-7	6.528E-8	32	79	1	1.405E-7	8.992E-8
32	79	0	1.405E-7	8.992E-8	32	80	0	5.38E-7	3.4432E-7
32	81	0	9.87E-7	6.3168E-7	32	82	0	9.23E-7	5.9072E-7
32	83	0	6.93E-7	4.4352E-7	32	84	0	2.91E-7	1.8624E-7
32	85	0	1.36E-7	8.704E-8	32	86	0	3.09E-8	1.9776E-8
32	87	0	4.99946E-9	3.19965E-9	32	88	0	5.94945E-10	3.80765E-10
32	89	0	1.59533E-11	1.02101E-11	32	90	0	2.01827E-12	1.29169E-12
32	91	0	6.57198E-13	4.20607E-13	33	74	0	3.6E-14	2.304E-14
33	74	1	8.41E-14	5.3824E-14	33	75	0	3.28E-12	2.0992E-12
33	76	0	6.92E-11	4.4288E-11	33	77	0	9.73E-10	6.2272E-10
33	78	0	8.58E-9	5.4912E-9	33	79	0	5.86E-8	3.7504E-8
33	80	0	2.7E-7	1.728E-7	33	81	0	1.15E-6	7.36E-7
33	82	0	1.28E-6	8.192E-7	33	82	1	1.28E-6	8.192E-7
33	83	0	4.66E-6	2.9824E-6	33	84	1	2.45E-6	1.568E-6
33	84	0	2.45E-6	1.568E-6	33	85	0	5.81E-6	3.7184E-6
33	86	0	3.53E-6	2.2592E-6	33	87	0	1.57E-6	1.0048E-6
33	88	0	5.08E-7	3.2512E-7	33	89	0	9.8784E-8	6.32218E-8
33	90	0	1.06145E-8	6.79327E-9	33	91	0	4.06943E-9	2.60443E-9
33	92	0	2.79112E-11	1.78631E-11	33	93	0	4.10815E-12	2.62921E-12
33	94	0	1.20275E-13	7.6976E-14	34	76	0	6.05E-14	3.872E-14
34	77	0	3.02E-13	1.9328E-13	34	77	1	2.02E-12	1.2928E-12
34	78	0	5.66E-11	3.6224E-11	34	79	0	9.06E-10	5.7984E-10
34	79	1	1.35E-10	8.64E-11	34	80	0	1.26E-8	8.064E-9
34	81	0	1.72E-8	1.1008E-8	34	81	1	1.15E-7	7.36E-8
34	82	0	7.2E-7	4.608E-7	34	83	0	2.55E-6	1.632E-6
34	83	1	5.97E-7	3.8208E-7	34	84	0	7.83E-6	5.0112E-6
34	85	0	1.085E-5	6.944E-6	34	85	1	1.085E-5	6.944E-6
34	86	0	3.236E-5	2.07104E-5	34	87	0	3.656E-5	2.33984E-5
34	88	0	3.028E-5	1.93792E-5	34	89	0	1.591E-5	1.01824E-5
34	90	0	7.41938E-6	4.7484E-6	34	91	0	2.41593E-6	1.54619E-6
34	92	0	3.03972E-7	1.94542E-7	34	93	0	3.8E-8	2.432E-8
34	94	0	1.30988E-9	8.38323E-10	34	95	0	2.09516E-11	1.3409E-11
34	96	0	8.07E-13	5.1648E-13	35	78	0	2.49E-14	1.5936E-14
35	79	0	2.99E-13	1.9136E-13	35	79	1	1.0E-12	6.4E-13
35	80	0	1.09E-11	6.976E-12	35	80	1	3.28E-11	2.0992E-11
35	81	0	1.23E-9	7.872E-10	35	82	0	1.25E-8	8.0E-9
35	82	1	5.36E-9	3.4304E-9	35	83	0	2.02E-7	1.2928E-7
35	84	0	4.53E-7	2.8992E-7	35	84	1	8.05E-7	5.152E-7
35	85	0	8.27E-6	5.2928E-6	35	86	0	1.465E-5	9.376E-6
35	86	1	1.465E-5	9.376E-6	35	87	0	7.854E-5	5.02656E-5
35	88	0	1.5323E-4	9.80672E-5	35	89	0	1.9995E-4	1.27968E-4
35	90	0	2.3999E-4	1.53594E-4	35	91	0	2.0781E-4	1.32998E-4
35	92	0	6.921E-5	4.42944E-5	35	93	0	1.5102E-5	9.66528E-6
35	94	0	2.34E-6	1.4976E-6	35	95	0	1.29734E-7	8.30298E-8
35	96	0	1.22E-8	7.808E-9	35	97	0	1.5566E-10	9.96226E-11
35	98	0	9.54856E-12	6.11108E-12	35	99	0	7.47334E-12	4.78294E-12
36	81	0	6.71E-13	4.2944E-13	36	81	1	1.0E-13	6.4E-14
36	82	0	3.17E-11	2.0288E-11	36	83	0	8.05E-10	5.152E-10
36	83	1	1.89E-10	1.2096E-10	36	84	0	1.68E-8	1.0752E-8
36	85	0	2.31E-7	1.4784E-7	36	85	1	5.42E-8	3.4688E-8
36	86	0	2.59E-6	1.6576E-6	36	87	0	1.715E-5	1.0976E-5
36	88	0	7.863E-5	5.03232E-5	36	89	0	2.4318E-4	1.55635E-4
36	90	0	6.9491E-4	4.44742E-4	36	91	0	0.00145585	9.31744E-4
36	92	0	0.0011954	7.65056E-4	36	93	0	6.8051E-4	4.35526E-4
36	94	0	2.8223E-4	1.80627E-4	36	95	0	7.70202E-5	4.92929E-5
36	96	0	1.161E-5	7.4304E-6	36	97	0	1.43984E-6	9.215E-7
36	98	0	1.0399E-7	6.65539E-8	36	99	0	6.91278E-8	4.42418E-8
36	100	0	1.14E-10	7.296E-11	36	101	0	6.99834E-12	4.47894E-12
37	83	0	3.23E-13	2.0672E-13	37	84	0	1.55E-11	9.92E-12
37	85	0	7.19E-10	4.6016E-10	37	86	1	9.0E-9	5.76E-9
37	86	0	9.0E-9	5.76E-9	37	87	0	3.21E-7	2.0544E-7
37	88	0	3.75E-6	2.4E-6	37	89	0	2.938E-5	1.88032E-5
37	90	0	3.903E-5	2.49792E-5	37	90	1	1.6638E-4	1.06483E-4
37	91	0	0.00102931	6.58758E-4	37	92	0	0.0019524	0.00124954
37	93	0	0.00265896	0.00170173	37	94	0	0.00271459	0.00173734
37	95	0	0.00188942	0.00120923	37	96	0	7.6732E-4	4.91085E-4
37	97	0	2.6395E-4	1.68928E-4	37	98	0	5.773E-5	3.69472E-5
37	99	0	2.74728E-5	1.75826E-5	37	100	0	6.33E-7	4.0512E-7
37	101	0	4.33344E-8	2.7734E-8	37	102	0	1.62509E-10	1.04006E-10
37	103	0	1.70703E-11	1.0925E-11	38	85	1	5.85E-14	3.744E-14
38	85	0	5.85E-14	3.744E-14	38	86	0	8.36E-12	5.3504E-12
38	87	0	3.42E-10	2.1888E-10	38	87	1	8.03E-11	5.1392E-11
38	88	0	1.34E-8	8.576E-9	38	89	0	2.87E-7	1.8368E-7
38	90	0	5.36E-6	3.4304E-6	38	91	0	6.976E-5	4.46464E-5
38	92	0	3.2189E-4	2.0601E-4	38	93	0	0.00106225	6.7984E-4
38	94	0	0.00255418	0.00163467	38	95	0	0.00419722	0.00268622
38	96	0	0.00424625	0.0027176	38	97	0	0.00374566	0.00239722
38	98	0	0.00228409	0.00146182	38	99	0	0.00117878	7.54418E-4
38	100	0	2.2707E-4	1.45325E-4	38	101	0	2.57267E-5	1.64651E-5
38	102	0	1.76984E-6	1.1327E-6	38	103	0	1.57898E-7	1.01055E-7
38	104	0	1.96E-9	1.2544E-9	38	105	0	5.05744E-11	3.23676E-11
38	106	0	4.97641E-12	3.1849E-12	39	87	0	3.52E-14	2.2528E-14
39	88	0	3.13E-12	2.0032E-12	39	89	0	3.63E-11	2.3232E-11
39	89	1	1.55E-10	9.92E-11	39	90	1	5.0E-9	3.2E-9
39	90	0	5.0E-9	3.2E-9	39	91	1	1.81E-7	1.1584E-7
39	91	0	1.81E-7	1.1584E-7	39	92	0	4.42E-6	2.8288E-6
39	93	1	1.926E-5	1.23264E-5	39	93	0	1.926E-5	1.23264E-5
39	94	0	2.3856E-4	1.52678E-4	39	95	0	9.7238E-4	6.22323E-4
39	96	0	2.3987E-4	1.53517E-4	39	96	1	0.00215876	0.00138161
39	97	1	0.00254759	0.00163046	39	97	0	0.00254759	0.00163046
39	98	0	0.00397875	0.0025464	39	98	1	0.00397799	0.00254591
39	99	0	0.011064	0.00354047	39	100	0	0.00599505	0.00383683
39	101	0	0.00204291	0.00130746	39	102	0	4.4835E-4	2.86944E-4
39	103	0	6.27521E-5	4.01613E-5	39	104	0	5.28E-6	3.3792E-6
39	105	0	3.13161E-7	2.00423E-7	39	106	0	2.61719E-8	1.675E-8
39	107	0	1.07683E-10	6.8917E-11	39	108	0	5.01299E-12	3.20831E-12
40	90	1	6.0E-13	3.84E-13	40	90	0	6.0E-13	3.84E-13
40	91	0	1.24E-10	7.936E-11	40	92	0	4.19E-9	2.6816E-9
40	93	0	1.02E-7	6.528E-8	40	94	0	1.75E-6	1.12E-6
40	95	0	1.916E-5	1.22624E-5	40	96	0	1.2649E-4	8.09536E-5
40	97	0	6.9514E-4	4.4489E-4	40	98	0	0.00282193	0.00180603
40	99	0	0.0100129	0.00320414	40	100	0	0.0144423	0.00462153
40	101	0	0.0134076	0.00429044	40	102	0	0.00855828	0.0054773
40	103	0	0.0036557	0.00233965	40	104	0	9.4569E-4	6.05241E-4
40	105	0	1.85917E-4	1.18987E-4	40	106	0	1.82938E-5	1.1708E-5
40	107	0	9.96057E-7	6.37477E-7	40	108	0	5.4595E-8	3.49408E-8
40	109	0	7.68598E-10	4.91903E-10	40	110	0	3.54E-11	2.2656E-11
40	111	0	6.20807E-12	3.97317E-12	41	92	0	2.5E-13	1.6E-13
41	93	0	1.43E-11	9.152E-12	41	93	1	3.35E-12	2.144E-12
41	94	0	5.07E-10	3.2448E-10	41	94	1	3.52E-10	2.2528E-10
41	95	0	2.16E-8	1.3824E-8	41	95	1	5.06E-9	3.2384E-9
41	96	0	5.03E-7	3.2192E-7	41	97	0	6.28E-6	4.0192E-6
41	97	1	1.47E-6	9.408E-7	41	98	0	6.784E-5	4.34176E-5
41	98	1	2.261E-5	1.44704E-5	41	99	0	7.077E-5	4.52928E-5
41	99	1	8.1388E-4	5.20883E-4	41	100	0	0.00177232	0.00113428
41	100	1	0.00177232	0.00113428	41	101	0	0.00883845	0.00565661
41	102	1	0.00765853	0.00490146	41	102	0	0.00765853	0.00490146
41	103	0	0.0180723	0.00578315	41	104	1	0.00655194	0.00419324
41	104	0	0.00655194	0.00419324	41	105	0	0.00736842	0.00471579
41	106	0	0.00209394	0.00134012	41	107	0	3.95854E-4	2.53346E-4
41	108	0	5.342E-5	3.41888E-5	41	109	0	4.75923E-6	3.04591E-6
41	110	0	3.07E-7	1.9648E-7	41	111	0	3.8441E-8	2.46022E-8
41	112	0	1.59755E-10	1.02243E-10	41	113	0	1.71082E-11	1.09493E-11
42	94	0	2.61E-14	1.6704E-14	42	95	0	2.35E-12	1.504E-12
42	96	0	1.31E-10	8.384E-11	42	97	0	5.91E-9	3.7824E-9
42	98	0	2.1E-7	1.344E-7	42	99	0	6.15E-6	3.936E-6
42	100	0	7.544E-5	4.82816E-5	42	101	0	5.5408E-4	3.54611E-4
42	102	0	0.00277164	0.00177385	42	103	0	0.00906363	0.00580072
42	104	0	0.0174228	0.00557529	42	105	0	0.0256659	0.00821309
42	106	0	0.019205	0.00614559	42	107	0	0.00996505	0.00637763
42	108	0	0.00362447	0.00231966	42	109	0	9.2403E-4	5.91379E-4
42	110	0	1.6951E-4	1.08486E-4	42	111	0	2.28215E-5	1.46058E-5
42	112	0	1.73984E-6	1.1135E-6	42	113	0	1.5825E-7	1.0128E-7
42	114	0	2.37E-9	1.5168E-9	42	115	0	5.68639E-11	3.63929E-11
42	116	0	3.4E-13	2.176E-13	43	97	1	1.41E-13	9.024E-14
43	97	0	1.41E-13	9.024E-14	43	98	0	3.14E-11	2.0096E-11
43	99	0	2.32E-9	1.4848E-9	43	99	1	5.43E-10	3.4752E-10
43	100	0	1.14E-7	7.296E-8	43	101	0	2.66E-6	1.7024E-6
43	102	0	2.111E-5	1.35104E-5	43	102	1	2.111E-5	1.35104E-5
43	103	0	4.2215E-4	2.70176E-4	43	104	0	0.00231943	0.00148443
43	105	0	0.00912626	0.00584081	43	106	0	0.0173949	0.00556637
43	107	0	0.0229303	0.00733771	43	108	0	0.0206369	0.00660382
43	109	0	0.0137816	0.00441011	43	110	0	0.00670659	0.00429222
43	111	0	0.00241497	0.00154558	43	112	0	5.309E-4	3.39776E-4
43	113	0	6.28917E-5	4.02507E-5	43	114	0	6.76E-6	4.3264E-6
43	115	0	3.52106E-7	2.25348E-7	43	116	0	1.03E-8	6.592E-9
43	117	0	1.15664E-10	7.40251E-11	43	118	0	3.6817E-12	2.35629E-12
44	99	0	8.23E-14	5.2672E-14	44	100	0	1.09E-11	6.976E-12
44	101	0	8.4E-10	5.376E-10	44	102	0	4.47E-8	2.8608E-8
44	103	0	1.47E-6	9.408E-7	44	104	0	2.52E-5	1.6128E-5
44	105	0	2.9181E-4	1.86758E-4	44	106	0	0.00153558	9.82771E-4
44	107	0	0.00537132	0.00343764	44	108	0	0.0118673	0.00379754
44	109	1	0.00981963	0.00628457	44	109	0	0.00981963	0.00628457
44	110	0	0.0233649	0.00747678	44	111	0	0.0206085	0.00659473
44	112	0	0.0120619	0.00385981	44	113	0	0.00406187	0.0025996
44	114	0	0.0012774	8.17536E-4	44	115	0	2.09038E-4	1.33784E-4
44	116	0	1.952E-5	1.24928E-5	44	117	0	1.06988E-6	6.84726E-7
44	118	0	4.00963E-8	2.56616E-8	44	119	0	1.07E-9	6.848E-10
44	120	0	1.83E-11	1.1712E-11	44	121	0	9.88198E-13	6.32447E-13
45	101	1	1.32E-14	8.448E-15	45	102	0	1.49E-12	9.536E-13
45	102	1	1.49E-12	9.536E-13	45	103	0	4.33E-11	2.7712E-11
45	103	1	2.9E-10	1.856E-10	45	104	0	4.67E-9	2.9888E-9
45	104	1	1.4E-8	8.96E-9	45	105	0	5.9E-7	3.776E-7
45	105	1	8.82E-8	5.6448E-8	45	106	0	5.34E-6	3.4176E-6
45	106	1	5.34E-6	3.4176E-6	45	107	0	1.086E-4	6.9504E-5
45	108	0	3.2078E-4	2.05299E-4	45	108	1	3.2078E-4	2.05299E-4
45	109	0	0.00140228	8.97459E-4	45	109	1	0.00140255	8.97632E-4
45	110	0	0.00415405	0.00265859	45	110	1	0.00415405	0.00265859
45	111	0	0.0174387	0.00558039	45	112	0	0.0253274	0.00810477
45	113	0	0.022062	0.00705984	45	114	0	0.0185902	0.00594886
45	115	0	0.00894295	0.00572349	45	116	0	0.00247898	0.00158655
45	117	0	4.145E-4	2.6528E-4	45	118	0	4.619E-5	2.95616E-5
45	119	0	3.59E-6	2.2976E-6	45	120	0	1.82E-7	1.1648E-7
45	121	0	6.11901E-9	3.91617E-9	46	104	0	8.66E-13	5.5424E-13
46	105	0	1.01E-10	6.464E-11	46	106	0	4.96E-9	3.1744E-9
46	107	0	5.43E-8	3.4752E-8	46	107	1	1.01E-7	6.464E-8
46	108	0	2.62E-6	1.6768E-6	46	109	0	1.153E-5	7.3792E-6
46	109	1	2.142E-5	1.37088E-5	46	110	0	2.656E-4	1.69984E-4
46	111	0	5.009E-4	3.20576E-4	46	111	1	9.3025E-4	5.9536E-4
46	112	0	0.00540283	0.00345781	46	113	0	0.0120952	0.00387045
46	114	0	0.0259071	0.00829026	46	115	0	0.0334035	0.0106891
46	116	0	0.0250392	0.00801254	46	117	0	0.0118007	0.00377621
46	118	0	0.00366241	0.00234394	46	119	0	7.9531E-4	5.08998E-4
46	120	0	1.1518E-4	7.37152E-5	46	121	0	1.094E-5	7.0016E-6
46	122	0	1.84E-12	1.1776E-12	46	123	0	4.71E-14	3.0144E-14
47	106	0	4.28E-14	2.7392E-14	47	106	1	1.0E-13	6.4E-14
47	107	0	1.83E-12	1.1712E-12	47	107	1	1.22E-11	7.808E-12
47	108	1	3.51E-10	2.2464E-10	47	108	0	3.51E-10	2.2464E-10
47	109	1	1.325E-8	8.48E-9	47	109	0	1.325E-8	8.48E-9
47	110	0	1.85E-7	1.184E-7	47	110	1	4.32E-7	2.7648E-7
47	111	0	1.19E-6	7.616E-7	47	111	1	7.99E-6	5.1136E-6
47	112	0	9.857E-5	6.30848E-5	47	113	0	8.107E-5	5.18848E-5
47	113	1	5.4254E-4	3.47226E-4	47	114	0	0.00361196	0.00231165
47	115	0	0.0063676	0.00407526	47	115	1	0.00636328	0.0040725
47	116	0	0.0124159	0.00397308	47	116	1	0.0124159	0.00397308
47	117	0	0.0152276	0.00487282	47	117	1	0.0152276	0.00487282
47	118	0	0.0120182	0.00384582	47	118	1	0.0120182	0.00384582
47	119	0	0.0134153	0.0042929	47	120	1	0.00258854	0.00165667
47	120	0	0.00258854	0.00165667	47	121	0	0.00131768	8.43315E-4
47	122	1	2.335E-6	1.4944E-6	47	122	0	2.335E-6	1.4944E-6
47	123	0	4.96E-7	3.1744E-7	47	124	0	5.02E-8	3.2128E-8
47	125	0	8.53E-9	5.4592E-9	47	126	0	4.66E-13	2.9824E-13
47	127	0	9.23E-14	5.9072E-14	47	128	0	2.08E-14	1.3312E-14
47	129	0	2.00175E-15	1.28112E-15	47	131	0	4.02122E-10	2.57358E-10
47	132	0	2.01989E-11	1.29273E-11	48	108	0	1.15E-14	7.36E-15
48	109	0	1.34E-12	8.576E-13	48	110	0	9.23E-11	5.9072E-11
48	111	0	9.05E-10	5.792E-10	48	111	1	3.03E-9	1.9392E-9
48	112	0	1.26E-7	8.064E-8	48	113	0	5.56E-7	3.5584E-7
48	113	1	1.86E-6	1.1904E-6	48	114	0	4.134E-5	2.64576E-5
48	115	0	1.0093E-4	6.45952E-5	48	115	1	3.3791E-4	2.16262E-4
48	116	0	0.00241521	0.00154573	48	117	0	0.00184359	0.0011799
48	117	1	0.00617203	0.0039501	48	118	0	0.0158451	0.00507042
48	119	0	0.0107133	0.00342825	48	119	1	0.0107133	0.00342825
48	120	0	0.0202583	0.00648265	48	121	1	0.00634099	0.00405823
48	121	0	0.00634099	0.00405823	48	122	0	0.00572532	0.0036642
48	123	0	0.00226613	0.00145032	48	124	0	7.0539E-4	4.5145E-4
48	125	0	2.562E-4	1.63968E-4	48	126	0	1.38E-6	8.832E-7
48	127	0	5.58E-7	3.5712E-7	48	128	0	2.57E-7	1.6448E-7
48	129	0	4.9E-8	3.136E-8	48	130	0	3.44E-9	2.2016E-9
48	131	0	3.7196E-6	2.38054E-6	48	132	0	2.1998E-7	1.40787E-7
48	133	0	1.99739E-9	1.27833E-9	48	134	0	7.36E-11	4.7104E-11
48	135	0	7.68813E-12	4.9204E-12	49	111	0	1.04E-13	6.656E-14
49	112	0	1.94E-12	1.2416E-12	49	112	1	8.29E-12	5.3056E-12
49	113	0	4.96E-10	3.1744E-10	49	113	1	1.16E-10	7.424E-11
49	114	0	8.1E-9	5.184E-9	49	114	1	2.43E-8	1.5552E-8
49	115	0	8.97E-7	5.7408E-7	49	115	1	2.1E-7	1.344E-7
49	116	2	6.22E-6	3.9808E-6	49	116	0	6.22E-6	3.9808E-6
49	116	1	6.22E-6	3.9808E-6	49	117	0	1.4919E-4	9.54816E-5
49	117	1	3.5E-5	2.24E-5	49	118	2	1.24165E-4	7.94656E-5
49	118	0	7.4499E-4	4.76794E-4	49	118	1	1.24165E-4	7.94656E-5
49	119	0	0.00279046	0.00178589	49	119	1	6.5455E-4	4.18912E-4
49	120	2	0.00269375	0.001724	49	120	0	0.00269375	0.001724
49	120	1	0.00269375	0.001724	49	121	0	0.0095417	0.00305334
49	121	1	0.0022837	0.00146157	49	122	2	0.00563189	0.00360441
49	122	0	0.00563189	0.00360441	49	122	1	0.00563189	0.00360441
49	123	0	0.0131201	0.00419843	49	123	1	0.00307756	0.00196964
49	124	1	0.00562395	0.00359933	49	124	0	0.00562395	0.00359933
49	125	0	0.00362069	0.00231724	49	125	1	0.00362069	0.00231724
49	126	1	9.79465E-4	6.26857E-4	49	126	0	9.79465E-4	6.26857E-4
49	127	0	7.6067E-4	4.86829E-4	49	127	1	7.6067E-4	4.86829E-4
49	128	1	6.8152E-4	4.36173E-4	49	128	0	6.8152E-4	4.36173E-4
49	129	0	4.3221E-4	2.76614E-4	49	129	1	4.3221E-4	2.76614E-4
49	130	2	9.34166E-5	5.97867E-5	49	130	1	9.34166E-5	5.97867E-5
49	130	0	9.34166E-5	5.97867E-5	49	131	1	4.0167E-4	2.57069E-4
49	131	0	4.0167E-4	2.57069E-4	49	132	0	1.4706E-4	9.41184E-5
49	133	0	1.2368E-5	7.91552E-6	49	134	0	5.7E-7	3.648E-7
49	135	0	4.76056E-8	3.04676E-8	49	136	0	2.84E-10	1.8176E-10
49	137	0	6.05345E-12	3.87421E-12	50	114	0	1.59E-12	1.0176E-12
50	115	0	1.8E-10	1.152E-10	50	116	0	9.68E-9	6.1952E-9
50	117	1	1.505E-7	9.632E-8	50	117	0	1.505E-7	9.632E-8
50	118	0	4.76E-6	3.0464E-6	50	119	0	1.06E-5	6.784E-6
50	119	1	3.549E-5	2.27136E-5	50	120	0	2.9304E-4	1.87546E-4
50	121	0	3.23E-4	2.0672E-4	50	121	1	7.908E-4	5.06112E-4
50	122	0	3.3265E-4	2.12896E-4	50	123	0	6.545E-4	4.1888E-4
50	123	1	2.6733E-4	1.71091E-4	50	124	0	0.00143899	9.20953E-4
50	125	0	0.00108989	6.97529E-4	50	125	1	4.4517E-4	2.84909E-4
50	126	0	0.00634442	0.00285499	50	127	0	0.00542396	0.00244078
50	127	1	0.00221554	0.00141795	50	128	1	0.00539914	0.00345545
50	128	0	0.00539914	0.00345545	50	129	0	0.0115828	0.0037065
50	129	1	0.00472955	0.00302691	50	130	1	0.00871539	0.00557785
50	130	0	0.00871539	0.00557785	50	131	1	0.00660905	0.00422979
50	131	0	0.00660905	0.00422979	50	132	0	0.00695748	0.00445279
50	133	0	0.00184024	0.00117775	50	134	0	2.8273E-4	1.80947E-4
50	135	0	2.82624E-5	1.80879E-5	50	136	0	1.49E-6	9.536E-7
50	137	0	5.59939E-8	3.58361E-8	50	138	0	1.35E-9	8.64E-10
50	139	0	3.37473E-11	2.15983E-11	51	117	0	3.14E-11	2.0096E-11
51	118	0	6.17E-10	3.9488E-10	51	118	1	8.88E-10	5.6832E-10
51	119	0	4.26E-8	2.7264E-8	51	120	0	3.2E-7	2.048E-7
51	120	1	4.6E-7	2.944E-7	51	121	0	8.16E-6	5.2224E-6
51	122	0	2.47E-9	1.5808E-9	51	122	1	2.78E-9	1.7792E-9
51	123	0	5.76E-8	3.6864E-8	51	124	2	9.26666E-8	5.93067E-8
51	124	0	9.26666E-8	5.93067E-8	51	124	1	9.26666E-8	5.93067E-8
51	125	0	6.18E-7	3.9552E-7	51	126	2	4.4565E-5	2.85216E-5
51	126	0	5.234E-5	3.34976E-5	51	126	1	4.4565E-5	2.85216E-5
51	127	0	2.911E-4	1.86304E-4	51	128	0	2.5439E-4	1.6281E-4
51	128	1	4.3316E-4	2.77222E-4	51	129	0	0.00243487	0.00155832
51	130	0	0.00254816	0.00163082	51	130	1	0.00433877	0.00277681
51	131	0	0.0206403	0.00660491	51	132	0	0.0165438	0.00529402
51	132	1	0.01198	0.0038336	51	133	0	0.0214853	0.0068753
51	134	1	0.0050524	0.00323354	51	134	0	0.0050524	0.00323354
51	135	0	0.00307093	0.00196539	51	136	0	5.0584E-4	3.23738E-4
51	137	0	5.943E-5	3.80352E-5	51	138	0	4.44E-6	2.8416E-6
51	139	0	2.08966E-7	1.33738E-7	51	140	0	1.08707E-9	6.95722E-10
51	141	0	8.82329E-11	5.64691E-11	51	142	0	2.26778E-12	1.45138E-12
52	118	0	2.92E-14	1.8688E-14	52	119	0	2.47E-12	1.5808E-12
52	120	0	1.34E-10	8.576E-11	52	121	1	2.005E-9	1.2832E-9
52	121	0	2.005E-9	1.2832E-9	52	124	0	2.29E-14	1.4656E-14
52	125	0	2.6E-14	1.664E-14	52	125	1	8.7E-14	5.568E-14
52	126	0	2.6E-9	1.664E-9	52	127	0	3.1E-9	1.984E-9
52	127	1	7.58E-9	4.8512E-9	52	128	0	4.99E-8	3.1936E-8
52	129	0	1.7E-7	1.088E-7	52	129	1	4.16E-7	2.6624E-7
52	130	0	7.11E-6	4.5504E-6	52	131	0	9.3988E-4	6.01523E-4
52	131	1	0.00230107	0.00147268	52	132	0	0.0119128	0.0038121
52	133	0	0.00708285	0.00453302	52	133	1	0.0173407	0.00554903
52	134	0	0.0319524	0.0102248	52	135	0	0.026797	0.00857504
52	136	0	0.0126983	0.00406346	52	137	0	0.00435862	0.00278952
52	138	0	9.5676E-4	6.12326E-4	52	139	0	1.358E-4	8.6912E-5
52	140	0	1.18389E-5	7.5769E-6	52	141	0	8.16147E-7	5.22334E-7
52	142	0	2.46977E-8	1.58065E-8	52	143	0	1.83231E-10	1.17268E-10
52	144	0	1.91016E-11	1.2225E-11	53	121	0	1.22E-13	7.808E-14
53	129	0	6.15E-14	3.936E-14	53	130	0	2.54E-12	1.6256E-12
53	130	1	1.09E-12	6.976E-13	53	131	0	4.225E-5	2.704E-5
53	132	1	2.2712E-4	1.45357E-4	53	132	0	2.2712E-4	1.45357E-4
53	133	1	0.00137238	8.78326E-4	53	133	0	0.00137238	8.78326E-4
53	134	0	0.00603267	0.00386091	53	134	1	0.00437002	0.00279681
53	135	0	0.0231579	0.00741053	53	136	0	0.0146133	0.00467627
53	136	1	0.0145555	0.00465776	53	137	0	0.0266241	0.00851973
53	138	0	0.0157422	0.00503749	53	139	0	0.00626235	0.0040079
53	140	0	0.00162757	0.00104164	53	141	0	3.24354E-4	2.07586E-4
53	142	0	3.352E-5	2.14528E-5	53	143	0	1.13458E-6	7.26131E-7
53	144	0	1.00459E-7	6.42938E-8	53	145	0	6.02103E-10	3.85346E-10
53	146	0	2.56158E-11	1.63941E-11	53	147	0	1.02427E-11	6.55533E-12
54	131	0	1.1E-8	7.04E-9	54	131	1	2.69E-8	1.7216E-8
54	132	0	1.28E-6	8.192E-7	54	133	0	7.2E-6	4.608E-6
54	133	1	1.763E-5	1.12832E-5	54	134	0	9.019E-5	5.77216E-5
54	134	1	2.1043E-4	1.34675E-4	54	135	0	5.6661E-4	3.6263E-4
54	135	1	0.00138713	8.87763E-4	54	136	0	0.00684643	0.00438171
54	137	0	0.0163214	0.00522285	54	138	0	0.0244507	0.00782423
54	139	0	0.0250412	0.00801317	54	140	0	0.0176555	0.00564975
54	141	0	0.00998319	0.00319462	54	142	0	0.0031078	0.00198899
54	143	1	3.36788E-4	2.15544E-4	54	143	0	3.36788E-4	2.15544E-4
54	144	0	7.02195E-5	4.49405E-5	54	145	0	5.5694E-6	3.56441E-6
54	146	0	2.78974E-7	1.78544E-7	54	147	0	9.47441E-8	6.06362E-8
54	148	0	1.86E-10	1.1904E-10	54	149	0	8.9292E-12	5.71469E-12
54	150	0	1.81E-14	1.1584E-14	55	131	0	2.14E-12	1.3696E-12
55	132	0	2.32E-10	1.4848E-10	55	133	0	1.52E-8	9.728E-9
55	134	1	3.135E-7	2.0064E-7	55	134	0	3.135E-7	2.0064E-7
55	135	1	6.44E-6	4.1216E-6	55	135	0	6.44E-6	4.1216E-6
55	136	1	6.921E-5	4.42944E-5	55	136	0	6.921E-5	4.42944E-5
55	137	0	9.5505E-4	6.11232E-4	55	138	0	0.00192952	0.00123489
55	138	1	0.00192995	0.00123517	55	139	0	0.0102357	0.00327543
55	140	0	0.0187454	0.00431145	55	141	0	0.027606	0.00883391
55	142	0	0.0235232	0.00752743	55	143	0	0.0142239	0.00455165
55	144	0	0.00430237	0.00275352	55	145	0	9.9828E-4	6.38899E-4
55	146	0	1.4988E-4	9.59232E-5	55	147	0	3.76533E-5	2.40981E-5
55	148	0	9.23E-7	5.9072E-7	55	149	0	5.52904E-8	3.53859E-8
55	150	0	8.65E-10	5.536E-10	55	151	0	1.91677E-11	1.22674E-11
55	152	0	4.01223E-13	2.56783E-13	56	133	0	5.79E-13	3.7056E-13
56	134	0	8.39E-11	5.3696E-11	56	135	1	2.835E-9	1.8144E-9
56	135	0	2.835E-9	1.8144E-9	56	136	1	9.9E-8	6.336E-8
56	136	0	9.9E-8	6.336E-8	56	137	0	1.23E-6	7.872E-7
56	137	1	3.0E-6	1.92E-6	56	138	0	5.031E-5	3.21984E-5
56	139	0	3.807E-4	2.43648E-4	56	140	0	0.00196215	0.00125578
56	141	0	0.00777785	0.00497782	56	142	0	0.0177466	0.00567891
56	143	0	0.0278623	0.00891595	56	144	0	0.0222555	0.00712176
56	145	0	0.0138268	0.00442456	56	146	0	0.00578089	0.00369977
56	147	0	0.00161559	0.00103398	56	148	0	2.9739E-4	1.9033E-4
56	149	0	3.28247E-5	2.10078E-5	56	150	0	2.54E-6	1.6256E-6
56	151	0	1.773E-7	1.13472E-7	56	152	0	4.3696E-9	2.79654E-9
56	153	0	8.9293E-11	5.71475E-11	56	154	0	1.36E-12	8.704E-13
57	135	0	1.54E-13	9.856E-14	57	137	0	1.23E-9	7.872E-10
57	138	0	4.52E-8	2.8928E-8	57	139	0	1.04E-6	6.656E-7
57	140	0	1.64E-5	1.0496E-5	57	141	0	1.9327E-4	1.23693E-4
57	142	0	0.00129102	8.26253E-4	57	143	0	0.00553793	0.00354427
57	144	0	0.0116963	0.0037428	57	145	0	0.018421	0.00589473
57	146	1	0.00983922	0.0062971	57	146	0	0.00983922	0.0062971
57	147	0	0.0144519	0.00462461	57	148	0	0.00710275	0.00454576
57	149	0	0.00223093	0.00142779	57	150	0	4.9194E-4	3.14842E-4
57	151	0	7.04627E-5	4.50961E-5	57	152	0	7.39E-6	4.7296E-6
57	153	0	5.52911E-7	3.53863E-7	57	154	0	2.06E-8	1.3184E-8
57	155	0	1.5566E-10	9.96226E-11	57	156	0	6.7299E-12	4.30713E-12
57	157	0	3.11321E-13	1.99245E-13	58	137	0	2.2E-14	1.408E-14
58	138	0	2.55E-12	1.632E-12	58	139	0	5.33E-11	3.4112E-11
58	139	1	1.3E-10	8.32E-11	58	140	0	9.25E-9	5.92E-9
58	141	0	3.43E-7	2.1952E-7	58	142	0	7.26E-6	4.6464E-6
58	143	0	9.364E-5	5.99296E-5	58	144	0	5.7288E-4	3.66643E-4
58	145	0	0.00244876	0.00156721	58	146	0	0.00683786	0.00437623
58	147	0	0.0125095	0.00400305	58	148	0	0.0156076	0.00499444
58	149	0	0.0127026	0.00406483	58	150	0	0.00733706	0.00469572
58	151	0	0.00286703	0.0018349	58	152	0	8.45E-4	5.408E-4
58	153	0	1.7818E-4	1.14035E-4	58	154	0	1.962E-5	1.25568E-5
58	155	0	1.43984E-6	9.215E-7	58	156	0	7.32933E-8	4.69077E-8
58	157	0	2.87969E-9	1.843E-9	58	158	0	7.1E-11	4.544E-11
58	159	0	2.06682E-12	1.32276E-12	58	160	0	1.06E-14	6.784E-15
59	140	0	3.24E-13	2.0736E-13	59	141	0	3.71E-11	2.3744E-11
59	142	1	1.355E-9	8.672E-10	59	142	0	1.355E-9	8.672E-10
59	143	0	1.11E-7	7.104E-8	59	144	0	2.1E-7	1.344E-7
59	144	1	1.89E-6	1.2096E-6	59	145	0	2.66E-5	1.7024E-5
59	146	0	2.1315E-4	1.36416E-4	59	147	0	0.00105192	6.73229E-4
59	148	1	0.00174499	0.00111679	59	148	0	0.00174499	0.00111679
59	149	0	0.00730543	0.00467547	59	150	0	0.0104597	0.0033471
59	151	0	0.0102228	0.00327129	59	152	0	0.00775011	0.00496007
59	153	0	0.0042556	0.00272358	59	154	0	0.00129723	8.30227E-4
59	155	0	2.6458E-4	1.69331E-4	59	156	0	3.839E-5	2.45696E-5
59	157	0	4.37E-6	2.7968E-6	59	158	0	3.16E-7	2.0224E-7
59	159	0	1.27979E-8	8.19068E-9	59	160	0	3.93E-10	2.5152E-10
59	161	0	5.3292E-12	3.41069E-12	59	162	0	1.48737E-13	9.51918E-14
60	142	0	6.23E-14	3.9872E-14	60	143	0	8.24E-12	5.2736E-12
60	144	0	5.04E-10	3.2256E-10	60	145	0	1.97E-8	1.2608E-8
60	146	0	4.82E-7	3.0848E-7	60	147	0	6.93E-6	4.4352E-6
60	148	0	6.703E-5	4.28992E-5	60	149	0	3.9491E-4	2.52742E-4
60	150	0	0.00149344	9.55801E-4	60	151	0	0.00371969	0.0023806
60	152	0	0.00701966	0.00449258	60	153	0	0.00935412	0.00598664
60	154	0	0.007214	0.00461696	60	155	0	0.00375716	0.00240458
60	156	0	0.0014434	9.23776E-4	60	157	0	4.493E-4	2.87552E-4
60	158	0	9.136E-5	5.84704E-5	60	159	0	1.038E-5	6.6432E-6
60	160	0	8.99E-7	5.7536E-7	60	161	0	4.92947E-8	3.15486E-8
60	162	0	1.61985E-9	1.0367E-9	60	163	0	2.66E-11	1.7024E-11
60	164	0	2.87E-13	1.8368E-13	60	165	0	7.83131E-15	5.01204E-15
61	145	0	9.14E-13	5.8496E-13	61	146	0	7.02E-11	4.4928E-11
61	147	0	3.05E-9	1.952E-9	61	148	0	2.72E-8	1.7408E-8
61	148	1	6.35E-8	4.064E-8	61	149	0	1.61E-6	1.0304E-6
61	150	0	1.754E-5	1.12256E-5	61	151	0	1.2196E-4	7.80544E-5
61	152	2	2.0656E-4	1.32198E-4	61	152	0	2.0656E-4	1.32198E-4
61	152	1	2.0656E-4	1.32198E-4	61	153	0	0.00209108	0.00133829
61	154	0	0.00202764	0.00129769	61	154	1	0.00202764	0.00129769
61	155	0	0.0051184	0.00327578	61	156	0	0.00480091	0.00307258
61	157	0	0.00374333	0.00239573	61	158	0	0.00197466	0.00126378
61	159	0	5.8775E-4	3.7616E-4	61	160	0	1.3735E-4	8.7904E-5
61	161	0	2.079E-5	1.33056E-5	61	162	0	1.91E-6	1.2224E-6
61	163	0	8.97E-8	5.7408E-8	61	164	0	2.78E-9	1.7792E-9
61	165	0	4.84922E-11	3.1035E-11	61	166	0	2.80948E-13	1.79807E-13
61	167	0	8.71265E-15	5.5761E-15	62	147	0	8.3E-14	5.312E-14
62	148	0	7.77E-12	4.9728E-12	62	149	0	4.32E-10	2.7648E-10
62	150	0	1.41E-8	9.024E-9	62	151	0	2.91E-7	1.8624E-7
62	152	0	4.31E-6	2.7584E-6	62	153	0	4.016E-5	2.57024E-5
62	154	0	2.1385E-4	1.36864E-4	62	155	0	6.968E-4	4.45952E-4
62	156	0	0.00163019	0.00104332	62	157	0	0.00309653	0.00198178
62	158	0	0.00396112	0.00253512	62	159	0	0.00283827	0.00181649
62	160	0	0.00164398	0.00105215	62	161	0	6.3833E-4	4.08531E-4
62	162	0	1.558E-4	9.9712E-5	62	163	0	1.988E-5	1.27232E-5
62	164	0	1.71E-6	1.0944E-6	62	165	0	8.43E-8	5.3952E-8
62	166	0	3.05972E-9	1.95822E-9	62	167	0	8.05913E-11	5.15784E-11
62	168	0	1.49E-12	9.536E-13	62	169	0	2.11526E-14	1.35377E-14
63	151	0	4.48E-11	2.8672E-11	63	152	2	6.66667E-10	4.26667E-10
63	152	0	6.66667E-10	4.26667E-10	63	152	1	6.66667E-10	4.26667E-10
63	153	0	5.43E-8	3.4752E-8	63	154	1	4.255E-7	2.7232E-7
63	154	0	4.255E-7	2.7232E-7	63	155	0	7.77E-6	4.9728E-6
63	156	0	4.955E-5	3.1712E-5	63	157	0	2.4801E-4	1.58726E-4
63	158	0	8.0626E-4	5.16006E-4	63	159	0	0.00139138	8.90483E-4
63	160	0	0.00191074	0.00122287	63	161	0	0.00176509	0.00112966
63	162	0	0.00104707	6.70125E-4	63	163	0	3.3536E-4	2.1463E-4
63	164	0	7.502E-5	4.80128E-5	63	165	0	9.89E-6	6.3296E-6
63	166	0	9.85E-7	6.304E-7	63	167	0	7.07E-8	4.5248E-8
63	168	0	3.71E-9	2.3744E-9	63	169	0	1.30979E-10	8.38264E-11
63	170	0	3.13E-12	2.0032E-12	63	171	0	1.69713E-14	1.08616E-14
63	172	0	4.45293E-16	2.84988E-16	64	152	0	5.76E-14	3.6864E-14
64	153	0	4.65E-12	2.976E-12	64	154	0	2.22E-10	1.4208E-10
64	155	0	5.92E-9	3.7888E-9	64	156	0	1.09E-7	6.976E-8
64	157	0	1.55E-6	9.92E-7	64	158	0	1.397E-5	8.9408E-6
64	159	0	6.321E-5	4.04544E-5	64	160	0	2.2E-4	1.408E-4
64	161	0	4.9809E-4	3.18778E-4	64	162	0	7.0611E-4	4.5191E-4
64	163	0	5.3563E-4	3.42803E-4	64	164	0	2.8682E-4	1.83565E-4
64	165	0	9.296E-5	5.94944E-5	64	166	0	2.353E-5	1.50592E-5
64	167	0	4.32E-6	2.7648E-6	64	168	0	6.13E-7	3.9232E-7
64	169	0	6.01E-8	3.8464E-8	64	170	0	4.03E-9	2.5792E-9
64	171	0	1.56983E-10	1.00469E-10	64	172	0	4.84955E-12	3.10371E-12
65	155	0	2.82E-13	1.8048E-13	65	156	0	1.39E-11	8.896E-12
65	156	1	1.54E-12	9.856E-13	65	157	0	6.46E-10	4.1344E-10
65	158	0	1.53E-8	9.792E-9	65	158	1	1.69E-9	1.0816E-9
65	159	0	2.14E-7	1.3696E-7	65	160	0	2.04E-6	1.3056E-6
65	161	0	1.236E-5	7.9104E-6	65	162	0	2.268E-5	1.45152E-5
65	162	1	2.268E-5	1.45152E-5	65	163	0	8.612E-5	5.51168E-5
65	164	0	1.1182E-4	7.15648E-5	65	165	0	8.613E-5	5.51232E-5
65	166	0	5.173E-5	3.31072E-5	65	167	0	2.24E-5	1.4336E-5
65	168	0	7.9E-6	5.056E-6	65	169	0	1.99E-6	1.2736E-6
65	170	0	3.54E-7	2.2656E-7	65	171	0	3.66E-8	2.3424E-8
65	172	0	3.16E-9	2.0224E-9	66	157	0	1.66E-14	1.0624E-14
66	158	0	1.3E-12	8.32E-13	66	159	0	4.72E-11	3.0208E-11
66	160	0	1.29E-9	8.256E-10	66	161	0	2.19E-8	1.4016E-8
66	162	0	2.23E-7	1.4272E-7	66	163	0	1.15E-6	7.36E-7
66	164	0	3.95E-6	2.528E-6	66	165	0	6.78E-6	4.3392E-6
66	165	1	1.01E-6	6.464E-7	66	166	0	1.156E-5	7.3984E-6
66	167	0	1.176E-5	7.5264E-6	66	168	0	9.82E-6	6.2848E-6
66	169	0	5.9E-6	3.776E-6	66	170	0	2.56E-6	1.6384E-6
66	171	0	6.49E-7	4.1536E-7	66	172	0	1.46E-7	9.344E-8
67	161	0	2.16E-12	1.3824E-12	67	161	1	3.23E-13	2.0672E-13
67	162	0	2.18E-11	1.3952E-11	67	162	1	5.08E-11	3.2512E-11
67	163	0	9.25E-10	5.92E-10	67	163	1	1.38E-10	8.832E-11
67	164	0	3.07E-9	1.9648E-9	67	164	1	7.17E-9	4.5888E-9
67	165	0	5.56E-8	3.5584E-8	67	166	0	6.66E-8	4.2624E-8
67	166	1	1.55E-7	9.92E-8	67	167	0	5.76E-7	3.6864E-7
67	168	0	1.22E-6	7.808E-7	67	169	0	1.78E-6	1.1392E-6
67	170	0	9.23E-7	5.9072E-7	67	170	1	9.23E-7	5.9072E-7
67	171	0	1.09E-6	6.976E-7	67	172	0	5.83E-7	3.7312E-7
68	163	0	6.17E-14	3.9488E-14	68	164	0	1.71E-12	1.0944E-12
68	165	0	2.66E-11	1.7024E-11	68	166	0	3.0E-10	1.92E-10
68	167	0	1.84E-9	1.1776E-9	68	167	1	2.75E-10	1.76E-10
68	168	0	1.22E-8	7.808E-9	68	169	0	4.78E-8	3.0592E-8
68	170	0	1.28E-7	8.192E-8	68	171	0	1.83E-7	1.1712E-7
68	172	0	2.38E-7	1.5232E-7	69	166	0	2.57E-14	1.6448E-14
69	167	0	5.06E-13	3.2384E-13	69	168	0	8.34E-12	5.3376E-12
69	169	0	9.19E-11	5.8816E-11	69	170	0	6.81E-10	4.3584E-10
69	171	0	2.58E-9	1.6512E-9	69	172	0	8.85E-9	5.664E-9
70	170	0	2.4E-13	1.536E-13	70	171	0	2.51E-12	1.6064E-12
70	172	0	2.42E-11	1.5488E-11