Z	A	FPS	Yield	Uncertainty	Z	A	FPS	Yield	Uncertainty
23	66	0	1.17379E-16	7.51224E-17	24	66	0	4.02893E-13	2.57851E-13
24	67	0	2.28006E-14	1.45924E-14	25	66	0	3.07008E-10	1.96485E-10
25	67	0	4.49011E-11	2.87367E-11	25	68	0	4.29011E-12	2.74567E-12
25	69	0	3.17008E-13	2.02885E-13	25	70	0	1.56004E-14	9.98425E-15
26	66	0	2.05005E-8	1.31203E-8	26	67	0	7.46019E-9	4.77452E-9
26	68	0	1.85005E-9	1.18403E-9	26	69	0	3.51009E-10	2.24646E-10
26	70	0	4.46011E-11	2.85447E-11	26	71	0	4.35011E-12	2.78407E-12
26	72	0	2.42006E-13	1.54884E-13	26	73	0	1.05003E-14	6.72017E-15
27	66	0	1.39003E-7	8.89622E-8	27	67	0	1.18003E-7	7.55219E-8
27	68	0	7.20018E-8	4.60812E-8	27	69	0	3.36008E-8	2.15045E-8
27	70	0	1.07003E-8	6.84817E-9	27	71	0	2.65007E-9	1.69604E-9
27	72	0	3.8901E-10	2.48966E-10	27	73	0	4.40011E-11	2.81607E-11
27	74	0	3.39008E-12	2.16965E-12	27	75	0	1.61004E-13	1.03043E-13
28	66	0	1.12003E-7	7.16818E-8	28	67	0	2.12005E-7	1.35683E-7
28	68	0	2.97007E-7	1.90085E-7	28	69	0	3.17008E-7	2.02885E-7
28	70	0	2.38006E-7	1.52324E-7	28	71	0	1.43004E-7	9.15223E-8
28	72	0	5.33013E-8	3.41129E-8	28	73	0	1.52004E-8	9.72824E-9
28	74	0	3.00008E-9	1.92005E-9	28	75	0	3.77009E-10	2.41286E-10
28	76	0	3.79009E-11	2.42566E-11	28	77	0	2.60007E-12	1.66404E-12
28	78	0	1.33003E-13	8.51221E-14	28	79	0	1.12719E-14	7.21399E-15
29	66	0	1.05003E-8	6.72017E-9	29	67	0	4.56011E-8	2.91847E-8
29	68	0	4.41011E-8	2.82247E-8	29	68	1	1.03003E-7	6.59217E-8
29	69	0	3.50009E-7	2.24006E-7	29	70	0	1.47004E-7	9.40824E-8
29	70	1	4.40011E-7	2.81607E-7	29	71	0	7.9802E-7	5.10733E-7
29	72	0	7.05018E-7	4.51211E-7	29	73	0	4.80012E-7	3.07208E-7
29	74	0	2.31006E-7	1.47844E-7	29	75	0	7.42019E-8	4.74892E-8
29	76	0	1.89005E-8	1.20963E-8	29	77	0	3.34008E-9	2.13765E-9
29	78	0	4.43011E-10	2.83527E-10	29	79	0	3.86897E-11	2.47614E-11
29	80	0	2.51006E-12	1.60644E-12	29	81	0	1.05003E-13	6.72017E-14
30	66	0	9.58024E-11	6.13135E-11	30	67	0	1.03003E-9	6.59217E-10
30	68	0	8.1602E-9	5.22253E-9	30	69	0	8.66022E-9	5.54254E-9
30	69	1	3.69009E-8	2.36166E-8	30	70	0	1.75004E-7	1.12003E-7
30	71	0	1.01003E-7	6.46416E-8	30	71	1	4.31011E-7	2.75847E-7
30	72	0	1.07003E-6	6.84817E-7	30	73	0	1.63004E-6	1.04323E-6
30	74	0	1.79004E-6	1.14563E-6	30	75	0	1.38003E-6	8.83222E-7
30	76	0	8.48021E-7	5.42734E-7	30	77	0	3.69009E-7	2.36166E-7
30	78	0	1.23003E-7	7.8722E-8	30	79	0	2.81007E-8	1.79845E-8
30	80	0	4.70012E-9	3.00808E-9	30	81	0	5.14013E-10	3.28968E-10
30	82	0	4.65012E-11	2.97607E-11	30	83	0	2.22006E-12	1.42084E-12
30	84	0	7.9002E-14	5.05613E-14	31	66	0	7.53019E-14	4.81932E-14
31	67	0	2.08005E-12	1.33123E-12	31	68	0	4.29011E-11	2.74567E-11
31	69	0	5.97015E-10	3.8209E-10	31	70	0	5.59014E-9	3.57769E-9
31	71	0	4.0501E-8	2.59206E-8	31	72	1	9.65024E-8	6.17615E-8
31	72	0	9.65024E-8	6.17615E-8	31	73	0	6.67017E-7	4.26891E-7
31	74	1	8.20021E-7	5.24813E-7	31	74	0	8.20021E-7	5.24813E-7
31	75	0	2.86007E-6	1.83045E-6	31	76	0	3.9701E-6	2.54086E-6
31	77	0	3.9901E-6	2.55366E-6	31	78	0	3.15008E-6	2.01605E-6
31	79	0	1.79004E-6	1.14563E-6	31	80	0	7.44019E-7	4.76172E-7
31	81	0	2.06005E-7	1.31843E-7	31	82	0	4.78012E-8	3.05928E-8
31	83	0	6.07015E-9	3.8849E-9	31	84	0	5.62014E-10	3.59689E-10
31	85	0	4.1201E-11	2.63687E-11	31	86	0	1.82005E-12	1.16483E-12
31	87	0	1.54952E-13	9.9169E-14	32	68	0	1.89005E-14	1.20963E-14
32	69	0	6.82017E-13	4.36491E-13	32	70	0	1.63004E-11	1.04323E-11
32	71	0	1.49004E-10	9.53624E-11	32	71	1	1.49004E-10	9.53624E-11
32	72	0	3.61009E-9	2.31046E-9	32	73	0	2.44006E-8	1.56164E-8
32	73	1	5.73014E-9	3.66729E-9	32	74	0	1.75004E-7	1.12003E-7
32	75	0	9.32023E-8	5.96495E-8	32	75	1	6.24016E-7	3.9937E-7
32	76	0	2.24006E-6	1.43364E-6	32	77	0	4.34011E-6	2.77767E-6
32	77	1	6.49016E-7	4.1537E-7	32	78	0	8.80022E-6	5.63214E-6
32	79	1	5.81515E-6	3.72169E-6	32	79	0	5.81515E-6	3.72169E-6
32	80	0	1.12703E-5	7.21298E-6	32	81	0	7.46019E-6	4.77452E-6
32	82	0	4.25011E-6	2.72007E-6	32	83	0	1.38003E-6	8.83222E-7
32	84	0	3.26008E-7	2.08645E-7	32	85	0	6.16015E-8	3.9425E-8
32	86	0	7.24018E-9	4.63372E-9	32	87	0	5.31858E-10	3.40389E-10
32	88	0	3.31008E-11	2.11845E-11	32	89	0	1.87282E-12	1.1986E-12
33	71	0	1.87005E-13	1.19683E-13	33	72	0	5.97015E-12	3.8209E-12
33	73	0	1.27003E-10	8.1282E-11	33	74	0	5.54014E-10	3.54569E-10
33	74	1	1.29003E-9	8.25621E-10	33	75	0	1.91005E-8	1.22243E-8
33	76	0	1.42004E-7	9.08823E-8	33	77	0	7.42019E-7	4.74892E-7
33	78	0	2.98007E-6	1.90725E-6	33	79	0	8.98022E-6	5.74734E-6
33	80	0	1.93605E-5	1.23907E-5	33	81	0	2.87907E-5	1.84261E-5
33	82	0	1.88005E-5	1.20323E-5	33	82	1	1.88005E-5	1.20323E-5
33	83	0	2.94807E-5	1.88677E-5	33	84	1	8.40021E-6	5.37613E-6
33	84	0	8.40021E-6	5.37613E-6	33	85	0	7.8502E-6	5.02413E-6
33	86	0	2.38006E-6	1.52324E-6	33	87	0	4.59011E-7	2.93767E-7
33	88	0	7.57019E-8	4.84492E-8	33	89	0	6.42829E-9	4.1141E-9
33	90	0	1.73592E-10	1.11099E-10	33	91	0	2.55437E-11	1.6348E-11
33	92	0	1.5699E-12	1.00474E-12	34	73	0	3.63009E-14	2.32326E-14
34	74	0	1.68004E-12	1.07523E-12	34	75	0	4.57011E-11	2.92487E-11
34	76	0	8.64022E-10	5.52974E-10	34	77	0	1.46004E-9	9.34423E-10
34	77	1	9.75024E-9	6.24016E-9	34	78	0	1.09003E-7	6.97617E-8
34	79	0	6.97017E-7	4.46091E-7	34	79	1	1.04003E-7	6.65617E-8
34	80	0	3.9901E-6	2.55366E-6	34	81	0	1.74004E-6	1.11363E-6
34	81	1	1.16503E-5	7.45619E-6	34	82	0	3.8971E-5	2.49414E-5
34	83	0	5.63614E-5	3.60713E-5	34	83	1	1.32203E-5	8.46101E-6
34	84	0	8.97022E-5	5.74094E-5	34	85	0	4.85112E-5	3.10472E-5
34	85	1	4.85112E-5	3.10472E-5	34	86	0	7.17118E-5	4.58955E-5
34	87	0	3.45309E-5	2.20998E-5	34	88	0	1.45504E-5	9.31223E-6
34	89	0	3.29008E-6	2.10565E-6	34	90	0	5.95841E-7	3.81338E-7
34	91	0	8.76767E-8	5.61131E-8	34	92	0	5.38857E-9	3.44868E-9
34	93	0	1.35437E-10	8.66797E-11	34	94	0	5.24013E-12	3.35368E-12
35	77	0	3.42009E-12	2.18885E-12	35	77	1	1.14003E-11	7.29618E-12
35	78	0	3.70009E-10	2.36806E-10	35	79	0	1.61004E-9	1.03043E-9
35	79	1	5.38013E-9	3.44329E-9	35	80	0	2.15005E-8	1.37603E-8
35	80	1	6.44016E-8	4.1217E-8	35	81	0	6.95017E-7	4.44811E-7
35	82	0	3.32008E-6	2.12485E-6	35	82	1	1.42004E-6	9.08823E-7
35	83	0	1.98205E-5	1.26851E-5	35	84	0	2.06205E-5	1.31971E-5
35	84	1	3.66609E-5	2.3463E-5	35	85	0	1.37873E-4	8.8239E-5
35	86	0	1.16553E-4	7.45939E-5	35	86	1	1.16553E-4	7.45939E-5
35	87	0	2.61827E-4	1.67569E-4	35	88	0	2.64337E-4	1.69175E-4
35	89	0	1.50904E-4	9.65784E-5	35	90	0	6.89417E-5	4.41227E-5
35	91	0	2.68007E-5	1.71524E-5	35	92	0	4.32011E-6	2.76487E-6
35	93	0	4.64876E-7	2.97521E-7	35	94	0	3.05008E-8	1.95205E-8
35	95	0	5.15534E-10	3.29942E-10	35	96	0	8.1102E-11	5.19053E-11
35	97	0	5.35923E-12	3.42991E-12	36	78	0	1.04003E-13	6.65617E-14
36	79	1	2.61507E-12	1.67364E-12	36	79	0	2.61507E-12	1.67364E-12
36	80	0	1.65004E-10	1.05603E-10	36	81	0	2.95007E-9	1.88805E-9
36	81	1	4.41011E-10	2.82247E-10	36	82	0	5.79015E-8	3.70569E-8
36	83	0	4.90012E-7	3.13608E-7	36	83	1	1.15003E-7	7.36018E-8
36	84	0	4.1801E-6	2.67527E-6	36	85	0	1.89105E-5	1.21027E-5
36	85	1	4.44011E-6	2.84167E-6	36	86	0	9.14723E-5	5.85423E-5
36	87	0	2.34196E-4	1.49885E-4	36	88	0	5.37853E-4	3.44226E-4
36	89	0	7.22908E-4	4.62661E-4	36	90	0	7.7951E-4	4.98886E-4
36	91	0	7.52779E-4	4.81778E-4	36	92	0	3.02408E-4	1.93541E-4
36	93	0	8.31221E-5	5.31981E-5	36	94	0	1.45104E-5	9.28663E-6
36	95	0	1.76953E-6	1.1325E-6	36	96	0	2.77007E-7	1.77284E-7
36	97	0	1.83951E-8	1.17729E-8	36	98	0	7.50019E-10	4.80012E-10
36	99	0	5.44839E-11	3.48697E-11	36	100	0	3.9701E-13	2.54086E-13
37	81	0	1.39003E-12	8.89622E-13	37	83	0	1.68004E-9	1.07523E-9
37	84	0	2.93007E-8	1.87525E-8	37	85	0	4.0701E-7	2.60487E-7
37	86	1	1.97505E-6	1.26403E-6	37	86	0	1.97505E-6	1.26403E-6
37	87	0	2.44306E-5	1.56356E-5	37	88	0	1.31753E-4	8.43221E-5
37	89	0	4.1544E-4	2.65882E-4	37	90	0	1.93455E-4	1.23811E-4
37	90	1	8.24741E-4	5.27834E-4	37	91	0	0.00229402	0.00146817
37	92	0	0.00214563	0.00137321	37	93	0	0.0014099	9.02333E-4
37	94	0	6.19486E-4	3.96471E-4	37	95	0	1.94965E-4	1.24778E-4
37	96	0	7.8772E-5	5.04141E-5	37	97	0	1.39904E-5	8.95382E-6
37	98	0	1.55004E-6	9.92025E-7	37	99	0	1.87011E-7	1.19687E-7
37	100	0	6.21016E-9	3.9745E-9	37	101	0	2.31262E-10	1.48008E-10
37	102	0	1.25243E-11	8.01554E-12	38	83	0	3.8601E-13	2.47046E-13
38	84	0	1.75004E-11	1.12003E-11	38	85	1	3.13008E-10	2.00325E-10
38	85	0	3.13008E-10	2.00325E-10	38	86	0	1.59004E-8	1.01763E-8
38	87	0	2.04005E-7	1.30563E-7	38	87	1	4.79012E-8	3.06568E-8
38	88	0	3.42009E-6	2.18885E-6	38	89	0	2.70507E-5	1.73124E-5
38	90	0	1.58004E-4	1.01123E-4	38	91	0	8.44681E-4	5.40596E-4
38	92	0	0.00180019	0.00115212	38	93	0	0.00265928	0.00170194
38	94	0	0.00277608	0.00177669	38	95	0	0.00210452	0.00134689
38	96	0	0.00206293	0.00132028	38	97	0	9.34873E-4	5.98319E-4
38	98	0	2.70717E-4	1.73259E-4	38	99	0	5.33643E-5	3.41531E-5
38	100	0	7.7902E-6	4.98572E-6	38	101	0	7.93789E-7	5.08025E-7
38	102	0	4.29886E-8	2.75127E-8	38	103	0	8.35923E-10	5.34991E-10
38	104	0	2.82007E-11	1.80485E-11	39	85	0	7.8202E-14	5.00493E-14
39	87	0	2.24006E-10	1.43364E-10	39	88	0	8.0102E-9	5.12653E-9
39	89	0	3.20008E-8	2.04805E-8	39	89	1	1.36003E-7	8.70422E-8
39	90	1	1.25003E-6	8.0002E-7	39	90	0	1.25003E-6	8.0002E-7
39	91	1	1.70304E-5	1.08995E-5	39	91	0	1.70304E-5	1.08995E-5
39	92	0	1.75844E-4	1.1254E-4	39	93	1	3.09113E-4	1.97832E-4
39	93	0	3.09113E-4	1.97832E-4	39	94	0	0.00149926	9.59525E-4
39	95	0	0.00252595	0.00161661	39	96	0	5.90155E-4	3.77699E-4
39	96	1	0.00531137	0.00339928	39	97	1	0.00317467	0.00203179
39	97	0	0.00317467	0.00203179	39	98	0	0.00224479	0.00143666
39	98	1	0.00224475	0.00143664	39	99	0	0.00223342	0.00142939
39	100	0	8.38861E-4	5.36871E-4	39	101	0	2.19986E-4	1.40791E-4
39	102	0	3.27408E-5	2.09541E-5	39	103	0	2.86924E-6	1.83631E-6
39	104	0	1.82005E-7	1.16483E-7	39	105	0	3.12233E-9	1.99829E-9
39	106	0	2.04466E-10	1.30858E-10	40	87	0	1.60004E-14	1.02403E-14
40	88	0	1.54004E-12	9.85625E-13	40	89	0	8.86022E-11	5.67054E-11
40	90	1	1.74504E-9	1.11683E-9	40	90	0	1.74504E-9	1.11683E-9
40	91	0	1.27003E-7	8.1282E-8	40	92	0	1.69004E-6	1.08163E-6
40	93	0	1.49604E-5	9.57464E-6	40	94	0	9.12623E-5	5.84079E-5
40	95	0	3.9211E-4	2.5095E-4	40	96	0	0.00203776	0.00130417
40	97	0	0.00511006	0.00229953	40	98	0	0.00838689	0.00536761
40	99	0	0.00980952	0.00627809	40	100	0	0.0088699	0.00567674
40	101	0	0.00563331	0.00360532	40	102	0	0.00218711	0.00139975
40	103	0	5.25113E-4	3.36072E-4	40	104	0	9.54524E-5	6.10895E-5
40	105	0	1.07171E-5	6.85897E-6	40	106	0	7.01813E-7	4.4916E-7
40	107	0	7.867E-9	5.03488E-9	40	108	0	5.95015E-10	3.8081E-10
40	109	0	2.36505E-11	1.51363E-11	40	110	0	8.74022E-14	5.59374E-14
41	90	0	3.9401E-13	2.52166E-13	41	91	0	3.9501E-11	2.52806E-11
41	92	0	1.39003E-9	8.89622E-10	41	93	0	2.64007E-8	1.68964E-8
41	93	1	6.18015E-9	3.9553E-9	41	94	0	3.12008E-7	1.99685E-7
41	94	1	2.17005E-7	1.38883E-7	41	95	0	4.65012E-6	2.97607E-6
41	95	1	1.09003E-6	6.97617E-7	41	96	0	7.66819E-5	4.90764E-5
41	97	0	1.18563E-4	3.79402E-5	41	97	1	8.46721E-5	5.41902E-5
41	98	0	0.00141416	9.05059E-4	41	98	1	4.71462E-4	3.01736E-4
41	99	0	4.1451E-4	2.65287E-4	41	99	1	0.00476672	0.0030507
41	100	0	0.00543852	0.00348065	41	100	1	0.00543852	0.00348065
41	101	0	0.0157656	0.00504498	41	102	1	0.00742711	0.00475335
41	102	0	0.00742711	0.00475335	41	103	0	0.00911321	0.00583245
41	104	1	0.00223781	0.0014322	41	104	0	0.00223781	0.0014322
41	105	0	0.00139994	8.95958E-4	41	106	0	2.61127E-4	1.67121E-4
41	107	0	2.70028E-5	1.72818E-5	41	108	0	1.89005E-6	1.20963E-6
41	109	0	8.11784E-8	5.19542E-8	41	110	0	2.46006E-9	1.57444E-9
41	111	0	6.26214E-11	4.00777E-11	42	92	0	9.24023E-14	5.91375E-14
42	93	1	2.90007E-12	1.85605E-12	42	93	0	2.90007E-12	1.85605E-12
42	94	0	2.58006E-10	1.65124E-10	42	95	0	7.61019E-9	4.87052E-9
42	96	0	2.66007E-7	1.70244E-7	42	97	0	4.0801E-6	2.61127E-6
42	98	0	4.45811E-5	2.85319E-5	42	99	0	3.08178E-4	1.97234E-4
42	100	0	0.00158042	0.00101147	42	101	0	0.00532869	0.00341036
42	102	0	0.01196	0.00382722	42	103	0	0.0177737	0.0056876
42	104	0	0.0219027	0.00700886	42	105	0	0.0177058	0.00566586
42	106	0	0.00882776	0.00564977	42	107	0	0.00251905	0.00161219
42	108	0	4.98082E-4	3.18773E-4	42	109	0	6.18815E-5	3.96042E-5
42	110	0	5.48014E-6	3.50729E-6	42	111	0	2.14943E-7	1.37563E-7
42	112	0	5.95015E-9	3.8081E-9	42	113	0	1.36311E-10	8.72389E-11
42	114	0	7.23018E-13	4.62732E-13	43	95	0	6.62017E-13	4.23691E-13
43	95	1	1.55004E-13	9.92025E-14	43	97	1	1.60004E-9	1.02403E-9
43	97	0	1.60004E-9	1.02403E-9	43	98	0	9.46024E-8	6.05455E-8
43	99	0	1.41004E-6	9.02423E-7	43	99	1	3.31008E-7	2.11845E-7
43	100	0	2.33206E-5	1.49252E-5	43	101	0	1.95955E-4	1.25411E-4
43	102	0	5.57984E-4	3.5711E-4	43	102	1	5.57984E-4	3.5711E-4
43	103	0	0.0041696	0.00266855	43	104	0	0.0128598	0.00411512
43	105	0	0.0256968	0.00822297	43	106	0	0.0319425	0.0102216
43	107	0	0.0233054	0.00745774	43	108	0	0.012181	0.00389792
43	109	0	0.00413453	0.0026461	43	110	0	0.00102787	6.57834E-4
43	111	0	1.18643E-4	7.59315E-5	43	112	0	1.00703E-5	6.44496E-6
43	113	0	4.67875E-7	2.9944E-7	43	114	0	1.19003E-8	7.61619E-9
43	115	0	2.77573E-10	1.77647E-10	43	116	0	2.24006E-12	1.43364E-12
44	97	0	2.02005E-13	1.29283E-13	44	98	0	1.64004E-11	1.04963E-11
44	99	0	8.29021E-10	5.30573E-10	44	100	0	3.02008E-8	1.93285E-8
44	101	0	6.63017E-7	4.24331E-7	44	102	0	1.02103E-5	6.53456E-6
44	103	0	1.03303E-4	6.61137E-5	44	104	0	8.56651E-4	5.48257E-4
44	105	0	0.00444842	0.00284699	44	106	0	0.0139399	0.00446077
44	107	0	0.0251903	0.00806089	44	108	0	0.0326662	0.0104532
44	109	1	0.0140393	0.00898517	44	109	0	0.0140393	0.00898517
44	110	0	0.0182487	0.00583957	44	111	0	0.00583086	0.00373175
44	112	0	0.0014474	9.26334E-4	44	113	0	2.01975E-4	1.29264E-4
44	114	0	1.56904E-5	1.00419E-5	44	115	0	9.52746E-7	6.09758E-7
44	116	0	2.71007E-8	1.73444E-8	44	117	0	5.39014E-10	3.44969E-10
44	118	0	6.66017E-12	4.26251E-12	44	119	0	6.12015E-14	3.9169E-14
45	99	0	3.13008E-14	2.00325E-14	45	101	0	3.54009E-11	2.26566E-11
45	101	1	1.51004E-10	9.66424E-11	45	102	0	4.0101E-9	2.56646E-9
45	102	1	4.0101E-9	2.56646E-9	45	103	0	2.99007E-8	1.91365E-8
45	103	1	2.00005E-7	1.28003E-7	45	104	0	1.37003E-6	8.76822E-7
45	104	1	4.1001E-6	2.62407E-6	45	105	0	6.90117E-5	4.41675E-5
45	105	1	1.03103E-5	6.59857E-6	45	106	0	3.37688E-4	2.16121E-4
45	106	1	3.37688E-4	2.16121E-4	45	107	0	0.00320717	0.00205259
45	108	0	0.00528959	0.00338534	45	108	1	0.0052896	0.00238032
45	109	0	0.0113046	0.00361748	45	109	1	0.0113047	0.0036175
45	110	0	0.0181764	0.00581646	45	110	1	0.0181764	0.00581646
45	111	0	0.0298123	0.00953995	45	112	0	0.0200312	0.00640999
45	113	0	0.00785253	0.00502562	45	114	0	0.00177282	0.00113461
45	115	0	3.13758E-4	2.00805E-4	45	116	0	2.65207E-5	1.69732E-5
45	117	0	1.55004E-6	9.92025E-7	45	118	0	5.52014E-8	3.53289E-8
45	119	0	1.40004E-9	8.96022E-10	45	120	0	2.32006E-11	1.48484E-11
45	121	0	4.64012E-13	2.96967E-13	46	102	0	5.05013E-13	3.23208E-13
46	103	0	4.21011E-11	2.69447E-11	46	104	0	2.95007E-9	1.88805E-9
46	105	0	1.25003E-7	8.0002E-8	46	106	0	3.06008E-6	1.95845E-6
46	107	0	1.43604E-5	9.19063E-6	46	107	1	2.66707E-5	1.70692E-5
46	108	0	3.71469E-4	2.3774E-4	46	109	0	7.38378E-4	4.72562E-4
46	109	1	0.00137126	8.77609E-4	46	110	0	0.00871471	0.00557741
46	111	0	0.00638849	0.00408863	46	111	1	0.0118643	0.00379658
46	112	0	0.0316284	0.00506055	46	113	0	0.0323322	0.0103463
46	114	0	0.0196017	0.00627254	46	115	0	0.00944506	0.00604484
46	116	0	0.00224773	0.00143854	46	117	0	3.69949E-4	2.36768E-4
46	118	0	3.71309E-5	2.37638E-5	46	119	0	2.56006E-6	1.63844E-6
46	120	0	1.13003E-7	7.23218E-8	46	121	0	5.48014E-9	3.50729E-9
47	105	0	2.08005E-12	1.33123E-12	47	105	1	1.40004E-11	8.96022E-12
47	106	0	3.49009E-10	2.23366E-10	47	106	1	8.1502E-10	5.21613E-10
47	107	0	5.94015E-9	3.8017E-9	47	107	1	3.9801E-8	2.54726E-8
47	108	1	6.00015E-7	3.8401E-7	47	108	0	6.00015E-7	3.8401E-7
47	109	1	9.65524E-6	6.17935E-6	47	109	0	9.65524E-6	6.17935E-6
47	110	0	6.63017E-5	4.24331E-5	47	110	1	1.54704E-4	9.90105E-5
47	111	0	1.65364E-4	1.05833E-4	47	111	1	0.00110623	7.07986E-4
47	112	0	0.00904103	0.00289313	47	113	0	0.00208313	0.0013332
47	113	1	0.013941	0.00446111	47	114	0	0.0250706	0.0080226
47	115	0	0.0153499	0.00491196	47	115	1	0.0153499	0.00491196
47	116	0	0.00951526	0.00608977	47	116	1	0.00951526	0.00608977
47	117	0	0.00412661	0.00264103	47	117	1	0.00412661	0.00264103
47	118	0	0.001102	7.05278E-4	47	118	1	0.001102	7.05278E-4
47	119	0	3.9553E-4	2.53139E-4	47	120	1	2.26306E-5	1.44836E-5
47	120	0	2.26306E-5	1.44836E-5	47	121	0	5.23013E-6	3.34728E-6
47	122	1	2.35506E-13	1.50724E-13	47	122	0	2.35506E-13	1.50724E-13
47	123	0	2.96007E-14	1.89445E-14	47	129	0	1.12719E-9	7.21399E-10
47	130	0	1.92005E-10	1.22883E-10	47	131	0	1.09515E-11	7.00894E-12
48	106	0	3.50009E-14	2.24006E-14	48	107	0	4.1101E-12	2.63047E-12
48	108	0	3.20008E-10	2.04805E-10	48	109	0	1.52004E-8	9.72824E-9
48	110	0	5.05013E-7	3.23208E-7	48	111	0	1.96005E-6	1.25443E-6
48	111	1	6.55016E-6	4.1921E-6	48	112	0	1.32953E-4	8.50901E-5
48	113	0	2.04755E-4	1.31043E-4	48	113	1	6.85487E-4	4.38712E-4
48	114	0	0.00380619	0.00243596	48	115	0	0.00650104	0.00416067
48	115	1	0.00330365	7.5984E-4	48	116	0	0.01891	0.00605121
48	117	0	0.00467518	0.00299211	48	117	1	0.0156517	0.00500854
48	118	0	0.0134156	0.004293	48	119	0	0.00292867	0.00187435
48	119	1	0.00292867	0.00187435	48	120	0	0.00164091	0.00105018
48	121	1	2.16255E-4	1.38403E-4	48	121	0	2.16255E-4	1.38403E-4
48	122	0	1.03003E-6	6.59217E-7	48	123	0	1.66004E-7	1.06243E-7
48	124	0	3.18008E-8	2.03525E-8	48	125	0	1.04003E-8	6.65617E-9
48	126	0	4.65012E-9	2.97607E-9	48	127	0	1.94005E-9	1.24163E-9
48	128	0	5.40014E-10	3.45609E-10	48	129	0	3.86897E-6	2.47614E-6
48	130	0	5.79015E-7	3.70569E-7	48	131	0	3.759E-8	2.40576E-8
48	132	0	1.05003E-9	6.72017E-10	48	133	0	3.34952E-11	2.14369E-11
48	134	0	9.71024E-14	6.21456E-14	49	109	0	9.55024E-13	6.11215E-13
49	111	0	4.83012E-9	3.09128E-9	49	112	0	4.40011E-8	2.81607E-8
49	112	1	1.88005E-7	1.20323E-7	49	113	0	3.79009E-6	2.42566E-6
49	113	1	8.88022E-7	5.68334E-7	49	114	0	1.47204E-5	9.42104E-6
49	114	1	4.41611E-5	2.82631E-5	49	115	0	4.1717E-4	2.66989E-4
49	115	1	9.78525E-5	6.26256E-5	49	116	2	7.34612E-4	4.70152E-4
49	116	0	7.34612E-4	4.70152E-4	49	116	1	7.34612E-4	4.70152E-4
49	117	0	0.00489436	0.00313239	49	117	1	0.00114806	7.34758E-4
49	118	2	0.00121533	7.77811E-4	49	118	0	0.00729199	0.00466688
49	118	1	0.00121533	7.77811E-4	49	119	0	0.00798084	0.00510774
49	119	1	0.00187205	0.00119811	49	120	2	0.00211109	0.0013511
49	120	0	0.00211109	0.0013511	49	120	1	0.00211109	0.0013511
49	121	0	0.00296258	0.00189605	49	121	1	6.80537E-4	4.35544E-4
49	122	2	3.64562E-4	2.3332E-4	49	122	0	3.64562E-4	2.3332E-4
49	122	1	3.64562E-4	2.3332E-4	49	123	0	3.42929E-4	2.19474E-4
49	123	1	8.0442E-5	5.14829E-5	49	124	1	8.46771E-5	5.41934E-5
49	124	0	8.46771E-5	5.41934E-5	49	125	0	4.66312E-5	2.98439E-5
49	125	1	4.66312E-5	2.98439E-5	49	126	1	3.8186E-5	2.4439E-5
49	126	0	3.8186E-5	2.4439E-5	49	127	0	3.15908E-5	2.02181E-5
49	127	1	3.15908E-5	2.02181E-5	49	128	1	2.39006E-5	1.52964E-5
49	128	0	2.39006E-5	1.52964E-5	49	129	0	1.89095E-4	1.21021E-4
49	129	1	1.89095E-4	1.21021E-4	49	130	2	4.84912E-5	3.10344E-5
49	130	1	4.84912E-5	3.10344E-5	49	130	0	4.84912E-5	3.10344E-5
49	131	1	1.39754E-5	8.94422E-6	49	131	0	1.39754E-5	8.94422E-6
49	132	0	2.47006E-6	1.58084E-6	49	133	0	1.14969E-7	7.35804E-8
49	134	0	2.40006E-9	1.53604E-9	49	135	0	5.73787E-11	3.67224E-11
49	136	0	4.75012E-13	3.04008E-13	50	111	0	2.18005E-13	1.39523E-13
50	112	0	3.28008E-11	2.09925E-11	50	113	1	1.03003E-9	6.59217E-10
50	113	0	1.03003E-9	6.59217E-10	50	114	0	8.0002E-8	5.12013E-8
50	115	0	2.07005E-6	1.32483E-6	50	116	0	2.56306E-5	1.64036E-5
50	117	1	9.67024E-5	6.18896E-5	50	117	0	9.67024E-5	6.18896E-5
50	118	0	8.1117E-4	5.19149E-4	50	119	0	4.56871E-4	2.92398E-4
50	119	1	0.00152954	9.78905E-4	50	120	0	0.0029455	0.00188512
50	121	0	0.00101066	6.46819E-4	50	121	1	0.00247437	0.0015836
50	122	0	0.00294661	0.00188583	50	123	0	0.00144132	9.22442E-4
50	123	1	5.88705E-4	3.76771E-4	50	124	0	0.00134669	8.61884E-4
50	125	0	7.62609E-4	4.8807E-4	50	125	1	3.11488E-4	1.99352E-4
50	126	0	0.00136718	8.74998E-4	50	127	0	0.00134976	8.63849E-4
50	127	1	5.51354E-4	3.52866E-4	50	128	1	0.00158846	0.00101662
50	128	0	0.00158846	0.00101662	50	129	0	0.00259716	0.00166218
50	129	1	0.00106005	6.7843E-4	50	130	1	0.00169883	0.00108725
50	130	0	0.00169883	0.00108725	50	131	1	9.11823E-4	5.83567E-4
50	131	0	9.11823E-4	5.83567E-4	50	132	0	4.87352E-4	3.11905E-4
50	133	0	7.20218E-5	4.6094E-5	50	134	0	4.73012E-6	3.02728E-6
50	135	0	1.96948E-7	1.26046E-7	50	136	0	8.88022E-9	5.68334E-9
50	137	0	1.72004E-10	1.10083E-10	50	138	0	2.72007E-12	1.74084E-12
51	113	0	7.23018E-14	4.62732E-14	51	115	0	6.93017E-10	4.43531E-10
51	117	0	5.65014E-7	3.61609E-7	51	118	0	2.70007E-6	1.72804E-6
51	118	1	3.8801E-6	2.48326E-6	51	119	0	4.1771E-5	2.67335E-5
51	120	0	6.26616E-5	4.01034E-5	51	120	1	9.01723E-5	5.77102E-5
51	121	0	3.9726E-4	2.54246E-4	51	122	0	2.41906E-5	1.5482E-5
51	122	1	2.72807E-5	1.74596E-5	51	123	0	7.32318E-5	4.68684E-5
51	124	2	2.86741E-5	1.83514E-5	51	124	0	2.86741E-5	1.83514E-5
51	124	1	2.86741E-5	1.83514E-5	51	125	0	1.00523E-4	6.43344E-5
51	126	2	6.12865E-5	3.92234E-5	51	126	0	7.19918E-5	4.60748E-5
51	126	1	6.12865E-5	3.92234E-5	51	127	0	4.24671E-4	2.71789E-4
51	128	0	4.88252E-4	3.12481E-4	51	128	1	8.31351E-4	5.32065E-4
51	129	0	0.00412324	0.00185546	51	130	0	0.00323091	0.00206778
51	130	1	0.00550127	0.00352081	51	131	0	0.0121171	0.00387747
51	132	0	0.00525219	0.0033614	51	132	1	0.00380331	0.00243412
51	133	0	0.00398173	0.00254831	51	134	1	3.92905E-4	2.51459E-4
51	134	0	3.92905E-4	2.51459E-4	51	135	0	9.83425E-5	6.29392E-5
51	136	0	1.32603E-5	8.48661E-6	51	137	0	7.58019E-7	4.85132E-7
51	138	0	3.39008E-8	2.16965E-8	51	139	0	7.64019E-10	4.88972E-10
51	140	0	4.31068E-11	2.75884E-11	52	115	0	1.83005E-14	1.17123E-14
52	117	0	1.36003E-10	8.70422E-11	52	118	0	4.56011E-9	2.91847E-9
52	119	0	7.8302E-8	5.01133E-8	52	120	0	7.46019E-7	4.77452E-7
52	121	1	2.25506E-6	1.44324E-6	52	121	0	2.25506E-6	1.44324E-6
52	122	0	7.00018E-10	4.48011E-10	52	123	0	5.75014E-10	3.68009E-10
52	123	1	1.93005E-9	1.23523E-9	52	124	0	6.28016E-9	4.0193E-9
52	125	0	2.86007E-9	1.83045E-9	52	125	1	9.57024E-9	6.12495E-9
52	126	0	4.37011E-8	2.79687E-8	52	127	0	5.29013E-8	3.38568E-8
52	127	1	1.30003E-7	8.32021E-8	52	128	0	1.47004E-6	9.40824E-7
52	129	0	1.59124E-4	1.01839E-4	52	129	1	3.8957E-4	2.49325E-4
52	130	0	0.00270943	0.00173403	52	131	0	0.00277041	0.00177306
52	131	1	0.00678274	0.00434095	52	132	0	0.0188198	0.00301117
52	133	0	0.00658319	0.00421324	52	133	1	0.0161175	0.0051576
52	134	0	0.012449	0.00398369	52	135	0	0.00439858	0.00281509
52	136	0	0.00169019	0.00108172	52	137	0	2.75227E-4	1.76145E-4
52	138	0	3.39208E-5	2.17093E-5	52	139	0	2.14005E-6	1.36963E-6
52	140	0	1.47961E-7	9.46948E-8	52	141	0	2.71457E-9	1.73732E-9
52	142	0	1.33003E-10	8.51221E-11	53	121	0	4.44011E-9	2.84167E-9
53	127	0	3.63009E-14	2.32326E-14	53	128	0	8.1502E-13	5.21613E-13
53	129	0	7.36018E-6	4.71052E-6	53	130	0	6.35816E-5	4.06922E-5
53	130	1	2.72507E-5	1.74404E-5	53	131	0	8.71692E-4	5.57883E-4
53	132	1	0.00335956	0.00215012	53	132	0	0.00335956	0.00215012
53	133	1	0.00772208	0.00494213	53	133	0	0.00772208	0.00494213
53	134	0	0.0243481	0.00779141	53	134	1	0.00937453	0.00299985
53	135	0	0.0206203	0.00659851	53	136	0	0.0104518	0.00334457
53	136	1	0.0104481	0.00334339	53	137	0	0.00909004	0.00581762
53	138	0	0.00294477	0.00188466	53	139	0	4.99022E-4	3.19374E-4
53	140	0	9.25823E-5	5.92527E-5	53	141	0	9.31752E-6	5.96321E-6
53	142	0	6.01015E-7	3.8465E-7	53	143	0	9.93205E-9	6.35651E-9
53	144	0	8.09709E-10	5.18214E-10	53	145	0	4.31068E-11	2.75884E-11
54	129	1	4.31011E-9	2.75847E-9	54	129	0	4.31011E-9	2.75847E-9
54	130	0	2.79007E-7	1.78564E-7	54	131	0	2.26006E-6	1.44644E-6
54	131	1	5.53014E-6	3.53929E-6	54	132	0	1.25173E-4	8.01108E-5
54	133	0	3.49339E-4	2.23577E-4	54	133	1	8.55271E-4	5.47374E-4
54	134	0	0.00144073	9.22065E-4	54	134	1	0.00336169	0.00215148
54	135	0	0.0106827	8.5462E-4	54	135	1	0.00823933	0.00527317
54	136	0	0.0297041	0.0133669	54	137	0	0.0321533	0.0102891
54	138	0	0.0254756	0.00815218	54	139	0	0.0108777	0.00348086
54	140	0	0.00511824	0.00327567	54	141	0	0.00133938	8.57205E-4
54	142	0	2.23516E-4	1.4305E-4	54	143	1	1.70455E-5	1.09091E-5
54	143	0	1.70455E-5	1.09091E-5	54	144	0	2.77926E-6	1.77873E-6
54	145	0	1.47961E-7	9.46948E-8	54	146	0	5.76014E-9	3.68649E-9
54	147	0	2.07517E-10	1.32811E-10	54	148	0	2.57006E-12	1.64484E-12
55	129	0	8.1502E-13	5.21613E-13	55	131	0	5.97015E-9	3.8209E-9
55	132	0	3.00008E-7	1.92005E-7	55	133	0	9.09023E-6	5.81775E-6
55	134	1	5.41714E-5	3.46697E-5	55	134	0	5.41714E-5	3.46697E-5
55	135	1	3.69409E-4	2.36422E-4	55	135	0	3.69409E-4	2.36422E-4
55	136	1	0.00251556	0.00160996	55	136	0	0.00251556	0.00160996
55	137	0	0.0137524	0.00440076	55	138	0	0.0129332	0.00413862
55	138	1	0.0129339	0.0029748	55	139	0	0.0262334	0.0083947
55	140	0	0.0291821	0.00933827	55	141	0	0.0185364	0.00593166
55	142	0	0.00755593	0.00483579	55	143	0	0.00289041	0.00184986
55	144	0	6.03325E-4	3.86128E-4	55	145	0	8.37621E-5	5.36077E-5
55	146	0	8.60022E-6	5.50414E-6	55	147	0	7.12285E-7	4.55862E-7
55	148	0	2.74007E-8	1.75364E-8	55	149	0	6.20389E-10	3.97049E-10
55	150	0	1.55004E-11	9.92025E-12	56	131	0	3.66009E-13	2.34246E-13
56	132	0	5.92015E-11	3.78889E-11	56	133	0	5.85015E-9	3.74409E-9
56	134	0	2.19005E-7	1.40164E-7	56	135	1	2.24506E-6	1.43684E-6
56	135	0	2.24506E-6	1.43684E-6	56	136	1	4.38061E-5	2.80359E-5
56	136	0	4.38061E-5	2.80359E-5	56	137	0	1.88895E-4	1.20893E-4
56	137	1	4.62452E-4	2.95969E-4	56	138	0	0.00308218	0.00197259
56	139	0	0.0120611	0.00542751	56	140	0	0.0198086	0.00633874
56	141	0	0.0292677	0.00936567	56	142	0	0.0273268	0.00874456
56	143	0	0.0244664	0.00782925	56	144	0	0.0122781	0.00392898
56	145	0	0.00421432	0.00269716	56	146	0	0.00109634	7.01656E-4
56	147	0	2.03253E-4	1.30082E-4	56	148	0	2.36706E-5	1.51492E-5
56	149	0	2.12943E-6	1.36284E-6	56	150	0	9.95025E-8	6.36816E-8
56	151	0	1.27864E-9	8.18331E-10	56	152	0	7.45019E-11	4.76812E-11
56	153	0	3.87379E-12	2.47923E-12	57	133	0	3.00008E-13	1.92005E-13
57	135	0	2.30006E-9	1.47204E-9	57	137	0	2.88007E-6	1.84325E-6
57	138	0	3.67109E-5	2.3495E-5	57	139	0	2.38706E-4	1.52772E-4
57	140	0	0.00122305	5.50373E-4	57	141	0	0.00552801	0.00353793
57	142	0	0.0146035	0.00657157	57	143	0	0.0243151	0.00778082
57	144	0	0.0277838	0.00889083	57	145	0	0.0220227	0.00704727
57	146	1	0.00677931	0.00433876	57	146	0	0.00677931	0.00433876
57	147	0	0.00613995	0.00392957	57	148	0	0.00178061	0.00113959
57	149	0	4.19441E-4	2.68442E-4	57	150	0	5.22613E-5	3.34472E-5
57	151	0	4.38883E-6	2.80885E-6	57	152	0	2.89007E-7	1.84965E-7
57	153	0	1.32965E-8	8.50973E-9	57	154	0	3.00008E-10	1.92005E-10
57	155	0	9.05826E-12	5.79729E-12	58	135	0	9.41024E-14	6.02255E-14
58	137	0	1.07003E-9	6.84817E-10	58	138	0	3.79009E-8	2.42566E-8
58	139	0	1.97005E-7	1.26083E-7	58	139	1	4.83012E-7	3.09128E-7
58	140	0	1.08603E-5	6.95057E-6	58	141	0	1.08323E-4	6.93265E-5
58	142	0	5.78104E-4	3.69987E-4	58	143	0	0.00283384	0.00181366
58	144	0	0.00757923	0.00485071	58	145	0	0.0137711	0.00440676
58	146	0	0.0192669	0.00616542	58	147	0	0.019957	0.00638624
58	148	0	0.0134981	0.00431939	58	149	0	0.00779365	0.00498793
58	150	0	0.00245043	0.00156828	58	151	0	5.33493E-4	3.41436E-4
58	152	0	9.28023E-5	5.93935E-5	58	153	0	1.14403E-5	7.32178E-6
58	154	0	7.22018E-7	4.62092E-7	58	155	0	3.10917E-8	1.98987E-8
58	156	0	8.65022E-10	5.53614E-10	58	157	0	1.57004E-11	1.00483E-11
58	158	0	1.31003E-13	8.38421E-14	59	139	0	1.60004E-10	1.02403E-10
59	140	0	6.99018E-9	4.47371E-9	59	141	0	1.89005E-7	1.20963E-7
59	142	1	1.31003E-6	8.38421E-7	59	142	0	1.31003E-6	8.38421E-7
59	143	0	3.29608E-5	2.10949E-5	59	144	0	2.21106E-5	1.41508E-5
59	144	1	1.98975E-4	1.27344E-4	59	145	0	9.81605E-4	6.28227E-4
59	146	0	0.00326333	0.00208853	59	147	0	0.00783112	0.00501191
59	148	1	0.00603742	0.00386395	59	148	0	0.00603742	0.00386395
59	149	0	0.0161975	0.00518319	59	150	0	0.0119962	0.00383878
59	151	0	0.00630836	0.00403735	59	152	0	0.00272959	0.00174694
59	153	0	8.60882E-4	5.50964E-4	59	154	0	1.45734E-4	9.32695E-5
59	155	0	1.71904E-5	1.10019E-5	59	156	0	1.36003E-6	8.70422E-7
59	157	0	7.27018E-8	4.65292E-8	59	158	0	1.85005E-9	1.18403E-9
59	159	0	3.8001E-11	2.43206E-11	59	160	0	2.68007E-13	1.71524E-13
60	140	0	3.59009E-13	2.29766E-13	60	141	0	2.68007E-11	1.71524E-11
60	142	0	9.96025E-10	6.37456E-10	60	143	0	3.32008E-8	2.12485E-8
60	144	0	5.85015E-7	3.74409E-7	60	145	0	6.73017E-6	4.30731E-6
60	146	0	5.68314E-5	3.63721E-5	60	147	0	3.38348E-4	2.16543E-4
60	148	0	0.00125947	8.06062E-4	60	149	0	0.00405411	0.00259463
60	150	0	0.00704114	0.00450633	60	151	0	0.00859445	0.00550044
60	152	0	0.00868415	0.00555785	60	153	0	0.00652663	0.00417705
60	154	0	0.00277035	0.00177302	60	155	0	8.44631E-4	5.40564E-4
60	156	0	1.81695E-4	1.16285E-4	60	157	0	2.77107E-5	1.77348E-5
60	158	0	2.10005E-6	1.34403E-6	60	159	0	1.27003E-7	8.1282E-8
60	160	0	2.65007E-9	1.69604E-9	60	161	0	4.50011E-11	2.88007E-11
60	162	0	6.25016E-13	4.0001E-13	61	143	0	2.70007E-12	1.72804E-12
61	144	0	1.28003E-10	8.19221E-11	61	145	0	3.9201E-9	2.50886E-9
61	146	0	8.74022E-8	5.59374E-8	61	147	0	1.36003E-6	8.70422E-7
61	148	0	3.9001E-6	2.49606E-6	61	148	1	9.10023E-6	5.82415E-6
61	149	0	1.07733E-4	6.89489E-5	61	150	0	4.69022E-4	3.00174E-4
61	151	0	0.00139341	8.91786E-4	61	152	2	8.33981E-4	5.33748E-4
61	152	0	0.00166795	0.00106749	61	152	1	8.33981E-4	5.33748E-4
61	153	0	0.00583793	0.00262707	61	154	0	0.00294043	0.00188188
61	154	1	0.00294043	0.00188188	61	155	0	0.00431848	0.00276383
61	156	0	0.0023503	0.00150419	61	157	0	9.58674E-4	6.13551E-4
61	158	0	2.05295E-4	1.31389E-4	61	159	0	3.51109E-5	2.2471E-5
61	160	0	2.12005E-6	1.35683E-6	61	161	0	1.00003E-7	6.40016E-8
61	162	0	3.8201E-9	2.44486E-9	61	163	0	1.19003E-10	7.61619E-11
61	164	0	2.79007E-12	1.78564E-12	61	165	0	3.72009E-14	2.38086E-14
62	145	0	1.82005E-13	1.16483E-13	62	146	0	1.09003E-11	6.97617E-12
62	147	0	4.55011E-10	2.91207E-10	62	148	0	1.16003E-8	7.42419E-9
62	149	0	2.59006E-7	1.65764E-7	62	150	0	2.99007E-6	1.91365E-6
62	151	0	2.31406E-5	1.481E-5	62	152	0	1.40854E-4	9.01463E-5
62	153	0	6.08925E-4	3.89712E-4	62	154	0	0.00150401	9.62565E-4
62	155	0	0.00264402	0.00169217	62	156	0	0.00348355	0.00222947
62	157	0	0.00354424	0.00226831	62	158	0	0.0019857	0.00127085
62	159	0	8.99153E-4	5.75458E-4	62	160	0	1.48784E-4	9.52216E-5
62	161	0	1.88405E-5	1.20579E-5	62	162	0	1.91005E-6	1.22243E-6
62	163	0	1.60004E-7	1.02403E-7	62	164	0	9.78024E-9	6.25936E-9
62	165	0	3.50009E-10	2.24006E-10	62	166	0	9.89025E-12	6.32976E-12
62	167	0	1.84005E-13	1.17763E-13	63	147	0	1.20003E-14	7.68019E-15
63	149	0	5.10013E-11	3.26408E-11	63	151	0	3.39008E-8	2.16965E-8
63	152	2	1.84005E-7	1.17763E-7	63	152	0	1.84005E-7	1.17763E-7
63	152	1	1.84005E-7	1.17763E-7	63	153	0	6.28016E-6	4.0193E-6
63	154	1	2.04555E-5	1.30915E-5	63	154	0	2.04555E-5	1.30915E-5
63	155	0	1.84265E-4	1.17929E-4	63	156	0	6.16355E-4	3.94467E-4
63	157	0	0.00157992	0.00101115	63	158	0	0.00223919	0.00143308
63	159	0	0.00251638	0.00161049	63	160	0	0.00105588	6.75761E-4
63	161	0	3.34408E-4	2.14021E-4	63	162	0	8.55021E-5	5.47214E-5
63	163	0	1.85705E-5	1.18851E-5	63	164	0	2.85007E-6	1.82405E-6
63	165	0	2.67007E-7	1.70884E-7	63	166	0	2.00005E-8	1.28003E-8
63	167	0	9.67024E-10	6.18896E-10	63	168	0	2.13005E-11	1.36323E-11
63	169	0	5.08013E-13	3.25128E-13	64	151	0	4.0301E-12	2.57926E-12
64	152	0	1.80005E-10	1.15203E-10	64	153	0	5.59014E-9	3.57769E-9
64	154	0	1.01003E-7	6.46416E-8	64	155	0	1.23003E-6	7.8722E-7
64	156	0	1.12503E-5	7.20018E-6	64	157	0	7.8312E-5	5.01197E-5
64	158	0	2.97857E-4	1.90629E-4	64	159	0	8.50531E-4	5.4434E-4
64	160	0	8.86702E-4	5.67489E-4	64	161	0	6.66167E-4	4.26347E-4
64	162	0	4.008E-4	2.56512E-4	64	163	0	2.09965E-4	1.34378E-4
64	164	0	7.63619E-5	4.88716E-5	64	165	0	1.78204E-5	1.14051E-5
64	166	0	3.40009E-6	2.17605E-6	64	167	0	4.1701E-7	2.66887E-7
64	168	0	2.42006E-8	1.54884E-8	64	169	0	1.49004E-9	9.53624E-10
64	170	0	7.46019E-11	4.77452E-11	64	171	0	2.17005E-12	1.38883E-12
64	172	0	3.08008E-14	1.97125E-14	65	153	0	4.0001E-13	2.56006E-13
65	155	0	7.00018E-10	4.48011E-10	65	156	0	1.64004E-8	1.04963E-8
65	156	1	1.82005E-9	1.16483E-9	65	157	0	3.64009E-7	2.32966E-7
65	158	0	3.60009E-6	2.30406E-6	65	158	1	4.0001E-7	2.56006E-7
65	159	0	3.12808E-5	2.00197E-5	65	160	0	8.65122E-5	5.53678E-5
65	161	0	1.59694E-4	1.02204E-4	65	162	0	1.12763E-4	7.21682E-5
65	162	1	1.12763E-4	7.21682E-5	65	163	0	2.74257E-4	1.75524E-4
65	164	0	2.23026E-4	1.42736E-4	65	165	0	1.21033E-4	7.74611E-5
65	166	0	5.50914E-5	3.52585E-5	65	167	0	1.62104E-5	1.03747E-5
65	168	0	2.37006E-6	1.51684E-6	65	169	0	3.67009E-7	2.34886E-7
65	170	0	4.66012E-8	2.98247E-8	65	171	0	3.50009E-9	2.24006E-9
65	172	0	1.32003E-10	8.44821E-11	66	155	0	3.16008E-14	2.02245E-14
66	156	0	2.39006E-12	1.52964E-12	66	157	0	1.42004E-10	9.08823E-11
66	158	0	4.68012E-9	2.99528E-9	66	159	0	1.06003E-7	6.78417E-8
66	160	0	8.31021E-7	5.31853E-7	66	161	0	4.0501E-6	2.59206E-6
66	162	0	1.43604E-5	9.19063E-6	66	163	0	4.25611E-5	2.72391E-5
66	164	0	7.8672E-5	5.03501E-5	66	165	0	8.47821E-5	5.42606E-5
66	165	1	1.26703E-5	8.109E-6	66	166	0	1.00843E-4	6.45392E-5
66	167	0	6.67617E-5	4.27275E-5	66	168	0	2.29106E-5	1.46628E-5
66	169	0	8.37021E-6	5.35693E-6	66	170	0	2.58006E-6	1.65124E-6
66	171	0	4.80012E-7	3.07208E-7	66	172	0	4.69012E-8	3.00168E-8
67	159	0	2.59006E-11	1.65764E-11	67	159	1	3.8601E-12	2.47046E-12
67	161	0	8.0502E-9	5.15213E-9	67	161	1	1.20003E-9	7.68019E-10
67	162	0	2.62007E-8	1.67684E-8	67	162	1	6.10015E-8	3.9041E-8
67	163	0	5.87015E-7	3.75689E-7	67	163	1	8.76022E-8	5.60654E-8
67	164	0	9.09023E-7	5.81775E-7	67	164	1	2.12005E-6	1.35683E-6
67	165	0	9.09023E-6	5.81775E-6	67	166	0	6.65017E-6	4.25611E-6
67	166	1	1.55204E-5	9.93305E-6	67	167	0	3.30908E-5	2.11781E-5
67	168	0	2.58306E-5	1.65316E-5	67	169	0	2.10605E-5	1.34787E-5
67	170	0	7.34018E-6	4.69772E-6	67	170	1	7.34018E-6	4.69772E-6
67	171	0	6.35016E-6	4.0641E-6	67	172	0	1.51004E-6	9.66424E-7
68	161	0	1.73004E-12	1.10723E-12	68	162	0	4.48011E-11	2.86727E-11
68	163	0	9.39024E-10	6.00975E-10	68	164	0	1.08003E-8	6.91217E-9
68	165	0	8.32021E-8	5.32493E-8	68	166	0	5.12013E-7	3.27688E-7
68	167	0	1.60004E-6	1.02403E-6	68	167	1	2.39006E-7	1.52964E-7
68	168	0	3.44009E-6	2.20166E-6	68	169	0	6.40016E-6	4.0961E-6
68	170	0	9.99025E-6	6.39376E-6	68	171	0	9.61024E-6	6.15055E-6
68	172	0	5.25013E-6	3.36008E-6	69	165	0	6.54016E-11	4.1857E-11
69	166	0	1.06003E-9	6.78417E-10	69	167	0	9.65024E-9	6.17615E-9
69	168	0	4.61012E-8	2.95047E-8	69	169	0	2.10005E-7	1.34403E-7
69	170	0	7.7902E-7	4.98572E-7	69	171	0	1.74004E-6	1.11363E-6
69	172	0	2.19005E-6	1.40164E-6	70	166	0	1.80005E-13	1.15203E-13
70	167	0	4.26011E-12	2.72647E-12	70	168	0	5.40014E-11	3.45609E-11
70	169	0	5.46014E-10	3.49449E-10	70	169	1	8.1602E-11	5.22253E-11
70	170	0	5.88015E-9	3.76329E-9	70	171	0	3.25008E-8	2.08005E-8
70	172	0	1.02003E-7	6.52816E-8	71	169	0	1.35003E-13	8.64022E-14
71	169	1	2.02005E-14	1.29283E-14	71	171	0	2.69007E-11	1.72164E-11
71	171	1	2.69007E-11	1.72164E-11	71	172	0	2.19005E-10	1.40164E-10
71	172	1	2.19005E-10	1.40164E-10	72	172	0	1.58004E-13	1.01123E-13