Z	A	FPS	Yield	Uncertainty	Z	A	FPS	Yield	Uncertainty
23	66	0	1.31208E-17	8.3973E-18	24	66	0	6.93988E-13	4.44153E-13
24	67	0	1.98E-14	1.2672E-14	24	69	0	1.25099E-17	8.00633E-18
25	66	0	1.66E-9	1.0624E-9	25	67	0	1.64E-10	1.0496E-10
25	68	0	9.59002E-12	6.13761E-12	25	69	0	3.69988E-13	2.36792E-13
25	72	0	3.89464E-18	2.49257E-18	26	66	0	1.71E-7	1.0944E-7
26	67	0	5.44001E-8	3.48161E-8	26	68	0	1.06E-8	6.78401E-9
26	69	0	1.4E-9	8.96002E-10	26	70	0	1.2E-10	7.68002E-11
26	71	0	6.38001E-12	4.08321E-12	26	72	0	2.05997E-13	1.31838E-13
27	66	0	9.83002E-7	6.29121E-7	27	67	0	8.96002E-7	5.73441E-7
27	68	0	5.29001E-7	3.38561E-7	27	69	0	2.2E-7	1.408E-7
27	70	0	6.22001E-8	3.98081E-8	27	71	0	1.11E-8	7.10401E-9
27	72	0	1.23E-9	7.87202E-10	27	73	0	8.45002E-11	5.40801E-11
27	74	0	3.91001E-12	2.50241E-12	27	75	0	9.98002E-14	6.38721E-14
27	77	0	4.86009E-17	3.11046E-17	28	66	0	4.19001E-7	2.68161E-7
28	67	0	1.02E-6	6.52801E-7	28	68	0	1.61E-6	1.0304E-6
28	69	0	1.86E-6	1.1904E-6	28	70	0	1.53E-6	9.79202E-7
28	71	0	8.39002E-7	5.36961E-7	28	72	0	2.98001E-7	1.9072E-7
28	73	0	6.81001E-8	4.35841E-8	28	74	0	1.07E-8	6.84801E-9
28	75	0	9.39002E-10	6.00961E-10	28	76	0	5.78001E-11	3.69921E-11
28	77	0	2.12996E-12	1.36317E-12	28	78	0	5.02001E-14	3.21281E-14
28	79	0	1.20704E-15	7.72503E-16	29	66	0	1.13E-8	7.23201E-9
29	67	0	8.16002E-8	5.22241E-8	29	68	0	1.09E-7	6.97601E-8
29	68	1	2.55001E-7	1.632E-7	29	69	0	1.14E-6	7.29602E-7
29	70	0	6.23001E-7	3.98721E-7	29	70	1	1.87E-6	1.1968E-6
29	71	0	3.69001E-6	2.3616E-6	29	72	0	3.71001E-6	2.3744E-6
29	73	0	2.52001E-6	1.6128E-6	29	74	0	1.24E-6	7.93602E-7
29	75	0	3.54001E-7	2.2656E-7	29	76	0	7.29002E-8	4.66561E-8
29	77	0	9.18002E-9	5.87521E-9	29	78	0	7.47002E-10	4.78081E-10
29	79	0	3.56989E-11	2.28473E-11	29	80	0	1.15E-12	7.36002E-13
29	81	0	2.43001E-14	1.5552E-14	30	66	0	1.39E-11	8.89602E-12
30	67	0	3.34001E-10	2.1376E-10	30	68	0	4.79001E-9	3.06561E-9
30	69	0	8.75002E-9	5.60001E-9	30	69	1	3.73001E-8	2.3872E-8
30	70	0	2.95001E-7	1.888E-7	30	71	0	2.3E-7	1.472E-7
30	71	1	9.81002E-7	6.27841E-7	30	72	0	3.25001E-6	2.08E-6
30	73	0	5.90001E-6	3.77601E-6	30	74	0	7.94002E-6	5.08161E-6
30	75	0	6.53001E-6	4.17921E-6	30	76	0	4.09001E-6	2.61761E-6
30	77	0	1.64E-6	1.0496E-6	30	78	0	4.38001E-7	2.80321E-7
30	79	0	7.05001E-8	4.51201E-8	30	80	0	7.83002E-9	5.01121E-9
30	81	0	5.54001E-10	3.54561E-10	30	82	0	2.12E-11	1.3568E-11
30	83	0	5.43001E-13	3.47521E-13	30	85	0	3.41486E-16	2.18551E-16
31	67	0	5.59001E-14	3.57761E-14	31	68	0	2.75001E-12	1.76E-12
31	69	0	8.88002E-11	5.68321E-11	31	70	0	1.86E-9	1.1904E-9
31	71	0	2.43001E-8	1.5552E-8	31	72	1	9.85002E-8	6.30401E-8
31	72	0	9.85002E-8	6.30401E-8	31	73	0	1.02E-6	6.52801E-7
31	74	1	1.875E-6	1.2E-6	31	74	0	1.875E-6	1.2E-6
31	75	0	8.22002E-6	5.26081E-6	31	76	0	1.38E-5	8.83202E-6
31	77	0	1.539E-5	9.84962E-6	31	78	0	1.21E-5	7.74402E-6
31	79	0	6.02001E-6	3.85281E-6	31	80	0	2.16E-6	1.3824E-6
31	81	0	4.91001E-7	3.14241E-7	31	82	0	6.58001E-8	4.21121E-8
31	83	0	5.83001E-9	3.73121E-9	31	84	0	2.81001E-10	1.7984E-10
31	85	0	1.00997E-11	6.46379E-12	31	86	0	1.78E-13	1.1392E-13
31	87	0	3.26288E-15	2.08824E-15	32	70	0	4.92001E-13	3.14881E-13
32	71	0	1.09E-11	6.97601E-12	32	71	1	1.09E-11	6.97601E-12
32	72	0	5.90001E-10	3.77601E-10	32	73	0	8.04002E-9	5.14561E-9
32	73	1	1.89E-9	1.2096E-9	32	74	0	1.14E-7	7.29602E-8
32	75	0	9.58002E-8	6.13121E-8	32	75	1	6.41001E-7	4.10241E-7
32	76	0	3.48001E-6	2.2272E-6	32	77	0	9.09002E-6	5.81761E-6
32	77	1	1.36E-6	8.70402E-7	32	78	0	2.184E-5	1.39776E-5
32	79	1	1.4755E-5	9.44322E-6	32	79	0	1.4755E-5	9.44322E-6
32	80	0	3.00101E-5	1.92064E-5	32	81	0	1.988E-5	1.27232E-5
32	82	0	8.61002E-6	5.51041E-6	32	83	0	2.49001E-6	1.5936E-6
32	84	0	4.16001E-7	2.66241E-7	32	85	0	5.30001E-8	3.39201E-8
32	86	0	3.34001E-9	2.1376E-9	32	87	0	1.42997E-10	9.15181E-11
32	88	0	3.58001E-12	2.2912E-12	32	89	0	5.51111E-14	3.52711E-14
32	90	0	4.97591E-15	3.18458E-15	33	72	0	7.12001E-14	4.55681E-14
33	73	0	4.12001E-12	2.63681E-12	33	74	0	4.78001E-11	3.05921E-11
33	74	1	1.12E-10	7.16801E-11	33	75	0	3.42001E-9	2.1888E-9
33	76	0	5.16001E-8	3.30241E-8	33	77	0	4.75001E-7	3.04001E-7
33	78	0	2.88001E-6	1.8432E-6	33	79	0	1.075E-5	6.88001E-6
33	80	0	2.92001E-5	1.8688E-5	33	81	0	5.03001E-5	3.21921E-5
33	82	0	3.07901E-5	1.97056E-5	33	82	1	3.07901E-5	1.97056E-5
33	83	0	5.15701E-5	3.30049E-5	33	84	1	1.3555E-5	8.67522E-6
33	84	0	1.3555E-5	8.67522E-6	33	85	0	1.138E-5	7.28322E-6
33	86	0	2.44001E-6	1.5616E-6	33	87	0	3.65001E-7	2.336E-7
33	88	0	3.26001E-8	2.0864E-8	33	89	0	1.62995E-9	1.04317E-9
33	90	0	1.21938E-10	7.80406E-11	33	91	0	3.71923E-13	2.3803E-13
33	92	0	1.26103E-14	8.07061E-15	34	75	0	6.52001E-13	4.17281E-13
34	76	0	3.36001E-11	2.1504E-11	34	77	0	1.35E-10	8.64002E-11
34	77	1	9.04002E-10	5.78561E-10	34	78	0	2.06E-8	1.3184E-8
34	79	0	2.11E-7	1.3504E-7	34	79	1	3.15001E-8	2.016E-8
34	80	0	1.98E-6	1.2672E-6	34	81	0	1.23E-6	7.87202E-7
34	81	1	8.21002E-6	5.25441E-6	34	82	0	3.22901E-5	2.06656E-5
34	83	0	5.82601E-5	3.72865E-5	34	83	1	1.367E-5	8.74882E-6
34	84	0	1.045E-4	6.68801E-5	34	85	0	6.32401E-5	4.04737E-5
34	85	1	6.32401E-5	4.04737E-5	34	86	0	8.27902E-5	5.29857E-5
34	87	0	3.98301E-5	2.54913E-5	34	88	0	1.191E-5	7.62242E-6
34	89	0	2.11E-6	1.3504E-6	34	90	0	2.47879E-7	1.58642E-7
34	91	0	1.62997E-8	1.04318E-8	34	92	0	6.66989E-10	4.26873E-10
34	93	0	4.69966E-12	3.00778E-12	34	94	0	2.47001E-13	1.5808E-13
34	95	0	2.16671E-14	1.38669E-14	35	77	0	2.08E-14	1.3312E-14
35	77	1	6.96001E-14	4.45441E-14	35	78	0	6.19001E-12	3.96161E-12
35	79	0	5.69001E-11	3.64161E-11	35	79	1	1.91E-10	1.2224E-10
35	80	0	1.68E-9	1.0752E-9	35	80	1	5.04001E-9	3.22561E-9
35	81	0	1.01E-7	6.46401E-8	35	82	0	7.69002E-7	4.92161E-7
35	82	1	3.29001E-7	2.1056E-7	35	83	0	7.21001E-6	4.61441E-6
35	84	0	1.082E-5	6.92481E-6	35	84	1	1.923E-5	1.23072E-5
35	85	0	1.0021E-4	6.41345E-5	35	86	0	8.96002E-5	5.73441E-5
35	86	1	8.96002E-5	5.73441E-5	35	87	0	2.42031E-4	1.549E-4
35	88	0	2.1386E-4	1.36871E-4	35	89	0	1.2219E-4	7.82018E-5
35	90	0	4.70801E-5	3.01313E-5	35	91	0	1.082E-5	6.92481E-6
35	92	0	1.55E-6	9.92002E-7	35	93	0	1.38996E-7	8.89572E-8
35	94	0	7.59002E-9	4.85761E-9	35	95	0	6.40818E-10	4.10123E-10
35	96	0	4.94001E-12	3.16161E-12	35	97	0	9.97118E-14	6.38155E-14
36	80	0	9.24002E-13	5.91361E-13	36	81	0	4.00001E-11	2.56001E-11
36	81	1	5.98001E-12	3.82721E-12	36	82	0	1.75E-9	1.12E-9
36	83	0	3.07001E-8	1.9648E-8	36	83	1	7.20001E-9	4.60801E-9
36	84	0	5.18001E-7	3.31521E-7	36	85	0	4.38001E-6	2.80321E-6
36	85	1	1.03E-6	6.59201E-7	36	86	0	2.86101E-5	1.83104E-5
36	87	0	1.0861E-4	6.95105E-5	36	88	0	2.62261E-4	1.67847E-4
36	89	0	4.23651E-4	2.71137E-4	36	90	0	4.68391E-4	2.9977E-4
36	91	0	3.36121E-4	2.15117E-4	36	92	0	1.5421E-4	9.86946E-5
36	93	0	4.75101E-5	3.04065E-5	36	94	0	8.97002E-6	5.74081E-6
36	95	0	1.07936E-6	6.90791E-7	36	96	0	7.59002E-8	4.85761E-8
36	97	0	4.36991E-9	2.79674E-9	36	98	0	9.26002E-11	5.92641E-11
36	99	0	7.69582E-13	4.92533E-13	36	100	0	1.07E-14	6.84801E-15
37	83	0	8.22002E-12	5.26081E-12	37	84	0	3.97001E-10	2.54081E-10
37	85	0	1.43E-8	9.15202E-9	37	86	1	1.27E-7	8.12802E-8
37	86	0	1.27E-7	8.12802E-8	37	87	0	3.10001E-6	1.984E-6
37	88	0	2.286E-5	1.46304E-5	37	89	0	1.0956E-4	7.01185E-5
37	90	0	6.36101E-5	4.07105E-5	37	90	1	2.71171E-4	1.73549E-4
37	91	0	6.72991E-4	4.30714E-4	37	92	0	8.64132E-4	5.53044E-4
37	93	0	8.05702E-4	5.15649E-4	37	94	0	4.73821E-4	3.03245E-4
37	95	0	1.8734E-4	1.19898E-4	37	96	0	4.59501E-5	2.94081E-5
37	97	0	9.22002E-6	5.90081E-6	37	98	0	6.93001E-7	4.43521E-7
37	99	0	2.27609E-8	1.4567E-8	37	100	0	1.08E-9	6.91201E-10
37	101	0	6.61703E-12	4.2349E-12	37	102	0	1.96623E-13	1.25839E-13
37	103	0	3.3093E-14	2.11795E-14	38	84	0	1.17E-14	7.48802E-15
38	85	1	7.55002E-13	4.83201E-13	38	85	0	7.55002E-13	4.83201E-13
38	86	0	9.56002E-11	6.11841E-11	38	87	0	3.31001E-9	2.1184E-9
38	87	1	7.76002E-10	4.96641E-10	38	88	0	1.03E-7	6.59201E-8
38	89	0	1.68E-6	1.0752E-6	38	90	0	1.611E-5	1.03104E-5
38	91	0	9.90302E-5	6.33793E-5	38	92	0	3.58651E-4	2.29536E-4
38	93	0	9.38542E-4	6.00667E-4	38	94	0	0.00151364	9.68732E-4
38	95	0	0.00171314	0.00109641	38	96	0	0.00130682	8.36367E-4
38	97	0	8.37332E-4	5.35892E-4	38	98	0	2.0957E-4	1.34125E-4
38	99	0	3.83373E-5	2.45359E-5	38	100	0	4.09001E-6	2.61761E-6
38	101	0	2.89994E-7	1.85596E-7	38	102	0	1.03998E-8	6.65589E-9
38	103	0	1.45031E-9	9.28202E-10	38	104	0	3.24001E-12	2.0736E-12
38	105	0	2.50776E-13	1.60497E-13	39	87	0	2.1E-13	1.344E-13
39	88	0	1.9E-11	1.216E-11	39	89	0	2.14E-10	1.3696E-10
39	89	1	9.14002E-10	5.84961E-10	39	90	1	1.88E-8	1.2032E-8
39	90	0	1.88E-8	1.2032E-8	39	91	1	4.00501E-7	2.56321E-7
39	91	0	4.00501E-7	2.56321E-7	39	92	0	9.37002E-6	5.99681E-6
39	93	1	3.86851E-5	2.47585E-5	39	93	0	3.86851E-5	2.47585E-5
39	94	0	3.62481E-4	2.31988E-4	39	95	0	0.00113455	7.26114E-4
39	96	0	2.42251E-4	1.5504E-4	39	96	1	0.00218022	0.00139534
39	97	1	0.0021627	0.00138413	39	97	0	0.0021627	0.00138413
39	98	0	0.00158638	0.00101529	39	98	1	0.00158636	0.00101527
39	99	0	0.00185326	0.00118609	39	100	0	6.43351E-4	4.11745E-4
39	101	0	1.547E-4	9.90082E-5	39	102	0	1.988E-5	1.27232E-5
39	103	0	1.64855E-6	1.05507E-6	39	104	0	8.16002E-8	5.22241E-8
39	105	0	7.41687E-9	4.7468E-9	39	106	0	1.35745E-11	8.6877E-12
39	107	0	1.00322E-12	6.4206E-13	39	108	0	1.27427E-14	8.15531E-15
40	89	0	2.91001E-14	1.8624E-14	40	90	1	1.745E-12	1.1168E-12
40	90	0	1.745E-12	1.1168E-12	40	91	0	2.74001E-10	1.7536E-10
40	92	0	1.12E-8	7.16801E-9	40	93	0	3.27001E-7	2.0928E-7
40	94	0	5.07001E-6	3.24481E-6	40	95	0	5.00901E-5	3.20577E-5
40	96	0	3.28481E-4	2.10228E-4	40	97	0	0.00166124	0.0010632
40	98	0	0.00333109	0.0021319	40	99	0	0.00548528	0.00351058
40	100	0	0.00542313	0.0034708	40	101	0	0.00391992	0.00250875
40	102	0	0.00164767	0.00105451	40	103	0	4.53811E-4	2.90439E-4
40	104	0	7.95902E-5	5.09377E-5	40	105	0	1.24926E-5	7.99527E-6
40	106	0	7.17988E-7	4.59512E-7	40	107	0	4.39665E-8	2.81386E-8
40	108	0	6.73989E-10	4.31353E-10	40	109	0	6.7621E-12	4.32775E-12
40	110	0	8.11002E-14	5.19041E-14	41	92	0	5.23001E-13	3.34721E-13
41	93	0	4.58001E-11	2.93121E-11	41	93	1	1.07E-11	6.84801E-12
41	94	0	1.83E-9	1.1712E-9	41	94	1	1.27E-9	8.12802E-10
41	95	0	8.60002E-8	5.50401E-8	41	95	1	2.02E-8	1.2928E-8
41	96	0	2.42001E-6	1.5488E-6	41	97	0	3.21801E-5	2.05952E-5
41	97	1	7.55002E-6	4.83201E-6	41	98	0	1.8431E-4	1.17959E-4
41	98	1	6.14401E-5	3.93217E-5	41	99	0	9.67702E-5	6.19329E-5
41	99	1	0.00111279	7.12187E-4	41	100	0	0.00166036	0.00106263
41	100	1	0.00166036	0.00106263	41	101	0	0.00654843	0.004191
41	102	1	0.00392933	0.00251477	41	102	0	0.00392933	0.00251477
41	103	0	0.00631254	0.00404003	41	104	1	0.00175906	0.0011258
41	104	0	0.00175906	0.0011258	41	105	0	0.00179451	0.00114849
41	106	0	3.59181E-4	2.29876E-4	41	107	0	4.99761E-5	3.19847E-5
41	108	0	4.14001E-6	2.64961E-6	41	109	0	1.99994E-7	1.27996E-7
41	110	0	6.71001E-9	4.29441E-9	41	111	0	2.94344E-11	1.8838E-11
41	112	0	1.08521E-12	6.94532E-13	41	113	0	1.74892E-13	1.11931E-13
42	94	0	7.23001E-14	4.62721E-14	42	95	0	8.94002E-12	5.72161E-12
42	96	0	7.52002E-10	4.81281E-10	42	97	0	4.32001E-8	2.76481E-8
42	98	0	9.17002E-7	5.86881E-7	42	99	0	1.544E-5	9.88162E-6
42	100	0	1.3442E-4	8.6029E-5	42	101	0	7.95812E-4	5.09319E-4
42	102	0	0.00278836	0.00178455	42	103	0	0.00614265	0.0039313
42	104	0	0.00961894	0.00615612	42	105	0	0.0139307	0.00445782
42	106	0	0.00859007	0.00549764	42	107	0	0.00378683	0.00242357
42	108	0	0.00103922	6.65102E-4	42	109	0	1.7755E-4	1.13632E-4
42	110	0	2.085E-5	1.3344E-5	42	111	0	1.28997E-6	8.25583E-7
42	112	0	5.7399E-8	3.67354E-8	42	113	0	7.66469E-9	4.9054E-9
42	114	0	2.61001E-11	1.6704E-11	42	115	0	9.77626E-13	6.25681E-13
43	97	1	9.15002E-13	5.85601E-13	43	97	0	9.15002E-13	5.85601E-13
43	98	0	1.39E-10	8.89602E-11	43	99	0	6.94001E-9	4.44161E-9
43	99	1	1.63E-9	1.0432E-9	43	100	0	2.59001E-7	1.6576E-7
43	101	0	5.19001E-6	3.32161E-6	43	102	0	3.05101E-5	1.95264E-5
43	102	1	3.05101E-5	1.95264E-5	43	103	0	4.15951E-4	2.66209E-4
43	104	0	0.00195853	0.00125346	43	105	0	0.00789437	0.00505239
43	106	0	0.0136282	0.00436102	43	107	0	0.0166705	0.00533455
43	108	0	0.0132866	0.00425171	43	109	0	0.00718182	0.00459637
43	110	0	0.00273002	0.00174721	43	111	0	5.69551E-4	3.64513E-4
43	112	0	8.76602E-5	5.61025E-5	43	113	0	8.71235E-6	5.57591E-6
43	114	0	5.06001E-7	3.23841E-7	43	115	0	2.89139E-8	1.85049E-8
43	116	0	3.97001E-10	2.54081E-10	43	117	0	3.60514E-12	2.30729E-12
43	118	0	8.50772E-14	5.44494E-14	44	99	0	1.81E-13	1.1584E-13
44	100	0	1.98E-11	1.2672E-11	44	101	0	1.41E-9	9.02402E-10
44	102	0	6.03001E-8	3.85921E-8	44	103	0	1.41E-6	9.02402E-7
44	104	0	2.284E-5	1.46176E-5	44	105	0	2.92971E-4	1.87501E-4
44	106	0	0.00156758	0.00100325	44	107	0	0.00546728	0.00349906
44	108	0	0.0119693	0.00383019	44	109	1	0.00908453	0.0058141
44	109	0	0.00908453	0.0058141	44	110	0	0.0195262	0.00624837
44	111	0	0.012139	0.00388447	44	112	0	0.00588363	0.00376552
44	113	0	0.00192964	0.00123497	44	114	0	3.82411E-4	2.44743E-4
44	115	0	4.87012E-5	3.11688E-5	44	116	0	3.62001E-6	2.3168E-6
44	117	0	1.57997E-7	1.01118E-7	44	118	0	4.49992E-9	2.87995E-9
44	119	0	7.16001E-11	4.58241E-11	44	120	0	5.85001E-13	3.74401E-13
45	101	1	1.17E-14	7.48802E-15	45	102	0	1.15E-12	7.36002E-13
45	102	1	1.15E-12	7.36002E-13	45	103	0	2.53001E-11	1.6192E-11
45	103	1	1.69E-10	1.0816E-10	45	104	0	2.88001E-9	1.8432E-9
45	104	1	8.63002E-9	5.52321E-9	45	105	0	4.47001E-7	2.86081E-7
45	105	1	6.68001E-8	4.27521E-8	45	106	0	4.81001E-6	3.07841E-6
45	106	1	4.81001E-6	3.07841E-6	45	107	0	1.0945E-4	7.00481E-5
45	108	0	3.72281E-4	2.3826E-4	45	108	1	3.72281E-4	2.3826E-4
45	109	0	0.0017056	0.00109159	45	109	1	0.00170558	0.00109157
45	110	0	0.00511925	0.00327632	45	110	1	0.00511925	0.00230366
45	111	0	0.0173718	0.00555898	45	112	0	0.0232862	0.0074516
45	113	0	0.022059	0.00705888	45	114	0	0.0133521	0.00427267
45	115	0	0.00547503	0.00350402	45	116	0	0.00131997	8.44783E-4
45	117	0	1.9863E-4	1.27123E-4	45	118	0	1.934E-5	1.23776E-5
45	119	0	1.1E-6	7.04001E-7	45	120	0	3.36001E-8	2.1504E-8
45	121	0	6.13001E-10	3.92321E-10	45	122	0	2.39E-12	1.5296E-12
46	104	0	2.2E-13	1.408E-13	46	105	0	3.55001E-11	2.272E-11
46	106	0	2.45001E-9	1.568E-9	46	107	0	3.44001E-8	2.2016E-8
46	107	1	6.39001E-8	4.08961E-8	46	108	0	2.3E-6	1.472E-6
46	109	0	1.271E-5	8.13442E-6	46	109	1	2.36E-5	1.5104E-5
46	110	0	3.48211E-4	2.22855E-4	46	111	0	6.26251E-4	4.00801E-4
46	111	1	0.00116303	7.44341E-4	46	112	0	0.00687373	0.00439919
46	113	0	0.0175417	0.00561335	46	114	0	0.0296596	0.00949106
46	115	0	0.0341827	0.0109385	46	116	0	0.0236946	0.00758226
46	117	0	0.011138	0.00356416	46	118	0	0.00344662	0.00220583
46	119	0	6.66101E-4	4.26305E-4	46	120	0	7.31802E-5	4.68353E-5
46	121	0	4.90001E-6	3.13601E-6	46	122	0	9.22002E-8	5.90081E-8
46	123	0	8.98002E-10	5.74721E-10	47	106	1	1.64E-14	1.0496E-14
47	107	0	4.43001E-13	2.83521E-13	47	107	1	2.97001E-12	1.9008E-12
47	108	1	1.435E-10	9.18402E-11	47	108	0	1.435E-10	9.18402E-11
47	109	1	8.30002E-9	5.31201E-9	47	109	0	8.30002E-9	5.31201E-9
47	110	0	1.67E-7	1.0688E-7	47	110	1	3.89001E-7	2.48961E-7
47	111	0	1.26E-6	8.06402E-7	47	111	1	8.44002E-6	5.40161E-6
47	112	0	1.2214E-4	7.81698E-5	47	113	0	1.2941E-4	8.28226E-5
47	113	1	8.66042E-4	5.54267E-4	47	114	0	0.00486487	0.00311352
47	115	0	0.00787177	0.00503793	47	115	1	0.00787177	0.00503793
47	116	0	0.0145287	0.0046492	47	116	1	0.0145287	0.0046492
47	117	0	0.0188055	0.00601778	47	117	1	0.0188055	0.00601778
47	118	0	0.0162199	0.00519038	47	118	1	0.0162199	0.00519038
47	119	0	0.0189561	0.00606595	47	120	1	0.00342424	0.00219151
47	120	0	0.00342424	0.00219151	47	121	0	0.00157718	0.0010094
47	122	1	6.82301E-5	4.36673E-5	47	122	0	6.82301E-5	4.36673E-5
47	123	0	6.09001E-6	3.89761E-6	47	124	0	1.67E-12	1.0688E-12
47	125	0	1.17E-13	7.48802E-14	47	126	0	1.07E-14	6.84801E-15
47	129	0	2.26417E-16	1.44907E-16	47	130	0	6.18001E-10	3.95521E-10
47	131	0	6.00096E-12	3.84061E-12	47	132	0	2.04185E-13	1.30679E-13
48	109	0	2.88001E-13	1.8432E-13	48	110	0	3.48001E-11	2.2272E-11
48	111	0	5.00001E-10	3.20001E-10	48	111	1	1.67E-9	1.0688E-9
48	112	0	9.65002E-8	6.17601E-8	48	113	0	6.25001E-7	4.00001E-7
48	113	1	2.09E-6	1.3376E-6	48	114	0	4.44701E-5	2.84609E-5
48	115	0	1.0641E-4	6.81025E-5	48	115	1	3.56251E-4	2.28E-4
48	116	0	0.00253321	0.00162125	48	117	0	0.00217862	0.00139432
48	117	1	0.00729367	0.00466795	48	118	0	0.0220223	0.00704713
48	119	0	0.0175584	0.00561868	48	119	1	0.0175584	0.00561868
48	120	0	0.0363643	0.0116366	48	121	1	0.0126342	0.0080859
48	121	0	0.0126342	0.0080859	48	122	0	0.00888807	0.00568836
48	123	0	0.00167758	0.00107365	48	124	0	5.50001E-6	3.52001E-6
48	125	0	1.08E-6	6.91201E-7	48	126	0	2.17E-7	1.3888E-7
48	127	0	7.30002E-8	4.67201E-8	48	128	0	2.26E-8	1.4464E-8
48	129	0	5.52001E-9	3.53281E-9	48	130	0	3.81001E-6	2.43841E-6
48	131	0	2.62995E-7	1.68317E-7	48	132	0	1.07998E-8	6.91188E-9
48	133	0	7.43831E-11	4.76052E-11	48	134	0	1.6E-12	1.024E-12
48	135	0	1.6491E-13	1.05543E-13	49	111	0	1.82E-14	1.1648E-14
49	112	0	5.57001E-13	3.56481E-13	49	112	1	2.38E-12	1.5232E-12
49	113	0	2.41E-10	1.5424E-10	49	113	1	5.65001E-11	3.61601E-11
49	114	0	4.33001E-9	2.77121E-9	49	114	1	1.3E-8	8.32002E-9
49	115	0	5.10001E-7	3.26401E-7	49	115	1	1.2E-7	7.68002E-8
49	116	2	3.80001E-6	2.43201E-6	49	116	0	3.80001E-6	2.43201E-6
49	116	1	3.80001E-6	2.43201E-6	49	117	0	1.139E-4	7.28962E-5
49	117	1	2.67201E-5	1.71008E-5	49	118	2	1.2506E-4	8.00386E-5
49	118	0	7.50352E-4	4.80225E-4	49	118	1	1.2506E-4	8.00386E-5
49	119	0	0.00385699	0.00246847	49	119	1	9.04722E-4	5.79022E-4
49	120	2	0.00477516	0.0030561	49	120	0	0.00477516	0.0030561
49	120	1	0.00477516	0.0030561	49	121	0	0.0226475	0.00724719
49	121	1	0.00531237	0.00339992	49	122	2	0.0114188	0.007308
49	122	0	0.0114188	0.007308	49	122	1	0.0114188	0.007308
49	123	0	0.0189018	0.00604857	49	123	1	0.00443375	0.0028376
49	124	1	0.00427509	0.00273606	49	124	0	0.00427509	0.00273606
49	125	0	0.00216687	0.0013868	49	125	1	0.00216687	0.0013868
49	126	1	9.21277E-4	5.89617E-4	49	126	0	9.21277E-4	5.89617E-4
49	127	0	5.66351E-4	3.62465E-4	49	127	1	5.66351E-4	3.62465E-4
49	128	1	3.21781E-4	2.0594E-4	49	128	0	3.21781E-4	2.0594E-4
49	129	0	1.6919E-4	1.08282E-4	49	129	1	1.6919E-4	1.08282E-4
49	130	2	3.18051E-4	2.03552E-4	49	130	1	3.18051E-4	2.03552E-4
49	130	0	3.18051E-4	2.03552E-4	49	131	1	1.0923E-4	6.99073E-5
49	131	0	1.0923E-4	6.99073E-5	49	132	0	3.25301E-5	2.08192E-5
49	133	0	2.19993E-6	1.40796E-6	49	134	0	7.04001E-8	4.50561E-8
49	135	0	4.87734E-9	3.1215E-9	49	136	0	1.16E-11	7.42402E-12
49	137	0	1.51963E-13	9.72566E-14	50	114	0	2.54001E-13	1.6256E-13
50	115	0	3.35001E-11	2.144E-11	50	116	0	2.1E-9	1.344E-9
50	117	1	4.58501E-8	2.93441E-8	50	117	0	4.58501E-8	2.93441E-8
50	118	0	2.19E-6	1.4016E-6	50	119	0	8.08002E-6	5.17121E-6
50	119	1	2.70501E-5	1.7312E-5	50	120	0	3.52881E-4	2.25844E-4
50	121	0	6.32031E-4	4.045E-4	50	121	1	0.00154738	9.90325E-4
50	122	0	0.00984854	0.00630307	50	123	0	0.0161227	0.00515925
50	123	1	0.00658531	0.0042146	50	124	0	0.0295254	0.00944813
50	125	0	0.0160108	0.00368248	50	125	1	0.008238	0.00527232
50	126	0	0.0203699	0.00651836	50	127	0	0.0137954	0.00441453
50	127	1	0.00563474	0.00360623	50	128	1	0.00873134	0.00558806
50	128	0	0.00873134	0.00558806	50	129	0	0.0118855	0.00380337
50	129	1	0.00484969	0.0031038	50	130	1	0.00609899	0.00390336
50	130	0	0.00609899	0.00390336	50	131	1	0.00416512	0.00266568
50	131	0	0.00416512	0.00266568	50	132	0	0.00413092	0.00264379
50	133	0	9.68492E-4	6.19835E-4	50	134	0	1.1849E-4	7.58338E-5
50	135	0	8.21514E-6	5.25769E-6	50	136	0	3.01001E-7	1.9264E-7
50	137	0	6.65986E-9	4.26231E-9	50	138	0	8.24002E-11	5.27361E-11
50	139	0	1.02108E-12	6.5349E-13	51	117	0	2.28E-12	1.4592E-12
51	118	0	7.81002E-11	4.99841E-11	51	118	1	1.12E-10	7.16801E-11
51	119	0	1.09E-8	6.97601E-9	51	120	0	1.63E-7	1.0432E-7
51	120	1	2.34E-7	1.4976E-7	51	121	0	8.66002E-6	5.54241E-6
51	122	0	7.98302E-5	5.10913E-5	51	122	1	9.00202E-5	5.76129E-5
51	123	0	0.00153763	9.84085E-4	51	124	2	2.37194E-4	1.51804E-4
51	124	0	2.37194E-4	1.51804E-4	51	124	1	2.37194E-4	1.51804E-4
51	125	0	0.00157933	0.00101077	51	126	2	5.76611E-4	3.69031E-4
51	126	0	6.77291E-4	4.33466E-4	51	126	1	5.76611E-4	3.69031E-4
51	127	0	0.00265921	0.00170189	51	128	0	0.0013237	8.4717E-4
51	128	1	0.00225385	0.00144247	51	129	0	0.00555765	0.0035569
51	130	0	0.00406638	0.00260248	51	130	1	0.00692378	0.00443122
51	131	0	0.0200085	0.00640271	51	132	0	0.0166759	0.00533627
51	132	1	0.0120756	0.0038642	51	133	0	0.0206366	0.0066037
51	134	1	0.00435231	0.00278548	51	134	0	0.00435231	0.00278548
51	135	0	0.00219463	0.00140457	51	136	0	3.02961E-4	1.93895E-4
51	137	0	2.60001E-5	1.664E-5	51	138	0	1.23E-6	7.87202E-7
51	139	0	3.0199E-8	1.93274E-8	51	140	0	5.84196E-11	3.73886E-11
51	141	0	2.51306E-12	1.60836E-12	51	142	0	2.26872E-14	1.45198E-14
52	119	0	1.27E-13	8.12802E-14	52	120	0	1.73E-11	1.1072E-11
52	121	1	7.00001E-10	4.48001E-10	52	121	0	7.00001E-10	4.48001E-10
52	122	0	1.3E-7	8.32002E-8	52	123	0	1.2E-6	7.68002E-7
52	123	1	4.02001E-6	2.57281E-6	52	124	0	1.45E-8	9.28002E-9
52	125	0	1.86E-8	1.1904E-8	52	125	1	6.21001E-8	3.97441E-8
52	126	0	2.14E-7	1.3696E-7	52	127	0	1.64E-7	1.0496E-7
52	127	1	4.01001E-7	2.56641E-7	52	128	0	1.37E-6	8.76802E-7
52	129	0	1.28E-6	8.19202E-7	52	129	1	3.12001E-6	1.9968E-6
52	130	0	6.83611E-4	4.37511E-4	52	131	0	0.00103209	6.60539E-4
52	131	1	0.00252685	0.00161718	52	132	0	0.0146903	0.00470089
52	133	0	0.00856635	0.00548246	52	133	1	0.0209728	0.00671131
52	134	0	0.0372068	0.0119062	52	135	0	0.0296517	0.00948853
52	136	0	0.0137921	0.00441348	52	137	0	0.00422236	0.00270231
52	138	0	7.18851E-4	4.60065E-4	52	139	0	6.79201E-5	4.34689E-5
52	140	0	3.08995E-6	1.97757E-6	52	141	0	1.10136E-7	7.04871E-8
52	142	0	1.19998E-9	7.67987E-10	52	143	0	3.48258E-12	2.22885E-12
52	144	0	2.95144E-13	1.88892E-13	53	123	0	7.19001E-10	4.60161E-10
53	126	0	1.04E-14	6.65601E-15	53	127	0	5.18001E-14	3.31521E-14
53	128	0	2.37E-13	1.5168E-13	53	129	0	1.68E-12	1.0752E-12
53	130	0	1.48E-6	9.47202E-7	53	130	1	6.34001E-7	4.05761E-7
53	131	0	3.56501E-5	2.2816E-5	53	132	1	2.42631E-4	1.55284E-4
53	132	0	2.42631E-4	1.55284E-4	53	133	1	0.00152116	9.73544E-4
53	133	0	0.00152116	9.73544E-4	53	134	0	0.00691174	0.00442352
53	134	1	0.00500617	0.00225278	53	135	0	0.0280661	0.0064552
53	136	0	0.0193754	0.00620013	53	136	1	0.0193194	0.00618221
53	137	0	0.0365711	0.0117028	53	138	0	0.0198693	0.00635818
53	139	0	0.00655233	0.00419349	53	140	0	0.00112733	7.21493E-4
53	141	0	1.2519E-4	8.01217E-5	53	142	0	7.13001E-6	4.56321E-6
53	143	0	1.03E-7	6.59198E-8	53	144	0	7.23272E-9	4.62894E-9
53	145	0	1.51735E-11	9.71106E-12	53	146	0	3.59215E-13	2.29897E-13
54	130	0	2.64001E-10	1.6896E-10	54	131	0	4.43001E-9	2.83521E-9
54	131	1	1.09E-8	6.97601E-9	54	132	0	7.50002E-7	4.80001E-7
54	133	0	4.78001E-6	3.05921E-6	54	133	1	1.171E-5	7.49442E-6
54	134	0	6.94901E-5	4.44737E-5	54	134	1	1.6213E-4	1.03763E-4
54	135	0	5.37371E-4	3.43918E-4	54	135	1	0.00131556	8.4196E-4
54	136	0	0.00809825	0.00518288	54	137	0	0.0228769	0.00732062
54	138	0	0.0357199	0.0114304	54	139	0	0.0357099	0.0114272
54	140	0	0.0202277	0.00647285	54	141	0	0.00791964	0.00506857
54	142	0	0.00173314	0.00110921	54	143	1	8.67437E-5	5.5516E-5
54	143	0	8.67437E-5	5.5516E-5	54	144	0	1.47028E-5	9.40979E-6
54	145	0	6.64986E-7	4.25591E-7	54	146	0	1.89997E-8	1.21598E-8
54	147	0	1.22118E-11	7.81555E-12	54	148	0	2.61001E-12	1.6704E-12
54	149	0	1.26391E-13	8.08904E-14	55	131	0	2.48001E-13	1.5872E-13
55	132	0	4.55001E-11	2.91201E-11	55	133	0	3.70001E-9	2.368E-9
55	134	1	1.01E-7	6.46401E-8	55	134	0	1.01E-7	6.46401E-8
55	135	1	3.05001E-6	1.952E-6	55	135	0	3.05001E-6	1.952E-6
55	136	1	4.86651E-5	3.11457E-5	55	136	0	4.86651E-5	3.11457E-5
55	137	0	9.57812E-4	6.13E-4	55	138	0	0.0023661	0.00151431
55	138	1	0.00236646	0.00151454	55	139	0	0.0144505	0.00462415
55	140	0	0.0248119	0.00793979	55	141	0	0.0297247	0.00951191
55	142	0	0.0215445	0.00689425	55	143	0	0.00744879	0.00476722
55	144	0	0.00224621	0.00143758	55	145	0	3.66001E-4	2.3424E-4
55	146	0	3.75601E-5	2.40384E-5	55	147	0	3.61172E-7	2.3115E-7
55	148	0	7.25002E-8	4.64001E-8	55	149	0	3.7381E-9	2.39239E-9
55	150	0	2.43001E-11	1.5552E-11	55	151	0	4.14164E-13	2.65065E-13
55	152	0	3.80011E-15	2.43207E-15	56	133	0	3.09001E-14	1.9776E-14
56	134	0	6.76001E-12	4.32641E-12	56	135	1	4.06001E-10	2.59841E-10
56	135	0	4.06001E-10	2.59841E-10	56	136	1	2.53001E-8	1.6192E-8
56	136	0	2.53001E-8	1.6192E-8	56	137	0	5.53001E-7	3.53921E-7
56	137	1	1.35E-6	8.64002E-7	56	138	0	3.38701E-5	2.16768E-5
56	139	0	3.66661E-4	2.34663E-4	56	140	0	0.0021629	0.00138426
56	141	0	0.00832306	0.00532676	56	142	0	0.018903	0.00604896
56	143	0	0.0198432	0.00634981	56	144	0	0.018406	0.00588993
56	145	0	0.00954509	0.00610886	56	146	0	0.00320973	0.00205423
56	147	0	6.0834E-4	3.89338E-4	56	148	0	7.78502E-5	4.98241E-5
56	149	0	6.29627E-6	4.02962E-6	56	150	0	3.27001E-7	2.0928E-7
56	151	0	1.81509E-8	1.16166E-8	56	152	0	2.00997E-10	1.28638E-10
56	153	0	1.97115E-12	1.26154E-12	56	154	0	1.35E-14	8.64002E-15
57	137	0	1.5E-10	9.60002E-11	57	138	0	1.02E-8	6.52801E-9
57	139	0	4.25001E-7	2.72001E-7	57	140	0	9.74002E-6	6.23361E-6
57	141	0	1.3931E-4	8.91586E-5	57	142	0	0.0011438	7.32034E-4
57	143	0	0.00393055	0.00251555	57	144	0	0.0109911	0.00351716
57	145	0	0.0163654	0.00523693	57	146	1	0.00786223	0.00503183
57	146	0	0.00786223	0.00503183	57	147	0	0.00921529	0.00589779
57	148	0	0.00376146	0.00240733	57	149	0	9.92342E-4	6.35099E-4
57	150	0	1.7438E-4	1.11603E-4	57	151	0	2.06319E-5	1.32044E-5
57	152	0	1.36E-6	8.70402E-7	57	153	0	5.82981E-8	3.73108E-8
57	154	0	1.19E-9	7.61602E-10	57	155	0	4.54065E-12	2.90602E-12
57	156	0	1.21188E-13	7.75601E-14	57	157	0	2.82935E-15	1.81078E-15
58	138	0	1.15E-13	7.36002E-14	58	139	0	5.57001E-12	3.56481E-12
58	139	1	1.36E-11	8.70402E-12	58	140	0	1.8E-9	1.152E-9
58	141	0	1.03E-7	6.59201E-8	58	142	0	3.43001E-6	2.1952E-6
58	143	0	4.45001E-5	2.84801E-5	58	144	0	4.32281E-4	2.7666E-4
58	145	0	0.00204421	0.0013083	58	146	0	0.00572734	0.0036655
58	147	0	0.00968601	0.00619905	58	148	0	0.0111339	0.00356285
58	149	0	0.00836475	0.00535344	58	150	0	0.00441869	0.00282796
58	151	0	0.00171215	0.00109578	58	152	0	3.75651E-4	2.40416E-4
58	153	0	5.50701E-5	3.52449E-5	58	154	0	3.95001E-6	2.52801E-6
58	155	0	1.98996E-7	1.27357E-7	58	156	0	6.40989E-9	4.10233E-9
58	157	0	1.23997E-10	7.93584E-11	58	158	0	1.44E-12	9.21602E-13
58	159	0	2.38702E-14	1.52769E-14	59	140	0	1.23E-14	7.87202E-15
59	141	0	2.94001E-12	1.8816E-12	59	142	1	2.07E-10	1.3248E-10
59	142	0	2.07E-10	1.3248E-10	59	143	0	2.17E-8	1.3888E-8
59	144	0	8.08002E-8	5.17121E-8	59	144	1	7.27002E-7	4.65281E-7
59	145	0	1.375E-5	8.80002E-6	59	146	0	1.2911E-4	8.26306E-5
59	147	0	7.13751E-4	4.56801E-4	59	148	1	0.0012275	7.85602E-4
59	148	0	0.0012275	7.85602E-4	59	149	0	0.00512205	0.00327811
59	150	0	0.00738158	0.00472421	59	151	0	0.0081662	0.00522637
59	152	0	0.00522531	0.0033442	59	153	0	0.00236317	0.00151243
59	154	0	5.50191E-4	3.52122E-4	59	155	0	9.07502E-5	5.80801E-5
59	156	0	1.011E-5	6.47041E-6	59	157	0	6.91001E-7	4.42241E-7
59	158	0	2.78001E-8	1.7792E-8	59	159	0	7.05978E-10	4.51826E-10
59	160	0	1.18E-11	7.55202E-12	59	161	0	8.4196E-14	5.38854E-14
59	162	0	1.41228E-15	9.0386E-16	60	143	0	4.02001E-13	2.57281E-13
60	144	0	5.96001E-11	3.81441E-11	60	145	0	3.87001E-9	2.47681E-9
60	146	0	1.32E-7	8.44802E-8	60	147	0	2.66001E-6	1.7024E-6
60	148	0	3.13501E-5	2.0064E-5	60	149	0	2.0734E-4	1.32698E-4
60	150	0	8.97072E-4	5.74126E-4	60	151	0	0.00289748	0.00185438
60	152	0	0.00508479	0.00325427	60	153	0	0.00630043	0.00403228
60	154	0	0.00415606	0.00265988	60	155	0	0.00199063	0.00127401
60	156	0	6.99481E-4	4.47668E-4	60	157	0	1.5771E-4	1.00935E-4
60	158	0	2.104E-5	1.34656E-5	60	159	0	1.81E-6	1.1584E-6
60	160	0	1.04E-7	6.65601E-8	60	161	0	3.68992E-9	2.36155E-9
60	162	0	7.46987E-11	4.78072E-11	60	163	0	1.19E-12	7.61602E-13
60	164	0	1.0E-14	6.40001E-15	60	165	0	3.48248E-16	2.22879E-16
61	145	0	4.08001E-14	2.61121E-14	61	146	0	5.21001E-12	3.33441E-12
61	147	0	4.04001E-10	2.58561E-10	61	148	0	5.22001E-9	3.34081E-9
61	148	1	1.22E-8	7.80802E-9	61	149	0	4.00001E-7	2.56001E-7
61	150	0	5.85001E-6	3.74401E-6	61	151	0	6.34101E-5	4.05825E-5
61	152	2	1.14767E-4	7.34508E-5	61	152	0	1.14767E-4	7.34508E-5
61	152	1	1.14767E-4	7.34508E-5	61	153	0	0.00124795	7.9869E-4
61	154	0	0.00114749	7.34395E-4	61	154	1	0.00114749	7.34395E-4
61	155	0	0.0029231	0.00187078	61	156	0	0.00284295	0.00181949
61	157	0	0.00185388	0.00118649	61	158	0	7.34712E-4	4.70215E-4
61	159	0	1.9707E-4	1.26125E-4	61	160	0	3.66701E-5	2.34688E-5
61	161	0	4.36001E-6	2.79041E-6	61	162	0	3.11001E-7	1.9904E-7
61	163	0	1.66E-8	1.0624E-8	61	164	0	4.89001E-10	3.12961E-10
61	165	0	1.02997E-11	6.59179E-12	61	166	0	5.02901E-14	3.21856E-14
61	167	0	1.50138E-15	9.60884E-16	62	148	0	3.68001E-13	2.3552E-13
62	149	0	3.05001E-11	1.952E-11	62	150	0	1.59E-9	1.0176E-9
62	151	0	6.27001E-8	4.01281E-8	62	152	0	1.17E-6	7.48802E-7
62	153	0	1.412E-5	9.03682E-6	62	154	0	8.27302E-5	5.29473E-5
62	155	0	3.09521E-4	1.98093E-4	62	156	0	8.61612E-4	5.51432E-4
62	157	0	0.00154622	9.89583E-4	62	158	0	0.00163204	0.00104451
62	159	0	0.00119754	7.66427E-4	62	160	0	6.39831E-4	4.09492E-4
62	161	0	2.3044E-4	1.47482E-4	62	162	0	5.37401E-5	3.43937E-5
62	163	0	9.15002E-6	5.85601E-6	62	164	0	9.06002E-7	5.79841E-7
62	165	0	6.56001E-8	4.19841E-8	62	166	0	2.65996E-9	1.70237E-9
62	167	0	6.57986E-11	4.21111E-11	62	168	0	8.99002E-13	5.75361E-13
62	169	0	1.14956E-14	7.35717E-15	63	151	0	2.4E-12	1.536E-12
63	152	2	5.36001E-11	3.43041E-11	63	152	0	5.36001E-11	3.43041E-11
63	152	1	5.36001E-11	3.43041E-11	63	153	0	6.89001E-9	4.40961E-9
63	154	1	7.05001E-8	4.51201E-8	63	154	0	7.05001E-8	4.51201E-8
63	155	0	1.73E-6	1.1072E-6	63	156	0	1.577E-5	1.00928E-5
63	157	0	8.83202E-5	5.65249E-5	63	158	0	2.67691E-4	1.71322E-4
63	159	0	5.37401E-4	3.43937E-4	63	160	0	7.64732E-4	4.89428E-4
63	161	0	7.38222E-4	4.72462E-4	63	162	0	4.92021E-4	3.14893E-4
63	163	0	2.3879E-4	1.52826E-4	63	164	0	7.28702E-5	4.66369E-5
63	165	0	1.697E-5	1.08608E-5	63	166	0	2.29E-6	1.4656E-6
63	167	0	1.92E-7	1.2288E-7	63	168	0	9.03002E-9	5.77921E-9
63	169	0	3.39989E-10	2.17593E-10	63	170	0	7.75002E-12	4.96001E-12
63	171	0	3.44542E-14	2.20507E-14	63	172	0	8.52662E-16	5.45704E-16
64	153	0	1.28E-13	8.19202E-14	64	154	0	9.41002E-12	6.02241E-12
64	155	0	4.01001E-10	2.56641E-10	64	156	0	1.29E-8	8.25602E-9
64	157	0	2.49001E-7	1.5936E-7	64	158	0	2.45001E-6	1.568E-6
64	159	0	1.534E-5	9.81762E-6	64	160	0	6.48301E-5	4.14913E-5
64	161	0	1.7629E-4	1.12826E-4	64	162	0	3.25521E-4	2.08333E-4
64	163	0	4.09351E-4	2.61985E-4	64	164	0	3.38381E-4	2.16564E-4
64	165	0	2.2315E-4	1.42816E-4	64	166	0	8.98202E-5	5.74849E-5
64	167	0	2.36E-5	1.5104E-5	64	168	0	3.62001E-6	2.3168E-6
64	169	0	4.57001E-7	2.92481E-7	64	170	0	3.56001E-8	2.2784E-8
64	171	0	1.50997E-9	9.6638E-10	64	172	0	4.50992E-11	2.88635E-11
65	156	0	3.64001E-13	2.3296E-13	65	156	1	4.04001E-14	2.58561E-14
65	157	0	2.81001E-11	1.7984E-11	65	158	0	8.57002E-10	5.48481E-10
65	158	1	9.52002E-11	6.09281E-11	65	159	0	2.02E-8	1.2928E-8
65	160	0	2.83001E-7	1.8112E-7	65	161	0	2.46001E-6	1.5744E-6
65	162	0	7.18001E-6	4.59521E-6	65	162	1	7.18001E-6	4.59521E-6
65	163	0	5.11301E-5	3.27233E-5	65	164	0	1.1696E-4	7.48546E-5
65	165	0	2.0627E-4	1.32013E-4	65	166	0	2.2141E-4	1.41703E-4
65	167	0	1.5986E-4	1.02311E-4	65	168	0	7.08201E-5	4.53249E-5
65	169	0	2.72001E-5	1.7408E-5	65	170	0	6.74001E-6	4.31361E-6
65	171	0	9.44002E-7	6.04161E-7	65	172	0	9.51002E-8	6.08641E-8
66	158	0	1.4E-14	8.96002E-15	66	159	0	1.04E-12	6.65601E-13
66	160	0	5.05001E-11	3.23201E-11	66	161	0	1.51E-9	9.66402E-10
66	162	0	3.05001E-8	1.952E-8	66	163	0	3.44001E-7	2.2016E-7
66	164	0	2.48001E-6	1.5872E-6	66	165	0	1.148E-5	7.34722E-6
66	165	1	1.72E-6	1.1008E-6	66	166	0	4.04601E-5	2.58945E-5
66	167	0	7.95902E-5	5.09377E-5	66	168	0	9.38102E-5	6.00385E-5
66	169	0	9.68402E-5	6.19777E-5	66	170	0	6.70401E-5	4.29057E-5
66	171	0	2.76701E-5	1.77088E-5	66	172	0	8.63002E-6	5.52321E-6
67	161	0	3.06001E-14	1.9584E-14	67	162	0	7.70002E-13	4.92801E-13
67	162	1	1.8E-12	1.152E-12	67	163	0	8.42002E-11	5.38881E-11
67	163	1	1.26E-11	8.06402E-12	67	164	0	7.14001E-10	4.56961E-10
67	164	1	1.67E-9	1.0688E-9	67	165	0	4.21001E-8	2.69441E-8
67	166	0	1.25E-7	8.00002E-8	67	166	1	2.92001E-7	1.8688E-7
67	167	0	2.55001E-6	1.632E-6	67	168	0	8.89002E-6	5.68961E-6
67	169	0	2.57201E-5	1.64608E-5	67	170	0	2.396E-5	1.53344E-5
67	170	1	2.396E-5	1.53344E-5	67	171	0	5.26001E-5	3.36641E-5
67	172	0	4.46201E-5	2.85569E-5	68	164	0	8.81002E-14	5.63841E-14
68	165	0	5.43001E-12	3.47521E-12	68	166	0	1.85E-10	1.184E-10
68	167	0	3.32001E-9	2.1248E-9	68	167	1	4.97001E-10	3.18081E-10
68	168	0	4.39001E-8	2.80961E-8	68	169	0	4.05001E-7	2.59201E-7
68	170	0	2.31E-6	1.4784E-6	68	171	0	7.33002E-6	4.69121E-6
68	172	0	1.712E-5	1.09568E-5	69	167	0	2.24E-13	1.4336E-13
69	168	0	8.93002E-12	5.71521E-12	69	169	0	2.82001E-10	1.8048E-10
69	170	0	5.38001E-9	3.44321E-9	69	171	0	5.58001E-8	3.57121E-8
69	172	0	4.10001E-7	2.62401E-7	70	170	0	4.99001E-13	3.19361E-13
70	171	0	1.79E-11	1.1456E-11	70	172	0	4.46001E-10	2.85441E-10