Z	A	FPS	Yield	Uncertainty	Z	A	FPS	Yield	Uncertainty
23	66	0	2.12427E-15	1.35954E-15	24	66	0	1.03985E-11	6.65504E-12
24	67	0	9.04054E-13	5.78595E-13	24	68	0	4.69028E-14	3.00178E-14
24	69	0	4.36658E-15	2.79461E-15	25	66	0	4.10025E-9	2.62416E-9
25	67	0	9.04054E-10	5.78595E-10	25	68	0	1.21007E-10	7.74446E-11
25	69	0	1.11963E-11	7.16564E-12	25	70	0	7.06042E-13	4.51867E-13
25	71	0	3.02018E-14	1.93292E-14	25	72	0	1.80359E-15	1.1543E-15
26	66	0	1.48009E-7	9.47257E-8	26	67	0	7.94048E-8	5.0819E-8
26	68	0	2.63016E-8	1.6833E-8	26	69	0	6.17037E-9	3.94904E-9
26	70	0	9.9806E-10	6.38758E-10	26	71	0	1.10007E-10	7.04042E-11
26	72	0	8.82873E-12	5.65038E-12	26	73	0	5.21031E-13	3.3346E-13
26	74	0	1.96012E-14	1.25448E-14	27	66	0	5.73034E-7	3.66742E-7
27	67	0	7.04042E-7	4.50587E-7	27	68	0	5.47033E-7	3.50101E-7
27	69	0	3.08018E-7	1.97132E-7	27	70	0	1.22007E-7	7.80847E-8
27	71	0	3.3902E-8	2.16973E-8	27	72	0	6.89041E-9	4.40986E-9
27	73	0	1.04006E-9	6.6564E-10	27	74	0	1.02006E-10	6.52839E-11
27	75	0	7.33044E-12	4.69148E-12	27	76	0	3.71022E-13	2.37454E-13
27	77	0	2.24113E-14	1.43432E-14	28	66	0	2.71016E-7	1.7345E-7
28	67	0	7.38044E-7	4.72348E-7	28	68	0	1.27008E-6	8.12849E-7
28	69	0	1.6101E-6	1.03046E-6	28	70	0	1.48009E-6	9.47257E-7
28	71	0	9.68058E-7	6.19557E-7	28	72	0	4.78029E-7	3.05938E-7
28	73	0	1.79011E-7	1.14567E-7	28	74	0	4.39026E-8	2.80977E-8
28	75	0	8.09049E-9	5.17791E-9	28	76	0	1.06006E-9	6.78441E-10
28	77	0	9.30832E-11	5.95732E-11	28	78	0	5.28032E-12	3.3794E-12
28	79	0	4.05468E-13	2.595E-13	29	66	0	1.45009E-8	9.28056E-9
29	67	0	9.22055E-8	5.90115E-8	29	68	0	1.09007E-7	6.97642E-8
29	68	1	2.54015E-7	1.6257E-7	29	69	0	1.03006E-6	6.5924E-7
29	70	0	5.21031E-7	3.3346E-7	29	70	1	1.56009E-6	9.9846E-7
29	71	0	3.04018E-6	1.94572E-6	29	72	0	3.4002E-6	2.17613E-6
29	73	0	2.97018E-6	1.90091E-6	29	74	0	1.7401E-6	1.11367E-6
29	75	0	7.81047E-7	4.9987E-7	29	76	0	2.54015E-7	1.6257E-7
29	77	0	5.67034E-8	3.62902E-8	29	78	0	8.45051E-9	5.40832E-9
29	79	0	1.03966E-9	6.6538E-10	29	80	0	7.03042E-11	4.49947E-11
29	81	0	3.3602E-12	2.15053E-12	29	82	0	1.12007E-13	7.16843E-14
30	66	0	7.41044E-11	4.74268E-11	30	67	0	1.17007E-9	7.48845E-10
30	68	0	1.12007E-8	7.16843E-9	30	69	0	1.43009E-8	9.15255E-9
30	69	1	6.09037E-8	3.89783E-8	30	70	0	3.53021E-7	2.25934E-7
30	71	0	2.21013E-7	1.41448E-7	30	71	1	9.42056E-7	6.02916E-7
30	72	0	2.89017E-6	1.84971E-6	30	73	0	5.60034E-6	3.58421E-6
30	74	0	7.35044E-6	4.70428E-6	30	75	0	7.56045E-6	4.83869E-6
30	76	0	5.78035E-6	3.69942E-6	30	77	0	3.11019E-6	1.99052E-6
30	78	0	1.17007E-6	7.48845E-7	30	79	0	3.62022E-7	2.31694E-7
30	80	0	6.36038E-8	4.07064E-8	30	81	0	8.01048E-9	5.12671E-9
30	82	0	7.08042E-10	4.53147E-10	30	83	0	3.86023E-11	2.47055E-11
30	84	0	1.39008E-12	8.89653E-13	30	85	0	1.46982E-13	9.40686E-14
31	66	0	3.23019E-14	2.06732E-14	31	67	0	1.31008E-12	8.3845E-13
31	68	0	3.19019E-11	2.04172E-11	31	69	0	5.38032E-10	3.44341E-10
31	70	0	6.24037E-9	3.99384E-9	31	71	0	4.9503E-8	3.16819E-8
31	72	1	1.45009E-7	9.28056E-8	31	72	0	1.45009E-7	9.28056E-8
31	73	0	1.29008E-6	8.2565E-7	31	74	1	1.89011E-6	1.20967E-6
31	74	0	1.89011E-6	1.20967E-6	31	75	0	8.63052E-6	5.52353E-6
31	76	0	1.46709E-5	9.38936E-6	31	77	0	1.77911E-5	1.13863E-5
31	78	0	1.58109E-5	1.0119E-5	31	79	0	1.16307E-5	7.44365E-6
31	80	0	5.0803E-6	3.25139E-6	31	81	0	1.6301E-6	1.04326E-6
31	82	0	3.73022E-7	2.38734E-7	31	83	0	5.46033E-8	3.49461E-8
31	84	0	5.33032E-9	3.4114E-9	31	85	0	3.76876E-10	2.412E-10
31	86	0	1.6301E-11	1.04326E-11	31	87	0	7.5587E-13	4.83757E-13
32	69	0	3.3302E-13	2.13133E-13	32	70	0	9.88059E-12	6.32358E-12
32	71	0	9.9406E-11	6.36198E-11	32	71	1	9.9406E-11	6.36198E-11
32	72	0	2.90017E-9	1.85611E-9	32	73	0	2.55015E-8	1.6321E-8
32	73	1	5.98036E-9	3.82743E-9	32	74	0	2.21013E-7	1.41448E-7
32	75	0	1.53009E-7	9.79259E-8	32	75	1	1.02006E-6	6.52839E-7
32	76	0	4.54027E-6	2.90577E-6	32	77	0	1.06906E-5	6.84201E-6
32	77	1	1.6001E-6	1.02406E-6	32	78	0	2.46915E-5	1.58025E-5
32	79	1	2.02862E-5	1.29832E-5	32	79	0	2.02862E-5	1.29832E-5
32	80	0	4.12425E-5	2.63952E-5	32	81	0	3.15919E-5	2.02188E-5
32	82	0	1.77511E-5	1.13607E-5	32	83	0	6.7004E-6	4.28826E-6
32	84	0	1.7201E-6	1.10087E-6	32	85	0	3.25019E-7	2.08012E-7
32	86	0	3.80023E-8	2.43215E-8	32	87	0	3.13943E-9	2.00924E-9
32	88	0	1.77011E-10	1.13287E-10	32	89	0	1.08775E-11	6.96157E-12
32	90	0	1.77344E-12	1.135E-12	33	71	0	6.7504E-14	4.32026E-14
33	72	0	2.54015E-12	1.6257E-12	33	73	0	7.04042E-11	4.50587E-11
33	74	0	3.74022E-10	2.39374E-10	33	74	1	8.72052E-10	5.58113E-10
33	75	0	1.6401E-8	1.04966E-8	33	76	0	1.54009E-7	9.85659E-8
33	77	0	9.85059E-7	6.30438E-7	33	78	0	4.67028E-6	2.98898E-6
33	79	0	1.7271E-5	1.10535E-5	33	80	0	3.98024E-5	2.54735E-5
33	81	0	6.91141E-5	4.42331E-5	33	82	0	4.46027E-5	2.85457E-5
33	82	1	4.46027E-5	2.85457E-5	33	83	0	8.10249E-5	5.18559E-5
33	84	1	2.57265E-5	1.6465E-5	33	84	0	2.57265E-5	1.6465E-5
33	85	0	2.47415E-5	1.58345E-5	33	86	0	7.54045E-6	4.82589E-6
33	87	0	1.6501E-6	1.05606E-6	33	88	0	2.56015E-7	1.6385E-7
33	89	0	2.78908E-8	1.78501E-8	33	90	0	3.85829E-9	2.4693E-9
33	91	0	4.38116E-11	2.80394E-11	33	92	0	3.28854E-12	2.10467E-12
34	73	0	1.06006E-14	6.78441E-15	34	74	0	6.01036E-13	3.84663E-13
34	75	0	2.03012E-11	1.29928E-11	34	76	0	4.84029E-10	3.09779E-10
34	77	0	1.01006E-9	6.46439E-10	34	77	1	6.76041E-9	4.32666E-9
34	78	0	9.27056E-8	5.93316E-8	34	79	0	7.17043E-7	4.58908E-7
34	79	1	1.07006E-7	6.84841E-8	34	80	0	4.55027E-6	2.91217E-6
34	81	0	2.40014E-6	1.53609E-6	34	81	1	1.6031E-5	1.02598E-5
34	82	0	5.43033E-5	3.47541E-5	34	83	0	9.23255E-5	5.90883E-5
34	83	1	2.16613E-5	1.38632E-5	34	84	0	1.6838E-4	1.07763E-4
34	85	0	9.60858E-5	6.14949E-5	34	85	1	9.60858E-5	6.14949E-5
34	86	0	1.42909E-4	9.14615E-5	34	87	0	7.86047E-5	5.0307E-5
34	88	0	3.21719E-5	2.059E-5	34	89	0	8.99054E-6	5.75394E-6
34	90	0	1.59624E-6	1.02159E-6	34	91	0	1.81967E-7	1.16459E-7
34	92	0	1.60977E-8	1.03025E-8	34	93	0	4.83443E-10	3.09403E-10
34	94	0	4.07024E-11	2.60496E-11	34	95	0	8.49778E-12	5.43858E-12
34	96	0	1.96012E-14	1.25448E-14	35	77	0	1.22007E-12	7.80847E-13
35	77	1	4.09025E-12	2.61776E-12	35	78	0	1.6601E-10	1.06246E-10
35	79	0	8.59052E-10	5.49793E-10	35	79	1	2.88017E-9	1.84331E-9
35	80	0	1.31008E-8	8.3845E-9	35	80	1	3.94024E-8	2.52175E-8
35	81	0	5.31032E-7	3.3986E-7	35	82	0	2.66016E-6	1.7025E-6
35	82	1	1.14007E-6	7.29644E-7	35	83	0	1.93212E-5	1.23655E-5
35	84	0	2.42115E-5	1.54953E-5	35	84	1	4.30426E-5	2.75473E-5
35	85	0	1.77871E-4	1.13837E-4	35	86	0	1.53039E-4	9.79451E-5
35	86	1	1.53039E-4	9.79451E-5	35	87	0	3.95074E-4	2.52847E-4
35	88	0	3.97784E-4	2.54582E-4	35	89	0	2.69106E-4	1.72228E-4
35	90	0	1.21577E-4	7.78095E-5	35	91	0	3.53521E-5	2.26254E-5
35	92	0	7.89047E-6	5.0499E-6	35	93	0	1.23959E-6	7.93338E-7
35	94	0	1.38008E-7	8.83253E-8	35	95	0	2.17891E-8	1.3945E-8
35	96	0	4.63028E-10	2.96338E-10	35	97	0	1.54063E-11	9.86001E-12
36	78	0	2.47015E-14	1.58089E-14	36	79	1	7.20043E-13	4.60828E-13
36	79	0	7.20043E-13	4.60828E-13	36	80	0	5.34032E-11	3.4178E-11
36	81	0	1.23007E-9	7.87247E-10	36	81	1	1.83011E-10	1.17127E-10
36	82	0	2.60016E-8	1.6641E-8	36	83	0	2.76017E-7	1.76651E-7
36	83	1	6.48039E-8	4.14745E-8	36	84	0	3.00018E-6	1.92012E-6
36	85	0	1.57609E-5	1.0087E-5	36	85	1	3.70022E-6	2.36814E-6
36	86	0	7.98648E-5	5.11135E-5	36	87	0	2.40494E-4	1.53916E-4
36	88	0	5.71454E-4	3.65731E-4	36	89	0	8.80643E-4	5.63611E-4
36	90	0	9.44397E-4	6.04414E-4	36	91	0	6.55189E-4	4.19321E-4
36	92	0	3.50101E-4	2.24065E-4	36	93	0	1.38708E-4	8.87733E-5
36	94	0	3.93424E-5	2.51791E-5	36	95	0	7.64866E-6	4.89514E-6
36	96	0	8.82053E-7	5.64514E-7	36	97	0	6.39884E-8	4.09526E-8
36	98	0	4.06024E-9	2.59856E-9	36	99	0	1.34602E-10	8.61451E-11
36	100	0	5.0303E-12	3.21939E-12	37	81	0	3.13019E-13	2.00332E-13
37	83	0	5.41032E-10	3.46261E-10	37	84	0	1.26008E-8	8.06448E-9
37	85	0	2.14013E-7	1.36968E-7	37	86	1	1.12507E-6	7.20043E-7
37	86	0	1.12507E-6	7.20043E-7	37	87	0	1.6861E-5	1.0791E-5
37	88	0	9.90059E-5	6.33638E-5	37	89	0	3.51721E-4	2.25101E-4
37	90	0	1.6608E-4	1.06291E-4	37	90	1	7.08032E-4	4.53141E-4
37	91	0	0.00137304	8.78747E-4	37	92	0	0.00164845	0.00105501
37	93	0	0.00153354	9.81467E-4	37	94	0	0.00105002	6.72015E-4
37	95	0	4.9559E-4	3.17177E-4	37	96	0	1.44239E-4	9.23127E-5
37	97	0	2.69916E-5	1.72746E-5	37	98	0	4.47027E-6	2.86097E-6
37	99	0	3.45131E-7	2.20884E-7	37	100	0	3.81023E-8	2.43855E-8
37	101	0	7.46241E-10	4.77594E-10	37	102	0	4.90217E-11	3.13739E-11
38	83	0	7.08042E-14	4.53147E-14	38	84	0	4.51027E-12	2.88657E-12
38	85	1	1.03506E-10	6.6244E-11	38	85	0	1.03506E-10	6.6244E-11
38	86	0	5.82035E-9	3.72502E-9	38	87	0	9.32056E-8	5.96516E-8
38	87	1	2.19013E-8	1.40168E-8	38	88	0	1.79011E-6	1.14567E-6
38	89	0	1.56809E-5	1.00358E-5	38	90	0	9.56357E-5	6.12069E-5
38	91	0	3.50931E-4	2.24596E-4	38	92	0	9.42667E-4	6.03307E-4
38	93	0	0.00196898	0.00126015	38	94	0	0.0030789	0.0019705
38	95	0	0.00329686	0.00210999	38	96	0	0.00227993	0.00145915
38	97	0	0.00104196	6.66856E-4	38	98	0	4.32266E-4	2.7665E-4
38	99	0	1.21152E-4	7.75373E-5	38	100	0	2.37914E-5	1.52265E-5
38	101	0	3.09944E-6	1.98364E-6	38	102	0	2.39965E-7	1.53578E-7
38	103	0	5.09954E-9	3.26371E-9	38	104	0	5.23031E-10	3.3474E-10
38	105	0	5.718E-11	3.65952E-11	39	85	0	1.6401E-14	1.04966E-14
39	87	0	6.77041E-11	4.33306E-11	39	88	0	2.91017E-9	1.86251E-9
39	89	0	1.26008E-8	8.06448E-9	39	89	1	5.35032E-8	3.42421E-8
39	90	1	5.25031E-7	3.3602E-7	39	90	0	5.25031E-7	3.3602E-7
39	91	1	4.82529E-6	3.08819E-6	39	91	0	4.82529E-6	3.08819E-6
39	92	0	6.17737E-5	3.95352E-5	39	93	1	1.54214E-4	9.86971E-5
39	93	0	1.54214E-4	9.86971E-5	39	94	0	0.00110906	7.09796E-4
39	95	0	0.0026398	0.00168947	39	96	0	4.13045E-4	2.64349E-4
39	96	1	0.00371736	0.00237911	39	97	1	0.00215752	0.00138081
39	97	0	0.00215752	0.00138081	39	98	0	0.00209279	0.00133938
39	98	1	0.00209272	0.00133934	39	99	0	0.00276311	0.00176839
39	100	0	0.00133437	8.53997E-4	39	101	0	4.39506E-4	2.81284E-4
39	102	0	8.96054E-5	5.73474E-5	39	103	0	1.30757E-5	8.36844E-6
39	104	0	1.38008E-6	8.83253E-7	39	105	0	1.46615E-7	9.38334E-8
39	106	0	1.26639E-9	8.10492E-10	39	107	0	2.12713E-10	1.36136E-10
40	88	0	3.90023E-13	2.49615E-13	40	89	0	2.36014E-11	1.51049E-11
40	90	1	5.10031E-10	3.2642E-10	40	90	0	5.10031E-10	3.2642E-10
40	91	0	2.44015E-8	1.56169E-8	40	92	0	3.92024E-7	2.50895E-7
40	93	0	4.9603E-6	3.17459E-6	40	94	0	4.41526E-5	2.82577E-5
40	95	0	2.47415E-4	1.58345E-4	40	96	0	9.07684E-4	5.80918E-4
40	97	0	0.00217261	0.00139047	40	98	0	0.00476981	0.00305268
40	99	0	0.00700509	0.00448326	40	100	0	0.00780454	0.0049949
40	101	0	0.00607718	0.0038894	40	102	0	0.00308157	0.00197221
40	103	0	0.00112254	7.18424E-4	40	104	0	3.08769E-4	1.97612E-4
40	105	0	5.14664E-5	3.29385E-5	40	106	0	6.19911E-6	3.96743E-6
40	107	0	8.83481E-7	5.65428E-7	40	108	0	2.29014E-8	1.46569E-8
40	109	0	7.6805E-10	4.91552E-10	40	110	0	1.24007E-11	7.93648E-12
41	90	0	8.05048E-14	5.15231E-14	41	91	0	5.15031E-12	3.2962E-12
41	92	0	2.14013E-10	1.36968E-10	41	93	0	5.77035E-9	3.69302E-9
41	93	1	1.35008E-9	8.64052E-10	41	94	0	9.72058E-8	6.22117E-8
41	94	1	6.7504E-8	4.32026E-8	41	95	0	1.87011E-6	1.19687E-6
41	95	1	4.38026E-7	2.80337E-7	41	96	0	2.12213E-5	1.35816E-5
41	97	0	1.00786E-4	6.45031E-5	41	97	1	2.36414E-5	1.51305E-5
41	98	0	4.88219E-4	3.1246E-4	41	98	1	1.6274E-4	1.04153E-4
41	99	0	1.7355E-4	1.11072E-4	41	99	1	0.00199568	0.00127723
41	100	0	0.00275116	0.00176075	41	100	1	0.00275116	0.00176075
41	101	0	0.00969576	0.00620529	41	102	1	0.00573141	0.0036681
41	102	0	0.00573141	0.0036681	41	103	0	0.0097332	0.00622925
41	104	1	0.00327882	0.00209845	41	104	0	0.00327882	0.00209845
41	105	0	0.0028282	0.00181005	41	106	0	8.77453E-4	5.6157E-4
41	107	0	1.91458E-4	1.22533E-4	41	108	0	2.46215E-5	1.57577E-5
41	109	0	1.96935E-6	1.26038E-6	41	110	0	1.04006E-7	6.6564E-8
41	111	0	1.63932E-9	1.04917E-9	41	112	0	8.90561E-11	5.69959E-11
42	93	1	4.21525E-13	2.69776E-13	42	93	0	4.21525E-13	2.69776E-13
42	94	0	5.19031E-11	3.3218E-11	42	95	0	1.88011E-9	1.20327E-9
42	96	0	4.52027E-8	2.89297E-8	42	97	0	6.84041E-7	4.37786E-7
42	98	0	9.09055E-6	5.81795E-6	42	99	0	7.34744E-5	4.70236E-5
42	100	0	4.51107E-4	2.88709E-4	42	101	0	0.00187194	0.00119804
42	102	0	0.00519701	0.00332609	42	103	0	0.0100022	0.00320072
42	104	0	0.0155965	0.00499089	42	105	0	0.0161843	0.00517898
42	106	0	0.0121327	0.00388247	42	107	0	0.00676905	0.00433219
42	108	0	0.0023229	0.00148666	42	109	0	4.9775E-4	3.1856E-4
42	110	0	7.16943E-5	4.58844E-5	42	111	0	6.80877E-6	4.35761E-6
42	112	0	4.35937E-7	2.79E-7	42	113	0	7.81306E-9	5.00036E-9
42	114	0	3.15019E-10	2.01612E-10	42	116	0	1.85011E-14	1.18407E-14
43	95	0	1.01006E-13	6.46439E-14	43	95	1	2.36014E-14	1.51049E-14
43	97	1	1.6101E-10	1.03046E-10	43	97	0	1.6101E-10	1.03046E-10
43	98	0	1.13007E-8	7.23243E-9	43	99	0	1.87011E-7	1.19687E-7
43	99	1	4.39026E-8	2.80977E-8	43	100	0	3.64022E-6	2.32974E-6
43	101	0	3.80523E-5	2.43535E-5	43	102	0	1.32808E-4	8.49971E-5
43	102	1	1.32808E-4	8.49971E-5	43	103	0	0.00122173	7.81909E-4
43	104	0	0.0045321	0.00290055	43	105	0	0.0111747	0.0035759
43	106	0	0.019357	0.00619423	43	107	0	0.0257241	0.00823171
43	108	0	0.022	0.00704	43	109	0	0.0118486	0.00379155
43	110	0	0.00441781	0.0028274	43	111	0	0.00108845	6.96605E-4
43	112	0	1.88351E-4	1.20545E-4	43	113	0	2.00334E-5	1.28214E-5
43	114	0	1.18007E-6	7.55245E-7	43	115	0	9.24135E-9	5.91446E-9
43	116	0	6.88041E-10	4.40346E-10	43	117	0	1.66099E-11	1.06303E-11
44	97	0	1.22007E-14	7.80847E-15	44	98	0	1.14007E-12	7.29644E-13
44	99	0	6.12037E-11	3.91703E-11	44	100	0	2.55015E-9	1.6321E-9
44	101	0	6.99042E-8	4.47387E-8	44	102	0	1.29008E-6	8.2565E-7
44	103	0	1.51509E-5	9.69658E-6	44	104	0	1.43259E-4	9.16855E-5
44	105	0	8.95954E-4	5.7341E-4	44	106	0	0.00373721	0.00239182
44	107	0	0.0119116	0.00381173	44	108	0	0.0245806	0.00786581
44	109	1	0.0156724	0.0100304	44	109	0	0.0156724	0.0100304
44	110	0	0.0281882	0.00902022	44	111	0	0.0168389	0.00538846
44	112	0	0.0074437	0.00476397	44	113	0	0.00218085	0.00139574
44	114	0	3.71632E-4	2.37845E-4	44	115	0	3.83831E-5	2.45652E-5
44	116	0	2.06012E-6	1.31848E-6	44	117	0	6.89875E-8	4.4152E-8
44	118	0	1.5901E-9	1.01766E-9	44	119	0	2.93018E-11	1.87531E-11
44	120	0	3.65022E-13	2.33614E-13	45	101	0	2.02012E-12	1.29288E-12
45	101	1	8.62052E-12	5.51713E-12	45	102	0	2.69016E-10	1.7217E-10
45	102	1	2.69016E-10	1.7217E-10	45	103	0	2.16013E-9	1.38248E-9
45	103	1	1.44009E-8	9.21655E-9	45	104	0	1.05006E-7	6.7204E-8
45	104	1	3.14019E-7	2.00972E-7	45	105	0	6.15037E-6	3.93624E-6
45	105	1	9.18055E-7	5.87555E-7	45	106	0	3.79923E-5	2.43151E-5
45	106	1	3.79923E-5	2.43151E-5	45	107	0	6.22737E-4	3.98552E-4
45	108	0	0.00163904	0.00104898	45	108	1	0.00163905	0.00104899
45	109	0	0.0050636	0.00324071	45	109	1	0.00506353	0.00324066
45	110	0	0.0108052	0.00345767	45	110	1	0.0108052	0.00345767
45	111	0	0.0298402	0.00954886	45	112	0	0.0314896	0.0100767
45	113	0	0.0235919	0.00754941	45	114	0	0.0108741	0.00347972
45	115	0	0.00321666	0.00205866	45	116	0	5.19671E-4	3.3259E-4
45	117	0	5.12131E-5	3.27764E-5	45	118	0	3.44021E-6	2.20173E-6
45	119	0	1.7301E-7	1.10727E-7	45	120	0	5.89035E-9	3.76983E-9
45	121	0	1.88011E-10	1.20327E-10	45	122	0	2.54015E-12	1.6257E-12
46	102	0	1.80011E-14	1.15207E-14	46	103	0	1.49009E-12	9.53657E-13
46	104	0	1.03006E-10	6.5924E-11	46	105	0	4.83029E-9	3.09139E-9
46	106	0	1.40008E-7	8.96054E-8	46	107	0	1.09007E-6	6.97642E-7
46	107	1	2.02012E-6	1.29288E-6	46	108	0	4.46827E-5	2.85969E-5
46	109	0	1.25698E-4	8.04464E-5	46	109	1	2.33444E-4	1.49404E-4
46	110	0	0.00193683	0.00123957	46	111	0	0.00224623	0.00143759
46	111	1	0.00417158	0.00266981	46	112	0	0.0162016	0.0051845
46	113	0	0.0298887	0.00956438	46	114	0	0.0348352	0.0111473
46	115	0	0.0272836	0.00873077	46	116	0	0.0123704	0.00395852
46	117	0	0.00338685	0.00216759	46	118	0	6.35278E-4	4.06578E-4
46	119	0	8.43651E-5	5.39936E-5	46	120	0	7.73046E-6	4.9475E-6
46	121	0	6.54039E-7	4.18585E-7	46	122	0	2.29014E-8	1.46569E-8
46	130	0	5.14031E-13	3.2898E-13	47	105	0	3.48021E-14	2.22733E-14
47	105	1	2.33014E-13	1.49129E-13	47	106	0	6.37038E-12	4.07704E-12
47	106	1	1.49009E-11	9.53657E-12	47	107	0	1.7201E-10	1.10087E-10
47	107	1	1.15007E-9	7.36044E-10	47	108	1	2.70016E-8	1.7281E-8
47	108	0	2.70016E-8	1.7281E-8	47	109	1	5.95036E-7	3.80823E-7
47	109	0	5.95036E-7	3.80823E-7	47	110	0	5.16031E-6	3.3026E-6
47	110	1	1.20507E-5	7.71246E-6	47	111	0	1.90611E-5	1.21991E-5
47	111	1	1.27558E-4	8.16369E-5	47	112	0	9.48507E-4	6.07044E-4
47	113	0	5.90765E-4	3.7809E-4	47	113	1	0.00395357	0.00253028
47	114	0	0.0136215	0.00435888	47	115	0	0.0137289	0.00439324
47	115	1	0.0137289	0.00439324	47	116	0	0.0163659	0.00523708
47	116	1	0.0163659	0.00523708	47	117	0	0.0115357	0.00369142
47	117	1	0.0115357	0.00369142	47	118	0	0.00562649	0.00360095
47	118	1	0.00562649	0.00360095	47	119	0	0.00374533	0.00239701
47	120	1	4.41191E-4	2.82363E-4	47	120	0	4.41191E-4	2.82363E-4
47	121	0	1.91461E-4	1.22535E-4	47	122	1	8.52051E-6	5.45313E-6
47	122	0	8.52051E-6	5.45313E-6	47	123	0	1.6301E-12	1.04326E-12
47	124	0	5.92035E-14	3.78903E-14	47	129	0	7.76819E-17	4.97164E-17
47	130	0	6.77041E-9	4.33306E-9	47	131	0	1.68987E-10	1.08152E-10
47	132	0	7.47581E-12	4.78452E-12	48	107	0	4.54027E-14	2.90577E-14
48	108	0	5.36032E-12	3.43061E-12	48	109	0	3.3002E-10	2.11213E-10
48	110	0	1.33008E-8	8.51251E-9	48	111	0	7.00042E-8	4.48027E-8
48	111	1	2.34014E-7	1.49769E-7	48	112	0	5.34032E-6	3.4178E-6
48	113	0	1.6411E-5	1.0503E-5	48	113	1	5.49533E-5	3.51701E-5
48	114	0	5.93636E-4	3.79927E-4	48	115	0	7.54585E-4	4.82935E-4
48	115	1	0.00252621	0.00161678	48	116	0	0.0105733	0.00338347
48	117	0	0.00433191	0.00277242	48	117	1	0.0145025	0.00464079
48	118	0	0.0226247	0.00723991	48	119	0	0.00882197	0.00564606
48	119	1	0.00882197	0.00564606	48	120	0	0.00997942	0.00638683
48	121	1	0.00261449	0.00167327	48	121	0	0.00261449	0.00167327
48	122	0	0.00112687	7.21195E-4	48	123	0	2.93018E-6	1.87531E-6
48	124	0	3.22019E-7	2.06092E-7	48	125	0	1.04006E-7	6.6564E-8
48	126	0	4.66028E-8	2.98258E-8	48	127	0	2.19013E-8	1.40168E-8
48	128	0	8.61052E-9	5.51073E-9	48	129	0	1.98012E-9	1.26728E-9
48	130	0	7.29044E-6	4.66588E-6	48	131	0	7.01873E-7	4.49199E-7
48	132	0	3.65947E-8	2.34206E-8	48	133	0	6.62784E-10	4.24182E-10
48	134	0	7.35044E-12	4.70428E-12	49	111	0	5.26032E-11	3.3666E-11
49	112	0	4.89029E-10	3.12979E-10	49	112	1	2.09013E-9	1.33768E-9
49	113	0	8.10049E-8	5.18431E-8	49	113	1	1.90011E-8	1.21607E-8
49	114	0	6.10037E-7	3.90423E-7	49	114	1	1.83011E-6	1.17127E-6
49	115	0	3.21819E-5	2.05964E-5	49	115	1	7.55045E-6	4.83229E-6
49	116	2	1.24987E-4	7.9992E-5	49	116	0	1.24987E-4	7.9992E-5
49	116	1	1.24987E-4	7.9992E-5	49	117	0	0.00146151	9.35365E-4
49	117	1	3.42821E-4	2.19405E-4	49	118	2	6.92001E-4	4.42881E-4
49	118	0	0.00415202	0.00265729	49	118	1	6.92001E-4	4.42881E-4
49	119	0	0.00816853	0.00522786	49	119	1	0.00191607	0.00122629
49	120	2	0.00439459	0.00281254	49	120	0	0.00439459	0.00281254
49	120	1	0.00439459	0.00281254	49	121	0	0.0127419	0.00407741
49	121	1	0.00298586	0.00191095	49	122	2	0.00255876	0.00163761
49	122	0	0.00255876	0.00163761	49	122	1	0.00255876	0.00163761
49	123	0	0.00213601	0.00136705	49	123	1	5.0104E-4	3.20666E-4
49	124	1	3.98409E-4	2.54982E-4	49	124	0	3.98409E-4	2.54982E-4
49	125	0	2.50715E-4	1.60458E-4	49	125	1	2.50715E-4	1.60458E-4
49	126	1	1.74955E-4	1.11972E-4	49	126	0	1.74955E-4	1.11972E-4
49	127	0	1.29308E-4	8.2757E-5	49	127	1	1.29308E-4	8.2757E-5
49	128	1	1.00266E-4	6.41702E-5	49	128	0	1.00266E-4	6.41702E-5
49	129	0	6.25037E-5	4.00024E-5	49	129	1	6.25037E-5	4.00024E-5
49	130	2	2.29244E-4	1.46716E-4	49	130	1	2.29244E-4	1.46716E-4
49	130	0	2.29244E-4	1.46716E-4	49	131	1	9.78309E-5	6.26118E-5
49	131	0	9.78309E-5	6.26118E-5	49	132	0	3.15019E-5	2.01612E-5
49	133	0	1.69944E-6	1.08764E-6	49	134	0	6.47039E-8	4.14105E-8
49	135	0	1.20361E-9	7.70313E-10	49	136	0	2.64016E-11	1.6897E-11
50	112	0	1.00006E-13	6.40038E-14	50	113	1	5.75034E-12	3.68022E-12
50	113	0	5.75034E-12	3.68022E-12	50	114	0	8.51051E-10	5.44673E-10
50	115	0	4.24025E-8	2.71376E-8	50	116	0	1.24007E-6	7.93648E-7
50	117	1	8.61052E-6	5.51073E-6	50	117	0	8.61052E-6	5.51073E-6
50	118	0	1.45409E-4	9.30616E-5	50	119	0	1.51989E-4	9.7273E-5
50	119	1	5.08841E-4	3.25658E-4	50	120	0	0.00209378	0.00134002
50	121	0	0.00172197	0.00110206	50	121	1	0.00409423	0.0026203
50	122	0	0.00626655	0.00401059	50	123	0	0.00451073	0.00288687
50	123	1	0.00184241	0.00117914	50	124	0	0.00374718	0.0023982
50	125	0	0.00263404	0.00168578	50	125	1	0.00107587	6.8856E-4
50	126	0	0.00354435	0.00226839	50	127	0	0.00257368	0.00164716
50	127	1	0.00105123	6.72789E-4	50	128	1	0.00233396	0.00149374
50	128	0	0.00233396	0.00149374	50	129	0	0.00449041	0.00287386
50	129	1	0.00183051	0.00117153	50	130	1	0.0032563	0.00208403
50	130	0	0.0032563	0.00208403	50	131	1	0.00255181	0.00163316
50	131	0	0.00255181	0.00163316	50	132	0	0.00240025	0.00153616
50	133	0	3.99874E-4	2.55919E-4	50	134	0	4.68828E-5	3.0005E-5
50	135	0	4.9991E-6	3.19942E-6	50	136	0	1.76011E-7	1.12647E-7
50	137	0	7.01042E-9	4.48667E-9	50	138	0	1.56009E-10	9.9846E-11
51	115	0	3.71022E-12	2.37454E-12	51	117	0	1.44009E-8	9.21655E-9
51	118	0	1.43009E-7	9.15255E-8	51	118	1	2.06012E-7	1.31848E-7
51	119	0	4.20025E-6	2.68816E-6	51	120	0	1.41308E-5	9.04374E-6
51	120	1	2.03312E-5	1.3012E-5	51	121	0	2.34654E-4	1.50179E-4
51	122	0	2.82157E-4	1.8058E-4	51	122	1	3.18179E-4	2.03635E-4
51	123	0	9.55357E-5	6.11429E-5	51	124	2	4.40293E-5	2.81788E-5
51	124	0	4.40293E-5	2.81788E-5	51	124	1	4.40293E-5	2.81788E-5
51	125	0	2.19243E-4	1.40316E-4	51	126	2	9.18605E-5	5.87907E-5
51	126	0	1.07896E-4	6.90537E-5	51	126	1	9.18605E-5	5.87907E-5
51	127	0	4.10715E-4	2.62857E-4	51	128	0	3.10399E-4	1.98655E-4
51	128	1	5.28522E-4	3.38254E-4	51	129	0	0.00213603	0.00136706
51	130	0	0.00269284	0.00172342	51	130	1	0.00458506	0.00293444
51	131	0	0.0147015	0.00470449	51	132	0	0.0108144	0.00346061
51	132	1	0.00783111	0.00501191	51	133	0	0.00888676	0.00568753
51	134	1	0.00151409	9.69015E-4	51	134	0	0.00151409	9.69015E-4
51	135	0	9.44677E-4	6.04593E-4	51	136	0	9.73358E-5	6.22949E-5
51	137	0	1.06806E-5	6.83561E-6	51	138	0	6.80041E-7	4.35226E-7
51	139	0	3.43021E-8	2.19533E-8	51	140	0	5.78048E-10	3.69951E-10
51	141	0	1.00213E-10	6.41361E-11	52	117	0	9.75058E-13	6.24037E-13
52	118	0	7.02042E-11	4.49307E-11	52	119	0	2.29014E-9	1.46569E-9
52	120	0	5.0703E-8	3.24499E-8	52	121	1	4.48527E-7	2.87057E-7
52	121	0	4.48527E-7	2.87057E-7	52	122	0	5.73034E-6	3.66742E-6
52	123	0	2.48015E-10	1.5873E-10	52	123	1	8.3205E-10	5.32512E-10
52	124	0	4.38026E-9	2.80337E-9	52	125	0	3.3102E-9	2.11853E-9
52	125	1	1.11007E-8	7.10443E-9	52	126	0	3.01018E-8	1.92652E-8
52	127	0	1.93012E-8	1.23527E-8	52	127	1	4.72028E-8	3.02098E-8
52	128	0	2.65016E-7	1.6961E-7	52	129	0	5.0403E-7	3.22579E-7
52	129	1	1.23007E-6	7.87247E-7	52	130	0	9.70538E-4	6.21144E-4
52	131	0	0.00149945	9.59648E-4	52	131	1	0.00367106	0.00234948
52	132	0	0.0172579	0.00552254	52	133	0	0.00640073	0.00409647
52	133	1	0.0156709	0.00501468	52	134	0	0.0201334	0.00644269
52	135	0	0.0171069	0.00547421	52	136	0	0.0048557	0.00310765
52	137	0	0.0014083	9.01315E-4	52	138	0	2.47755E-4	1.58563E-4
52	139	0	3.42521E-5	2.19213E-5	52	140	0	2.82959E-6	1.81094E-6
52	141	0	4.16223E-7	2.66383E-7	52	142	0	5.0403E-9	3.22579E-9
52	143	0	2.30315E-10	1.47402E-10	53	121	0	2.90017E-10	1.85611E-10
53	128	0	3.71022E-14	2.37454E-14	53	129	0	6.82041E-13	4.36506E-13
53	130	0	9.26056E-6	5.92676E-6	53	130	1	3.97024E-6	2.54095E-6
53	131	0	2.00992E-4	1.28635E-4	53	132	1	9.44037E-4	6.04183E-4
53	132	0	9.44037E-4	6.04183E-4	53	133	1	0.00334422	0.0021403
53	133	0	0.00334422	0.0021403	53	134	0	0.00935578	0.0059877
53	134	1	0.00677662	0.00433703	53	135	0	0.0351228	0.00807824
53	136	0	0.0127431	0.00407779	53	136	1	0.0127243	0.00407179
53	137	0	0.0182031	0.00582498	53	138	0	0.00832437	0.0053276
53	139	0	0.00300943	0.00192604	53	140	0	6.50159E-4	4.16102E-4
53	141	0	9.01991E-5	5.77274E-5	53	142	0	8.48051E-6	5.42753E-6
53	143	0	5.9055E-7	3.77952E-7	53	144	0	5.13298E-9	3.28511E-9
53	145	0	4.47744E-10	2.86556E-10	53	146	0	1.89551E-11	1.21312E-11
54	130	0	1.6001E-8	1.02406E-8	54	131	0	2.12013E-7	1.35688E-7
54	131	1	5.20031E-7	3.3282E-7	54	132	0	2.07912E-5	1.33064E-5
54	133	0	6.42038E-5	4.10905E-5	54	133	1	1.57179E-4	1.00595E-4
54	134	0	4.53537E-4	2.90264E-4	54	134	1	0.00105825	6.77282E-4
54	135	0	0.00254801	0.00163073	54	135	1	0.006238	0.00399232
54	136	0	0.0161797	0.00517751	54	137	0	0.0271821	0.00869828
54	138	0	0.0302352	0.00967527	54	139	0	0.0266569	0.0085302
54	140	0	0.0141202	0.00451847	54	141	0	0.00508255	0.00325284
54	142	0	0.00122963	7.86966E-4	54	143	1	1.03651E-4	6.63365E-5
54	143	0	1.03651E-4	6.63365E-5	54	144	0	2.51264E-5	1.60809E-5
54	145	0	1.85966E-6	1.19018E-6	54	146	0	9.27866E-8	5.93834E-8
54	147	0	8.07876E-10	5.17041E-10	54	148	0	5.96036E-11	3.81463E-11
55	131	0	2.25013E-10	1.44009E-10	55	132	0	2.01012E-8	1.28648E-8
55	133	0	6.80041E-7	4.35226E-7	55	134	1	7.04542E-6	4.50907E-6
55	134	0	7.04542E-6	4.50907E-6	55	135	1	1.18102E-4	7.55853E-5
55	135	0	1.18102E-4	7.55853E-5	55	136	1	5.93091E-4	3.79578E-4
55	136	0	5.93091E-4	3.79578E-4	55	137	0	0.00493341	0.00315738
55	138	0	0.00672667	0.00430507	55	138	1	0.00672819	0.00430604
55	139	0	0.0279894	0.00895662	55	140	0	0.0343418	0.0109894
55	141	0	0.029728	0.00951294	55	142	0	0.0173861	0.00556356
55	143	0	0.00731595	0.00468221	55	144	0	0.00220741	0.00141274
55	145	0	4.26086E-4	2.72695E-4	55	146	0	5.66134E-5	3.62326E-5
55	147	0	2.07147E-6	1.32574E-6	55	148	0	2.80017E-7	1.79211E-7
55	149	0	2.84294E-9	1.81948E-9	55	150	0	1.88011E-10	1.20327E-10
55	151	0	1.98081E-11	1.26772E-11	56	132	0	1.5901E-12	1.01766E-12
56	133	0	1.7501E-10	1.12007E-10	56	134	0	1.15007E-8	7.36044E-9
56	135	1	2.91017E-7	1.86251E-7	56	135	0	2.91017E-7	1.86251E-7
56	136	1	4.25025E-6	2.72016E-6	56	136	0	4.25025E-6	2.72016E-6
56	137	0	2.71216E-5	1.73578E-5	56	137	1	6.6404E-5	4.24985E-5
56	138	0	6.7228E-4	4.30259E-4	56	139	0	0.0034944	0.00223642
56	140	0	0.0101866	0.00325972	56	141	0	0.0209587	0.00670678
56	142	0	0.0283041	0.00905732	56	143	0	0.0277855	0.00889136
56	144	0	0.0195486	0.00625556	56	145	0	0.00925542	0.00592347
56	146	0	0.00310211	0.00198535	56	147	0	7.27151E-4	4.65377E-4
56	148	0	1.09647E-4	7.01738E-5	56	149	0	1.18079E-5	7.55703E-6
56	150	0	6.20037E-7	3.96824E-7	56	151	0	8.22708E-8	5.26533E-8
56	152	0	4.15025E-10	2.65616E-10	56	153	0	1.5478E-11	9.90589E-12
56	154	0	4.38026E-14	2.80337E-14	57	135	0	1.20007E-10	7.68046E-11
57	137	0	1.6001E-7	1.02406E-7	57	138	0	3.20019E-6	2.04812E-6
57	139	0	4.43827E-5	2.84049E-5	57	140	0	3.2951E-4	2.10886E-4
57	141	0	0.00171837	0.00109976	57	142	0	0.00558856	0.00357668
57	143	0	0.0128735	0.0041195	57	144	0	0.0205303	0.00656968
57	145	0	0.0225068	0.00720218	57	146	1	0.00887709	0.00568134
57	146	0	0.00887709	0.00568134	57	147	0	0.0103119	0.0032998
57	148	0	0.00394939	0.00252761	57	149	0	0.00114104	7.30265E-4
57	150	0	1.7266E-4	1.10503E-4	57	151	0	1.78288E-5	1.14104E-5
57	152	0	1.02006E-6	6.52839E-7	57	153	0	3.96869E-8	2.53996E-8
57	154	0	9.34056E-10	5.97796E-10	57	155	0	1.94023E-11	1.24174E-11
58	137	0	2.25013E-11	1.44009E-11	58	138	0	1.29008E-9	8.2565E-10
58	139	0	1.44009E-8	9.21655E-9	58	139	1	3.53021E-8	2.25934E-8
58	140	0	9.88059E-7	6.32358E-7	58	141	0	1.38808E-5	8.88373E-6
58	142	0	1.16307E-4	7.44365E-5	58	143	0	6.7309E-4	4.30778E-4
58	144	0	0.00256364	0.00164073	58	145	0	0.00667661	0.00427303
58	146	0	0.0122574	0.00392235	58	147	0	0.016801	0.00537631
58	148	0	0.0153306	0.00490579	58	149	0	0.0110484	0.00353549
58	150	0	0.00450411	0.00288263	58	151	0	0.00130201	8.33285E-4
58	152	0	2.11593E-4	1.35419E-4	58	153	0	2.36014E-5	1.51049E-5
58	154	0	1.6101E-6	1.03046E-6	58	155	0	8.05854E-8	5.15747E-8
58	156	0	3.16019E-9	2.02252E-9	58	157	0	7.61046E-11	4.87069E-11
58	158	0	1.33008E-12	8.51251E-13	59	139	0	4.58027E-12	2.93138E-12
59	140	0	2.49015E-10	1.5937E-10	59	141	0	9.72058E-9	6.22117E-9
59	142	1	1.09507E-7	7.00842E-8	59	142	0	1.09507E-7	7.00842E-8
59	143	0	3.3602E-6	2.15053E-6	59	144	0	3.2602E-6	2.08653E-6
59	144	1	2.93018E-5	1.87531E-5	59	145	0	2.15953E-4	1.3821E-4
59	146	0	9.82729E-4	6.28947E-4	59	147	0	0.00331462	0.00212136
59	148	1	0.0036257	0.00232045	59	148	0	0.0036257	0.00232045
59	149	0	0.0126065	0.00403408	59	150	0	0.0129733	0.00415144
59	151	0	0.00968025	0.00619536	59	152	0	0.00419763	0.00268648
59	153	0	0.00126336	8.08548E-4	59	154	0	2.39364E-4	1.53193E-4
59	155	0	3.23819E-5	2.07244E-5	59	156	0	3.4002E-6	2.17613E-6
59	157	0	2.16013E-7	1.38248E-7	59	158	0	1.01006E-8	6.46439E-9
59	159	0	3.46021E-10	2.21453E-10	59	160	0	8.2605E-12	5.28672E-12
59	161	0	3.00904E-13	1.92578E-13	60	141	0	5.53033E-13	3.53941E-13
60	142	0	3.42021E-11	2.18893E-11	60	143	0	1.43009E-9	9.15255E-10
60	144	0	3.65022E-8	2.33614E-8	60	145	0	6.47039E-7	4.14105E-7
60	146	0	7.75046E-6	4.9603E-6	60	147	0	6.89741E-5	4.41434E-5
60	148	0	3.87803E-4	2.48194E-4	60	149	0	0.00171827	0.00109969
60	150	0	0.00456264	0.00292009	60	151	0	0.00859221	0.00549901
60	152	0	0.00937784	0.00600182	60	153	0	0.00707536	0.00452823
60	154	0	0.00346164	0.00221545	60	155	0	0.00119367	7.6395E-4
60	156	0	3.20939E-4	2.05401E-4	60	157	0	5.20931E-5	3.33396E-5
60	158	0	6.29038E-6	4.02584E-6	60	159	0	5.54033E-7	3.54581E-7
60	160	0	3.42021E-8	2.18893E-8	60	161	0	1.24977E-9	7.99855E-10
60	162	0	3.46021E-11	2.21453E-11	60	163	0	6.5904E-13	4.21785E-13
61	143	0	4.90029E-14	3.13619E-14	61	144	0	3.3602E-12	2.15053E-12
61	145	0	1.6301E-10	1.04326E-10	61	146	0	5.29032E-9	3.3858E-9
61	147	0	1.30008E-7	8.3205E-8	61	148	0	5.95036E-7	3.80823E-7
61	148	1	1.39008E-6	8.89653E-7	61	149	0	2.39814E-5	1.53481E-5
61	150	0	1.77361E-4	1.13511E-4	61	151	0	8.99424E-4	5.75631E-4
61	152	2	6.38523E-4	4.08655E-4	61	152	0	0.00127704	8.17303E-4
61	152	1	6.38523E-4	4.08655E-4	61	153	0	0.0047831	0.00306118
61	154	0	0.00287981	0.00184308	61	154	1	0.00287982	0.00184309
61	155	0	0.00473482	0.00303029	61	156	0	0.0030396	0.00194535
61	157	0	0.00118472	7.58221E-4	61	158	0	3.52721E-4	2.25742E-4
61	159	0	7.66546E-5	4.90589E-5	61	160	0	1.18507E-5	7.58445E-6
61	161	0	1.13007E-6	7.23243E-7	61	162	0	8.05048E-8	5.15231E-8
61	163	0	3.97024E-9	2.54095E-9	61	164	0	1.40008E-10	8.96054E-11
61	165	0	3.64022E-12	2.32974E-12	61	166	0	1.16222E-13	7.43823E-14
62	146	0	2.94018E-13	1.88171E-13	62	147	0	2.03012E-11	1.29928E-11
62	148	0	8.65052E-10	5.53633E-10	62	149	0	2.97018E-8	1.90091E-8
62	150	0	6.46039E-7	4.13465E-7	62	151	0	9.44057E-6	6.04196E-6
62	152	0	7.53245E-5	4.82077E-5	62	153	0	3.75042E-4	2.40027E-4
62	154	0	0.00116112	7.43117E-4	62	155	0	0.00228691	0.00146362
62	156	0	0.00339637	0.00217368	62	157	0	0.00300459	0.00192294
62	158	0	0.002063	0.00132032	62	159	0	0.00103645	6.63329E-4
62	160	0	3.80323E-4	2.43407E-4	62	161	0	9.05254E-5	5.79363E-5
62	162	0	1.5981E-5	1.02278E-5	62	163	0	1.99012E-6	1.27368E-6
62	164	0	1.79011E-7	1.14567E-7	62	165	0	1.20007E-8	7.68046E-9
62	166	0	5.68918E-10	3.64107E-10	62	167	0	1.82011E-11	1.16487E-11
62	168	0	4.20025E-13	2.68816E-13	63	149	0	3.02018E-12	1.93292E-12
63	151	0	8.69052E-9	5.56193E-9	63	152	2	6.80041E-8	4.35226E-8
63	152	0	6.80041E-8	4.35226E-8	63	152	1	6.80041E-8	4.35226E-8
63	153	0	2.89017E-6	1.84971E-6	63	154	1	1.23657E-5	7.91407E-6
63	154	0	1.23657E-5	7.91407E-6	63	155	0	1.25108E-4	8.00688E-5
63	156	0	4.52907E-4	2.89861E-4	63	157	0	9.30146E-4	5.95293E-4
63	158	0	0.0014545	9.30878E-4	63	159	0	0.00161926	0.00103632
63	160	0	0.00132686	8.4919E-4	63	161	0	7.34784E-4	4.70262E-4
63	162	0	3.02918E-4	1.93868E-4	63	163	0	9.04754E-5	5.79043E-5
63	164	0	1.99512E-5	1.27688E-5	63	165	0	3.3502E-6	2.14413E-6
63	166	0	4.02024E-7	2.57295E-7	63	167	0	3.3002E-8	2.11213E-8
63	168	0	1.97012E-9	1.26088E-9	63	169	0	7.46045E-11	4.77469E-11
63	170	0	2.02012E-12	1.29288E-12	63	171	0	6.23472E-14	3.99022E-14
64	151	0	6.53039E-13	4.17945E-13	64	152	0	4.66028E-11	2.98258E-11
64	153	0	1.92012E-9	1.22887E-9	64	154	0	4.77029E-8	3.05298E-8
64	155	0	6.55039E-7	4.19225E-7	64	156	0	6.17037E-6	3.94904E-6
64	157	0	3.15019E-5	2.01612E-5	64	158	0	1.19247E-4	7.63182E-5
64	159	0	3.05938E-4	1.95801E-4	64	160	0	5.64654E-4	3.61378E-4
64	161	0	7.09163E-4	4.53864E-4	64	162	0	6.48799E-4	4.15231E-4
64	163	0	4.35496E-4	2.78718E-4	64	164	0	2.20663E-4	1.41224E-4
64	165	0	8.74152E-5	5.59458E-5	64	166	0	2.53915E-5	1.62506E-5
64	167	0	5.15031E-6	3.2962E-6	64	168	0	7.72046E-7	4.9411E-7
64	169	0	7.45045E-8	4.76829E-8	64	170	0	5.19031E-9	3.3218E-9
64	171	0	2.58953E-10	1.6573E-10	64	172	0	8.3005E-12	5.31232E-12
65	153	0	1.04006E-13	6.6564E-14	65	155	0	2.93018E-10	1.87531E-10
65	156	0	6.7104E-9	4.29466E-9	65	156	1	7.46045E-10	4.77469E-10
65	157	0	9.91059E-8	6.34278E-8	65	158	0	8.67052E-7	5.54913E-7
65	158	1	9.63058E-8	6.16357E-8	65	159	0	6.08036E-6	3.89143E-6
65	160	0	2.69516E-5	1.7249E-5	65	161	0	8.10849E-5	5.18943E-5
65	162	0	8.46451E-5	5.41728E-5	65	162	1	8.46451E-5	5.41728E-5
65	163	0	2.54195E-4	1.62685E-4	65	164	0	2.85467E-4	1.82699E-4
65	165	0	2.51795E-4	1.61149E-4	65	166	0	1.6561E-4	1.0599E-4
65	167	0	7.79147E-5	4.98654E-5	65	168	0	2.78017E-5	1.77931E-5
65	169	0	6.54039E-6	4.18585E-6	65	170	0	1.13007E-6	7.23243E-7
65	171	0	1.43009E-7	9.15255E-8	65	172	0	1.17007E-8	7.48845E-9
66	155	0	1.06006E-14	6.78441E-15	66	156	0	7.40044E-13	4.73628E-13
66	157	0	2.62016E-11	1.6769E-11	66	158	0	6.7504E-10	4.32026E-10
66	159	0	1.09007E-8	6.97642E-9	66	160	0	1.22007E-7	7.80847E-8
66	161	0	9.36056E-7	5.99076E-7	66	162	0	4.77029E-6	3.05298E-6
66	163	0	1.7041E-5	1.09063E-5	66	164	0	4.43627E-5	2.83921E-5
66	165	0	7.70446E-5	4.93086E-5	66	165	1	1.15107E-5	7.36684E-6
66	166	0	1.29648E-4	8.29746E-5	66	167	0	1.35208E-4	8.65332E-5
66	168	0	1.07946E-4	6.90857E-5	66	169	0	5.80135E-5	3.71286E-5
66	170	0	2.35414E-5	1.50665E-5	66	171	0	7.15043E-6	4.57627E-6
66	172	0	1.44009E-6	9.21655E-7	67	159	0	1.41008E-12	9.02454E-13
67	159	1	2.10013E-13	1.34408E-13	67	161	0	8.2805E-10	5.29952E-10
67	161	1	1.24007E-10	7.93648E-11	67	162	0	3.70022E-9	2.36814E-9
67	162	1	8.64052E-9	5.52993E-9	67	163	0	9.65058E-8	6.17637E-8
67	163	1	1.44009E-8	9.21655E-9	67	164	0	2.14013E-7	1.36968E-7
67	164	1	4.9903E-7	3.19379E-7	67	165	0	3.44021E-6	2.20173E-6
67	166	0	3.56021E-6	2.27854E-6	67	166	1	8.3205E-6	5.32512E-6
67	167	0	2.84617E-5	1.82155E-5	67	168	0	5.10531E-5	3.2674E-5
67	169	0	6.08837E-5	3.89655E-5	67	170	0	2.74316E-5	1.75563E-5
67	170	1	2.74316E-5	1.75563E-5	67	171	0	3.75323E-5	2.40206E-5
67	172	0	1.7411E-5	1.11431E-5	68	161	0	7.91047E-14	5.0627E-14
68	162	0	2.67016E-12	1.7089E-12	68	163	0	6.21037E-11	3.97464E-11
68	164	0	1.02006E-9	6.52839E-10	68	165	0	1.25007E-8	8.00048E-9
68	166	0	1.08006E-7	6.91241E-8	68	167	0	5.53033E-7	3.53941E-7
68	167	1	8.2605E-8	5.28672E-8	68	168	0	2.73016E-6	1.7473E-6
68	169	0	7.60046E-6	4.86429E-6	68	170	0	1.56009E-5	9.9846E-6
68	171	0	2.38314E-5	1.52521E-5	68	172	0	2.44915E-5	1.56745E-5
69	165	0	3.85023E-12	2.46415E-12	69	166	0	8.58051E-11	5.49153E-11
69	167	0	1.29008E-9	8.2565E-10	69	168	0	1.40008E-8	8.96054E-9
69	169	0	9.65058E-8	6.17637E-8	69	170	0	4.82029E-7	3.08498E-7
69	171	0	1.7501E-6	1.12007E-6	69	172	0	4.15025E-6	2.65616E-6
70	167	0	2.17013E-13	1.38888E-13	70	168	0	6.09037E-12	3.89783E-12
70	169	0	9.42056E-11	6.02916E-11	70	169	1	1.41008E-11	9.02454E-12
70	170	0	1.38008E-9	8.83253E-10	70	171	0	1.25007E-8	8.00048E-9
70	172	0	7.33044E-8	4.69148E-8	71	171	0	3.87023E-12	2.47695E-12
71	171	1	3.87023E-12	2.47695E-12	71	172	0	5.81035E-11	3.71862E-11
71	172	1	5.81035E-11	3.71862E-11	72	172	0	1.52009E-14	9.72858E-15